FPOGX,FPOGY,FPOGS,FPOGD,FPOGID,FPOGV,LPOGX,LPOGY,LPOGV,RPOGX,RPOGY,RPOGV,BPOGX,BPOGY,BPOGV,LPCX,LPCY,LPD,LPS,LPV,RPCX,RPCY,RPD,RPS,RPV,LEYEX,LEYEY,LEYEZ,LPUPILD,LPUPILV,REYEX,REYEY,REYEZ,RPUPILD,RPUPILV,BKID,BKDUR,BKPMIN
0.56997,0.32479,3242.99756,0.09155,6674,1,0.56972,0.32304,1,0.57349,0.25687,1,0.57160,0.28996,1,0.41456,0.25219,25.84843,0.87106,1,0.69601,0.27015,25.61471,0.87106,1,-0.01947,0.04445,0.60975,0.00498,1,0.04456,0.04002,0.59558,0.00482,1,0,0.00000,7
0.57005,0.32277,3242.99756,0.09814,6674,1,0.56972,0.32304,1,0.57271,0.26183,1,0.57122,0.29244,1,0.41427,0.25096,27.31488,0.87106,1,0.69579,0.26916,26.69354,0.86583,1,-0.01972,0.04568,0.61155,0.00491,1,0.18966,0.18046,2.60411,0.00477,0,0,0.00000,7
0.54623,1.04423,3243.79907,0.20117,6676,1,0.52762,1.00722,1,0.55444,1.08630,1,0.54103,1.04676,1,0.34451,0.29437,30.01007,0.76329,1,0.64579,0.31410,28.79384,0.75496,1,-0.03358,0.03585,0.56910,0.00503,1,0.03098,0.03188,0.56000,0.00475,1,0,0.00000,7
0.54661,1.04423,3243.79907,0.20703,6676,1,0.54426,1.03100,1,0.57296,1.05761,1,0.55861,1.04431,1,0.34413,0.29518,30.08265,0.75885,1,0.64577,0.31458,28.87453,0.75052,1,-0.03358,0.03585,0.56910,0.00505,1,0.03098,0.03188,0.56000,0.00475,1,0,0.00000,7
0.54711,1.04472,3243.79907,0.21387,6676,1,0.54876,1.03142,1,0.57705,1.08922,1,0.56291,1.06032,1,0.34407,0.29552,30.25935,0.75442,1,0.64577,0.31486,28.82319,0.74608,1,-0.03358,0.03585,0.56910,0.00504,1,0.03098,0.03188,0.56000,0.00472,1,0,0.00000,7
0.54758,1.04519,3243.79907,0.22070,6676,1,0.55023,1.03192,1,0.57623,1.08924,1,0.56323,1.06058,1,0.34405,0.29590,30.14846,0.74608,1,0.64584,0.31526,28.84787,0.74173,1,-0.03284,0.03469,0.55455,0.00507,1,0.03104,0.03177,0.56180,0.00472,1,0,0.00000,7
0.54796,1.04501,3243.79907,0.22778,6676,1,0.55276,1.01649,1,0.56916,1.06148,1,0.56096,1.03898,1,0.34379,0.29648,30.26954,0.73784,1,0.64578,0.31568,28.84593,0.74183,1,-0.03284,0.03469,0.55455,0.00505,1,0.03104,0.03177,0.56180,0.00474,1,0,0.00000,7
0.54849,1.04534,3243.79907,0.23413,6676,1,0.56839,1.01466,1,0.56566,1.09893,1,0.56702,1.05680,1,0.34369,0.29674,30.43869,0.73793,1,0.64574,0.31596,28.86126,0.74192,1,-0.03284,0.03469,0.55455,0.00508,1,0.03104,0.03177,0.56180,0.00473,1,0,0.00000,7
0.54901,1.04565,3243.79907,0.24097,6676,1,0.56837,1.01465,1,0.56643,1.09897,1,0.56740,1.05681,1,0.34346,0.29703,30.26093,0.73802,1,0.64573,0.31625,28.95533,0.74635,1,-0.03303,0.03463,0.55636,0.00507,1,0.03205,0.03267,0.58079,0.00475,1,0,0.00000,7
0.54935,1.04592,3243.79907,0.24780,6676,1,0.55128,1.04957,1,0.57276,1.06245,1,0.56202,1.05601,1,0.34329,0.29744,30.42423,0.74635,1,0.64573,0.31666,29.01883,0.75070,1,-0.03303,0.03463,0.55636,0.00507,1,0.03205,0.03267,0.58079,0.00473,1,0,0.00000,7
0.54973,1.04622,3243.79907,0.25464,6676,1,0.54565,1.03037,1,0.58276,1.08498,1,0.56421,1.05767,1,0.34330,0.29762,30.42214,0.75070,1,0.64582,0.31684,29.02466,0.75505,1,-0.03303,0.03463,0.55636,0.00507,1,0.03205,0.03267,0.58079,0.00474,1,0,0.00000,7
0.55007,1.04650,3243.79907,0.26123,6676,1,0.54416,1.02987,1,0.58274,1.08498,1,0.56345,1.05742,1,0.34329,0.29776,30.56659,0.75894,1,0.64592,0.31718,28.92985,0.75496,1,-0.03357,0.03498,0.56462,0.00507,1,0.03078,0.03121,0.55631,0.00476,1,0,0.00000,7
0.55037,1.04597,3243.79907,0.26758,6676,1,0.54978,1.00783,1,0.57442,1.04134,1,0.56210,1.02458,1,0.34330,0.29798,30.48250,0.75885,1,0.64612,0.31739,29.18049,0.75052,1,-0.03357,0.03498,0.56462,0.00508,1,0.03078,0.03121,0.55631,0.00476,1,0,0.00000,7
0.55055,1.04559,3243.79907,0.27441,6676,1,0.55673,1.01214,1,0.55994,1.04817,1,0.55834,1.03016,1,0.34335,0.29795,30.40121,0.75442,1,0.64626,0.31742,28.97804,0.74608,1,-0.03357,0.03498,0.56462,0.00508,1,0.03078,0.03121,0.55631,0.00476,1,0,0.00000,7
0.55074,1.04524,3243.79907,0.28125,6676,1,0.55746,1.01251,1,0.55987,1.04820,1,0.55867,1.03035,1,0.34343,0.29792,30.42521,0.74998,1,0.64645,0.31757,29.14749,0.74563,1,-0.03364,0.03514,0.56727,0.00508,1,0.03142,0.03165,0.56566,0.00475,1,0,0.00000,7
0.55115,1.04530,3243.79907,0.28760,6676,1,0.54659,1.03953,1,0.59058,1.05659,1,0.56858,1.04806,1,0.34354,0.29791,30.47918,0.74563,1,0.64672,0.31771,29.09668,0.74962,1,-0.03364,0.03514,0.56727,0.00508,1,0.03142,0.03165,0.56566,0.00477,1,0,0.00000,7
0.55125,1.04544,3243.79907,0.29443,6676,1,0.55675,1.04182,1,0.55443,1.06130,1,0.55559,1.05156,1,0.34372,0.29784,30.61157,0.74962,1,0.64687,0.31775,29.26311,0.75360,1,-0.03364,0.03514,0.56727,0.00507,1,0.03142,0.03165,0.56566,0.00475,1,0,0.00000,7
0.55134,1.04557,3243.79907,0.30127,6676,1,0.55674,1.04182,1,0.55444,1.06130,1,0.55559,1.05156,1,0.34374,0.29777,30.55017,0.74971,1,0.64715,0.31773,29.14740,0.75369,1,-0.03284,0.03444,0.55455,0.00508,1,0.03176,0.03182,0.56872,0.00475,1,0,0.00000,7
0.55152,1.04559,3243.79907,0.30811,6676,1,0.55231,1.01937,1,0.56695,1.07324,1,0.55963,1.04630,1,0.34406,0.29768,30.50352,0.74980,1,0.64753,0.31777,29.09330,0.74980,1,-0.03284,0.03444,0.55455,0.00510,1,0.03176,0.03182,0.56872,0.00478,1,0,0.00000,7
0.55176,1.04594,3243.79907,0.31470,6676,1,0.56440,1.05699,1,0.56221,1.06806,1,0.56331,1.06253,1,0.34416,0.29754,30.64567,0.74590,1,0.64778,0.31778,29.24625,0.74590,1,-0.03284,0.03444,0.55455,0.00508,1,0.03176,0.03182,0.56872,0.00476,1,0,0.00000,7
0.55216,1.04610,3243.79907,0.32104,6676,1,0.56501,1.05710,1,0.56156,1.06819,1,0.56329,1.06264,1,0.34438,0.29745,30.60185,0.74201,1,0.64807,0.31772,29.27347,0.74201,1,-0.03275,0.03460,0.55575,0.00509,1,0.03189,0.03177,0.56783,0.00478,1,0,0.00000,7
0.55247,1.04594,3243.79907,0.32812,6676,1,0.54626,1.02543,1,0.57785,1.05988,1,0.56205,1.04265,1,0.34469,0.29725,30.65271,0.74201,1,0.64849,0.31766,29.37566,0.74201,1,-0.03275,0.03460,0.55575,0.00509,1,0.03189,0.03177,0.56783,0.00478,1,0,0.00000,7
0.55297,1.04626,3243.79907,0.33472,6676,1,0.56227,1.01905,1,0.56775,1.06098,1,0.56501,1.04001,1,0.34486,0.29712,30.71423,0.74201,1,0.64871,0.31766,29.23707,0.74201,1,-0.03275,0.03460,0.55575,0.00509,1,0.03189,0.03177,0.56783,0.00478,1,0,0.00000,7
0.55349,1.04660,3243.79907,0.34155,6676,1,0.56227,1.01905,1,0.56705,1.06114,1,0.56466,1.04010,1,0.34501,0.29702,30.82052,0.74201,1,0.64902,0.31752,29.54860,0.73802,1,-0.03220,0.03423,0.54919,0.00508,1,0.03108,0.03077,0.54987,0.00479,1,0,0.00000,7
0.55345,1.04605,3243.79907,0.34790,6676,1,0.54104,1.03556,1,0.55885,1.04714,1,0.54994,1.04135,1,0.34540,0.29685,30.92449,0.73802,1,0.64943,0.31743,29.47331,0.73404,1,-0.03220,0.03423,0.54919,0.00509,1,0.03108,0.03077,0.54987,0.00480,1,0,0.00000,7
0.55383,1.04573,3243.79907,0.35425,6676,1,0.55089,1.03153,1,0.57554,1.03787,1,0.56321,1.03470,1,0.34547,0.29681,30.74018,0.73404,1,0.64961,0.31739,29.39005,0.73005,1,-0.03220,0.03423,0.54919,0.00511,1,0.03108,0.03077,0.54987,0.00478,1,0,0.00000,7
0.55420,1.04541,3243.79907,0.36108,6676,1,0.55091,1.03153,1,0.57552,1.03788,1,0.56321,1.03470,1,0.34569,0.29667,30.80799,0.73394,1,0.64987,0.31741,29.43641,0.72996,1,-0.03305,0.03536,0.56598,0.00509,1,0.03174,0.03130,0.55860,0.00477,1,0,0.00000,7
0.55429,1.04447,3243.79907,0.36792,6676,1,0.55258,1.01150,1,0.56170,1.03118,1,0.55714,1.02134,1,0.34593,0.29662,30.84088,0.73385,1,0.65028,0.31736,29.35385,0.73385,1,-0.03305,0.03536,0.56598,0.00511,1,0.03174,0.03130,0.55860,0.00480,1,0,0.00000,7
0.55438,1.04492,3243.79907,0.37476,6676,1,0.53650,1.04527,1,0.57323,1.07528,1,0.55486,1.06028,1,0.34605,0.29653,30.81860,0.73775,1,0.65038,0.31733,29.55225,0.73775,1,-0.03305,0.03536,0.56598,0.00511,1,0.03174,0.03130,0.55860,0.00479,1,0,0.00000,7
0.55448,1.04537,3243.79907,0.38086,6676,1,0.53574,1.04511,1,0.57395,1.07520,1,0.55484,1.06015,1,0.34614,0.29643,30.83222,0.74164,1,0.65059,0.31730,29.51303,0.74164,1,-0.03284,0.03527,0.56381,0.00511,1,0.03154,0.03098,0.55218,0.00480,1,0,0.00000,7
0.55467,1.04488,3243.79907,0.38818,6676,1,0.54390,1.02287,1,0.55177,1.05720,1,0.54784,1.04003,1,0.34641,0.29636,30.89381,0.74164,1,0.65089,0.31714,29.55508,0.74164,1,-0.03284,0.03527,0.56381,0.00512,1,0.03154,0.03098,0.55218,0.00480,1,0,0.00000,7
0.55518,1.04528,3243.79907,0.39526,6676,1,0.56218,1.02222,1,0.56749,1.08804,1,0.56484,1.05513,1,0.34646,0.29629,30.99509,0.74164,1,0.65107,0.31706,29.58575,0.74164,1,-0.03284,0.03527,0.56381,0.00513,1,0.03154,0.03098,0.55218,0.00482,1,0,0.00000,7
0.55569,1.04568,3243.79907,0.40112,6676,1,0.56281,1.02251,1,0.56681,1.08806,1,0.56481,1.05528,1,0.34660,0.29618,30.96204,0.73775,1,0.65121,0.31693,29.61152,0.73775,1,-0.03173,0.03420,0.54682,0.00512,1,0.03175,0.03110,0.55285,0.00480,1,0,0.00000,7
0.55579,1.04577,3243.79907,0.40845,6676,1,0.52863,1.00988,1,0.56944,1.06869,1,0.54904,1.03929,1,0.34676,0.29608,31.06734,0.73385,1,0.65157,0.31679,29.69556,0.73385,1,-0.03173,0.03420,0.54682,0.00514,1,0.03175,0.03110,0.55285,0.00485,1,0,0.00000,7
0.55572,1.04565,3243.79907,0.41528,6676,1,0.54205,1.04844,1,0.55373,1.05623,1,0.54789,1.05234,1,0.34685,0.29605,31.08438,0.72996,1,0.65169,0.31668,29.60789,0.72996,1,-0.03173,0.03420,0.54682,0.00513,1,0.03175,0.03110,0.55285,0.00483,1,0,0.00000,7
0.55566,1.04553,3243.79907,0.42188,6676,1,0.54205,1.04844,1,0.55373,1.05623,1,0.54789,1.05234,1,0.34703,0.29594,31.00185,0.72996,1,0.65182,0.31663,29.85141,0.72996,1,-0.03264,0.03523,0.56327,0.00511,1,0.03144,0.03071,0.54601,0.00483,1,0,0.00000,7
0.55579,1.04542,3243.79907,0.42847,6676,1,0.55642,1.00713,1,0.57963,1.04137,1,0.56802,1.02425,1,0.34713,0.29603,30.94393,0.73385,1,0.65212,0.31653,29.74566,0.73385,1,-0.03264,0.03523,0.56327,0.00513,1,0.03144,0.03071,0.54601,0.00482,1,0,0.00000,7
0.55624,1.04528,3243.79907,0.43530,6676,1,0.55746,1.00909,1,0.56599,1.03723,1,0.56172,1.02316,1,0.34721,0.29605,31.05694,0.73775,1,0.65219,0.31647,29.76708,0.73775,1,-0.03264,0.03523,0.56327,0.00512,1,0.03144,0.03071,0.54601,0.00483,1,0,0.00000,7
0.55671,1.04514,3243.79907,0.44214,6676,1,0.55746,1.00909,1,0.56599,1.03723,1,0.56172,1.02316,1,0.34737,0.29604,31.07640,0.73775,1,0.65240,0.31644,29.73403,0.73775,1,-0.03197,0.03465,0.55389,0.00513,1,0.03197,0.03116,0.55389,0.00482,1,0,0.00000,7
0.55716,1.04474,3243.79907,0.44897,6676,1,0.54674,1.01417,1,0.58464,1.04074,1,0.56569,1.02745,1,0.34773,0.29602,31.13923,0.73385,1,0.65294,0.31644,29.80277,0.73385,1,-0.03197,0.03465,0.55389,0.00513,1,0.03197,0.03116,0.55389,0.00483,1,0,0.00000,7
0.55858,1.04490,3243.79907,0.45459,6676,1,0.58682,0.99331,1,0.63058,1.06206,1,0.60870,1.02768,1,0.34867,0.29581,31.12204,0.72996,1,0.65383,0.31627,29.65308,0.72996,1,-0.03197,0.03465,0.55389,0.00516,1,0.03197,0.03116,0.55389,0.00484,1,0,0.00000,7
0.55999,1.04506,3243.79907,0.46191,6676,1,0.58733,0.99374,1,0.62954,1.06222,1,0.60844,1.02798,1,0.34983,0.29554,31.03642,0.72606,1,0.65533,0.31614,29.83265,0.72606,1,-0.03134,0.03453,0.55013,0.00518,1,0.03248,0.03121,0.55260,0.00484,1,0,0.00000,7
0.56365,1.04388,3243.79907,0.46875,6676,1,0.68725,0.98761,1,0.75215,0.98316,1,0.71970,0.98539,1,0.35282,0.29462,31.03916,0.72606,1,0.65829,0.31528,29.29216,0.72606,1,-0.03134,0.03453,0.55013,0.00536,1,0.03248,0.03121,0.55260,0.00491,1,0,0.00000,7
0.59802,1.02276,3243.79907,0.46875,6676,0,0.75589,0.96541,1,0.78945,0.90421,1,0.77267,0.93481,1,0.35470,0.29384,31.23262,0.72606,1,0.65995,0.31462,28.58829,0.72606,1,-0.03134,0.03453,0.55013,0.00550,1,0.03248,0.03121,0.55260,0.00485,1,0,0.00000,7
0.68535,0.97879,3243.79907,0.46875,6676,0,0.75589,0.96541,1,0.78945,0.90421,1,0.77267,0.93481,1,0.35649,0.29307,31.48062,0.72606,1,0.66208,0.31399,28.54649,0.72606,1,-0.03058,0.03496,0.55426,0.00536,1,0.03314,0.03125,0.55121,0.00488,1,0,0.00000,7
0.75164,0.95110,3243.79907,0.46875,6676,0,0.86115,0.90595,1,0.90727,0.88547,1,0.88421,0.89571,1,0.35949,0.29180,32.05680,0.72606,1,0.66453,0.31315,28.62560,0.72606,1,-0.03058,0.03496,0.55426,0.00530,1,0.03314,0.03125,0.55121,0.00484,1,0,0.00000,7
0.86190,0.88839,3243.79907,0.46875,6676,0,0.90387,0.84538,1,0.95374,0.82389,1,0.92881,0.83464,1,0.36139,0.29149,31.30969,0.72606,1,0.66586,0.31292,28.32458,0.72606,1,-0.03058,0.03496,0.55426,0.00529,1,0.03314,0.03125,0.55121,0.00483,1,0,0.00000,7
0.89471,0.86184,3243.79907,0.46875,6676,0,0.90387,0.84538,1,0.95117,0.82519,1,0.92752,0.83529,1,0.36258,0.29169,31.44547,0.72606,1,0.66742,0.31306,28.21435,0.72240,1,-0.02976,0.03473,0.55134,0.00515,1,0.03333,0.03082,0.54424,0.00483,1,0,0.00000,7
0.91778,0.85308,3243.79907,0.46875,6676,0,0.93545,0.85751,1,0.99241,0.81363,1,0.96393,0.83557,1,0.36443,0.29194,30.17276,0.72240,1,0.66872,0.31322,28.09209,0.71873,1,-0.02976,0.03473,0.55134,0.00519,1,0.03333,0.03082,0.54424,0.00483,1,0,0.00000,7
0.94950,0.83211,3243.79907,0.46875,6676,0,0.93206,0.86289,1,0.98202,0.78803,1,0.95704,0.82546,1,0.36439,0.29231,30.59060,0.71873,1,0.66889,0.31360,28.19182,0.71506,1,-0.02976,0.03473,0.55134,0.00516,1,0.03333,0.03082,0.54424,0.00483,1,0,0.00000,7
0.95333,0.82874,3243.79907,0.46875,6676,0,0.93214,0.86282,1,0.98219,0.78794,1,0.95716,0.82538,1,0.36461,0.29281,30.58475,0.71896,1,0.66920,0.31416,28.41528,0.71529,1,-0.03065,0.03562,0.57015,0.00516,1,0.03325,0.03031,0.53888,0.00484,1,0,0.00000,7
0.95766,0.83466,3243.79907,0.46875,6676,0,0.94129,0.89314,1,0.99136,0.79985,1,0.96632,0.84650,1,0.36462,0.29380,30.71226,0.71919,1,0.66956,0.31499,28.43898,0.71919,1,-0.03065,0.03562,0.57015,0.00515,1,0.03325,0.03031,0.53888,0.00482,1,0,0.00000,7
0.95978,0.83677,3244.31494,0.02002,6677,1,0.94392,0.87633,1,0.98835,0.80985,1,0.96613,0.84309,1,0.36462,0.29437,30.69305,0.72308,1,0.66975,0.31541,28.47498,0.72308,1,-0.03065,0.03562,0.57015,0.00519,1,0.03325,0.03031,0.53888,0.00483,1,0,0.00000,7
0.96105,0.83803,3244.31494,0.02588,6677,1,0.94392,0.87633,1,0.98835,0.80985,1,0.96613,0.84309,1,0.36477,0.29492,30.36583,0.72308,1,0.67002,0.31600,28.20326,0.72308,1,-0.02958,0.03406,0.55106,0.00516,1,0.03337,0.02996,0.53829,0.00487,1,0,0.00000,7
0.96181,0.83627,3244.31494,0.03345,6677,1,0.95817,0.84844,1,0.97302,0.80650,1,0.96559,0.82747,1,0.36499,0.29600,30.41180,0.71919,1,0.67054,0.31699,28.22664,0.71919,1,-0.02958,0.03406,0.55106,0.00523,1,0.03337,0.02996,0.53829,0.00482,1,0,0.00000,7
0.96270,0.83840,3244.31494,0.04028,6677,1,0.96657,0.87765,1,0.96960,0.82462,1,0.96809,0.85114,1,0.36499,0.29664,30.65758,0.71529,1,0.67074,0.31744,28.19469,0.71529,1,-0.02958,0.03406,0.55106,0.00515,1,0.03337,0.02996,0.53829,0.00483,1,0,0.00000,7
0.96310,0.84015,3244.31494,0.04639,6677,1,0.96504,0.87882,1,0.96675,0.82602,1,0.96589,0.85242,1,0.36521,0.29731,30.49139,0.71140,1,0.67096,0.31817,28.34118,0.71140,1,-0.02994,0.03419,0.55940,0.00518,1,0.03439,0.03023,0.55070,0.00482,1,0,0.00000,7
0.96182,0.84335,3244.31494,0.05273,6677,1,0.94442,0.90368,1,0.95874,0.83428,1,0.95158,0.86898,1,0.36549,0.29864,30.41036,0.71140,1,0.67145,0.31915,28.25206,0.71140,1,-0.02994,0.03419,0.55940,0.00516,1,0.03439,0.03023,0.55070,0.00481,1,0,0.00000,7
0.96287,0.84450,3244.31494,0.05933,6677,1,0.95978,0.90157,1,0.98480,0.80808,1,0.97229,0.85483,1,0.36563,0.29923,30.51065,0.71140,1,0.67179,0.31964,28.17243,0.71140,1,-0.02994,0.03419,0.55940,0.00516,1,0.03439,0.03023,0.55070,0.00481,1,0,0.00000,7
0.96373,0.84544,3244.31494,0.06689,6677,1,0.95978,0.90157,1,0.98480,0.80808,1,0.97229,0.85483,1,0.36593,0.30001,30.47448,0.71140,1,0.67223,0.32036,28.30482,0.71140,1,-0.02924,0.03313,0.54940,0.00515,1,0.03429,0.02957,0.54526,0.00480,1,0,0.00000,7
0.96308,0.84602,3244.31494,0.07300,6677,1,0.94354,0.88996,1,0.96842,0.81486,1,0.95598,0.85241,1,0.36627,0.30138,30.47983,0.71140,1,0.67277,0.32142,28.15692,0.71140,1,-0.02924,0.03313,0.54940,0.00515,1,0.03429,0.02957,0.54526,0.00481,1,0,0.00000,7
0.96256,0.84676,3244.31494,0.07983,6677,1,0.94064,0.87576,1,0.97203,0.83548,1,0.95633,0.85562,1,0.36649,0.30189,30.73510,0.71140,1,0.67301,0.32184,28.35968,0.71140,1,-0.02924,0.03313,0.54940,0.00518,1,0.03429,0.02957,0.54526,0.00481,1,0,0.00000,7
0.96221,0.84735,3244.31494,0.08691,6677,1,0.94064,0.87576,1,0.97474,0.83422,1,0.95769,0.85499,1,0.36679,0.30276,30.54892,0.71140,1,0.67355,0.32254,28.18698,0.71506,1,-0.02927,0.03295,0.55466,0.00515,1,0.03497,0.02953,0.55139,0.00484,1,0,0.00000,7
0.96297,0.84617,3244.31494,0.09351,6677,1,0.96306,0.86214,1,0.98395,0.79721,1,0.97351,0.82968,1,0.36731,0.30403,30.64874,0.71506,1,0.67416,0.32358,28.28085,0.71873,1,-0.02927,0.03295,0.55466,0.00513,1,0.03497,0.02953,0.55139,0.00480,1,0,0.00000,7
0.96274,0.84550,3244.31494,0.10034,6677,1,0.94297,0.85137,1,0.97575,0.81956,1,0.95936,0.83546,1,0.36753,0.30471,30.60554,0.71873,1,0.67451,0.32410,28.32574,0.72240,1,-0.02927,0.03295,0.55466,0.00515,1,0.03497,0.02953,0.55139,0.00482,1,0,0.00000,7
0.96247,0.84495,3244.31494,0.10693,6677,1,0.94300,0.85134,1,0.97311,0.82085,1,0.95806,0.83610,1,0.36797,0.30547,30.51454,0.71881,1,0.67492,0.32498,28.47355,0.71881,1,-0.02885,0.03220,0.55051,0.00516,1,0.03450,0.02848,0.53947,0.00482,1,0,0.00000,7
0.96255,0.84465,3244.31494,0.11377,6677,1,0.94482,0.83614,1,0.98304,0.84311,1,0.96393,0.83962,1,0.36858,0.30672,30.47869,0.71523,1,0.67567,0.32611,28.24927,0.71156,1,-0.02885,0.03220,0.55051,0.00513,1,0.03450,0.02848,0.53947,0.00480,1,0,0.00000,7
0.96227,0.84487,3244.31494,0.12036,6677,1,0.94851,0.84833,1,0.96625,0.84938,1,0.95738,0.84886,1,0.36891,0.30733,30.61363,0.70798,1,0.67604,0.32679,28.24214,0.70431,1,-0.02885,0.03220,0.55051,0.00514,1,0.03450,0.02848,0.53947,0.00479,1,0,0.00000,7
0.96193,0.84513,3244.31494,0.12622,6677,1,0.94715,0.84960,1,0.96353,0.85060,1,0.95534,0.85010,1,0.36899,0.30829,31.22333,0.70431,1,0.67659,0.32761,28.19613,0.70065,1,-0.02894,0.03221,0.55779,0.00510,1,0.03526,0.02839,0.54630,0.00482,1,0,0.00000,7
0.96221,0.84642,3244.31494,0.13379,6677,1,0.94347,0.91386,1,0.99234,0.83045,1,0.96791,0.87216,1,0.37002,0.30949,30.86062,0.70423,1,0.67746,0.32886,28.40809,0.70423,1,-0.02894,0.03221,0.55779,0.00512,1,0.03526,0.02839,0.54630,0.00484,1,0,0.00000,7
0.96256,0.84377,3244.31494,0.14062,6677,1,0.95666,0.82146,1,0.98307,0.75498,1,0.96987,0.78822,1,0.37089,0.30949,30.73790,0.70781,1,0.67834,0.32901,28.58319,0.70781,1,-0.02894,0.03221,0.55779,0.00511,1,0.03526,0.02839,0.54630,0.00485,1,0,0.00000,7
0.96291,0.84133,3244.31494,0.14722,6677,1,0.95802,0.82007,1,0.98323,0.75489,1,0.97062,0.78748,1,0.37247,0.30936,30.19068,0.71140,1,0.67947,0.32916,29.54591,0.70801,1,-0.02800,0.03166,0.55251,0.00511,1,0.03468,0.02720,0.52937,0.00482,1,0,0.00000,7
0.96708,0.83345,3244.31494,0.15381,6677,1,1.03462,0.68421,1,1.09109,0.62045,1,1.06286,0.65233,1,0.37513,0.30827,31.02102,0.70801,1,0.68158,0.32832,29.07987,0.70463,1,-0.02800,0.03166,0.55251,0.00508,1,0.03468,0.02720,0.52937,0.00495,1,0,0.00000,7
0.98317,0.79693,3244.31494,0.15381,6677,0,1.06958,0.59428,1,1.13338,0.54213,1,1.10148,0.56820,1,0.37677,0.30753,30.91419,0.70463,1,0.68316,0.32716,29.22925,0.70124,1,-0.02800,0.03166,0.55251,0.00507,1,0.03468,0.02720,0.52937,0.00487,1,0,0.00000,7
1.03395,0.68929,3244.31494,0.15381,6677,0,1.06778,0.59683,1,1.10169,0.56647,1,1.08473,0.58165,1,0.37877,0.30661,30.15125,0.70124,1,0.68362,0.32690,29.94843,0.66824,1,-0.02687,0.03154,0.54980,0.00512,1,0.02793,0.02176,0.42544,0.00500,1,0,0.00000,7
1.05390,0.62235,3244.31494,0.15381,6677,0,1.08846,0.52861,1,1.09917,0.44835,1,1.09381,0.48848,1,0.38037,0.30585,29.54860,0.66824,1,0.68552,0.32614,29.73005,0.63863,1,-0.02687,0.03154,0.54980,0.00509,1,0.02793,0.02176,0.42544,0.00482,1,0,0.00000,7
1.08017,0.52784,3244.31494,0.15381,6677,0,1.05766,0.53779,1,1.06624,0.48900,1,1.06195,0.51340,1,0.38071,0.30638,29.50325,0.63863,1,0.68670,0.32657,26.12587,0.60901,1,-0.02687,0.03154,0.54980,0.00508,1,0.02793,0.02176,0.42544,0.00506,1,0,0.00000,7
1.06416,0.53064,3244.31494,0.15381,6677,0,1.03691,0.57143,1,1.05939,0.49543,1,1.04815,0.53343,1,0.38135,0.30683,29.54795,0.60212,1,0.68622,0.32731,28.71203,0.60212,1,-0.02554,0.03013,0.53072,0.00510,1,0.02793,0.02176,0.42544,0.00516,1,0,0.00000,7
1.06240,0.53522,3244.31494,0.15381,6677,0,1.04081,0.61758,1,1.07698,0.47117,1,1.05890,0.54438,1,0.38198,0.30788,29.73130,0.59523,1,0.68770,0.32905,29.57211,0.62485,1,-0.02554,0.03013,0.53072,0.00507,1,0.02793,0.02176,0.42544,0.00486,1,0,0.00000,7
1.06341,0.52480,3244.49536,0.02026,6678,1,1.04200,0.56129,1,1.09081,0.42582,1,1.06641,0.49356,1,0.38235,0.30827,29.74784,0.61796,1,0.68898,0.32908,25.79434,0.64757,1,-0.02554,0.03013,0.53072,0.00506,1,0.02793,0.02176,0.42544,0.00504,1,0,0.00000,7
1.06830,0.51334,3244.49536,0.02734,6678,1,1.05662,0.53746,1,1.11916,0.39748,1,1.08789,0.46747,1,0.38281,0.30884,29.61669,0.64399,1,0.68848,0.32999,28.98977,0.67699,1,-0.02585,0.03058,0.54299,0.00507,1,0.02793,0.02176,0.42544,0.00509,1,0,0.00000,7
1.07298,0.50584,3244.49536,0.03467,6678,1,1.08732,0.52655,1,1.10543,0.41015,1,1.09637,0.46835,1,0.38349,0.30923,29.54243,0.68030,1,0.68918,0.33088,29.11723,0.68368,1,-0.02585,0.03058,0.54299,0.00507,1,0.02793,0.02176,0.42544,0.00500,1,0,0.00000,7
1.07459,0.49833,3244.49536,0.04053,6678,1,1.06899,0.49948,1,1.09952,0.40712,1,1.08425,0.45330,1,0.38380,0.30941,29.54908,0.68699,1,0.68978,0.33121,29.65067,0.69037,1,-0.02585,0.03058,0.54299,0.00506,1,0.02793,0.02176,0.42544,0.00486,1,0,0.00000,7
1.07641,0.49193,3244.49536,0.04712,6678,1,1.07261,0.49329,1,1.10566,0.40089,1,1.08913,0.44709,1,0.38418,0.30971,29.62215,0.69368,1,0.69022,0.33150,28.74019,0.69706,1,-0.02557,0.03052,0.54407,0.00504,1,0.02793,0.02176,0.42544,0.00506,1,0,0.00000,7
1.07816,0.48722,3244.49536,0.05396,6678,1,1.07465,0.50318,1,1.10966,0.39588,1,1.09216,0.44953,1,0.38476,0.31008,29.60132,0.69706,1,0.69085,0.33222,28.93429,0.69706,1,-0.02557,0.03052,0.54407,0.00507,1,0.02793,0.02176,0.42544,0.00509,1,0,0.00000,7
1.08167,0.48217,3244.49536,0.06055,6678,1,1.09356,0.48768,1,1.13293,0.38585,1,1.11325,0.43677,1,0.38490,0.31034,29.30406,0.69706,1,0.69127,0.33249,28.83268,0.69706,1,-0.02557,0.03052,0.54407,0.00505,1,0.02793,0.02176,0.42544,0.00490,1,0,0.00000,7
1.08454,0.47804,3244.49536,0.06714,6678,1,1.09356,0.48768,1,1.13293,0.38585,1,1.11325,0.43677,1,0.38524,0.31070,29.20733,0.69706,1,0.69158,0.33287,28.94176,0.69706,1,-0.02535,0.03028,0.54269,0.00506,1,0.02793,0.02176,0.42544,0.00488,1,0,0.00000,7
1.08569,0.47492,3244.49536,0.07397,6678,1,1.07561,0.50149,1,1.12109,0.37958,1,1.09835,0.44053,1,0.38565,0.31108,29.29889,0.69706,1,0.69203,0.33343,28.45895,0.69706,1,-0.02535,0.03028,0.54269,0.00505,1,0.02793,0.02176,0.42544,0.00499,1,0,0.00000,7
1.08684,0.47321,3244.49536,0.08057,6678,1,1.08652,0.49136,1,1.11483,0.41417,1,1.10068,0.45277,1,0.38572,0.31130,29.16846,0.69706,1,0.69229,0.33398,29.21766,0.69706,1,-0.02535,0.03028,0.54269,0.00504,1,0.02793,0.02176,0.42544,0.00489,1,0,0.00000,7
1.08783,0.47175,3244.49536,0.08740,6678,1,1.08652,0.49136,1,1.11483,0.41417,1,1.10068,0.45277,1,0.38591,0.31163,29.25167,0.69706,1,0.69232,0.33413,29.03333,0.69706,1,-0.02535,0.03028,0.54638,0.00500,1,0.02793,0.02176,0.42544,0.00486,1,0,0.00000,7
1.08734,0.47008,3244.49536,0.09424,6678,1,1.05615,0.50641,1,1.10469,0.38676,1,1.08042,0.44658,1,0.38605,0.31208,29.24291,0.69706,1,0.69258,0.33444,28.36624,0.69706,1,-0.02535,0.03028,0.54638,0.00501,1,0.02793,0.02176,0.42544,0.00492,1,0,0.00000,7
1.08727,0.46843,3244.49536,0.10059,6678,1,1.05624,0.47869,1,1.11630,0.40887,1,1.08627,0.44378,1,0.38601,0.31228,29.15279,0.69706,1,0.69263,0.33494,29.18253,0.69706,1,-0.02535,0.03028,0.54638,0.00498,1,0.02793,0.02176,0.42544,0.00483,1,0,0.00000,7
1.08721,0.46698,3244.49536,0.10718,6678,1,1.05624,0.47869,1,1.11630,0.40887,1,1.08627,0.44378,1,0.38607,0.31257,28.99353,0.69706,1,0.69261,0.33514,28.87523,0.69706,1,-0.02503,0.02978,0.53945,0.00499,1,0.02793,0.02176,0.42544,0.00501,1,0,0.00000,7
1.08678,0.46567,3244.49536,0.11426,6678,1,1.05014,0.47772,1,1.10871,0.40885,1,1.07942,0.44329,1,0.38605,0.31293,29.10766,0.69706,1,0.69272,0.33530,28.62953,0.69706,1,-0.02503,0.02978,0.53945,0.00499,1,0.02793,0.02176,0.42544,0.00491,1,0,0.00000,7
1.08604,0.46441,3244.49536,0.12158,6678,1,1.04067,0.50125,1,1.10465,0.38251,1,1.07266,0.44188,1,0.38600,0.31298,29.21989,0.69706,1,0.69265,0.33540,28.46685,0.69706,1,-0.02503,0.02978,0.53945,0.00499,1,0.02793,0.02176,0.42544,0.00493,1,0,0.00000,7
1.08479,0.46389,3244.49536,0.12915,6678,1,1.04067,0.50125,1,1.08166,0.40656,1,1.06116,0.45390,1,0.38589,0.31323,28.99106,0.69706,1,0.69245,0.33552,28.56973,0.67192,1,-0.02488,0.02947,0.53615,0.00500,1,0.03158,0.02191,0.45647,0.00496,1,0,0.00000,7
1.08337,0.46448,3244.49536,0.13452,6678,1,1.06247,0.51523,1,1.04757,0.43735,1,1.05502,0.47629,1,0.38570,0.31338,28.89600,0.67192,1,0.69274,0.33570,28.50290,0.64678,1,-0.02488,0.02947,0.53615,0.00497,1,0.03158,0.02191,0.45647,0.00473,1,0,0.00000,7
1.08078,0.46629,3244.49536,0.14087,6678,1,1.03622,0.54198,1,1.01624,0.46663,1,1.02623,0.50430,1,0.38556,0.31356,29.14882,0.64678,1,0.69265,0.33566,28.32566,0.62164,1,-0.02488,0.02947,0.53615,0.00495,1,0.03158,0.02191,0.45647,0.00474,1,0,0.00000,7
1.07812,0.46843,3244.49536,0.14697,6678,1,1.02292,0.56459,1,1.01624,0.46663,1,1.01958,0.51561,1,0.38536,0.31363,29.04095,0.62164,1,0.69255,0.33566,28.27655,0.62164,1,-0.02518,0.02969,0.54083,0.00494,1,0.03158,0.02191,0.45647,0.00476,1,0,0.00000,7
1.07596,0.47027,3244.49536,0.15405,6678,1,1.00822,0.57644,1,1.04462,0.44863,1,1.02642,0.51253,1,0.38515,0.31381,28.75873,0.62164,1,0.69194,0.33561,28.05411,0.64678,1,-0.02518,0.02969,0.54083,0.00494,1,0.03158,0.02191,0.45647,0.00486,1,0,0.00000,7
1.07509,0.47035,3244.49536,0.16016,6678,1,1.02676,0.52290,1,1.08181,0.42159,1,1.05428,0.47224,1,0.38501,0.31384,28.97261,0.64678,1,0.69192,0.33558,27.93671,0.67192,1,-0.02518,0.02969,0.54083,0.00495,1,0.03158,0.02191,0.45647,0.00488,1,0,0.00000,7
1.07457,0.46994,3244.49536,0.16821,6678,1,1.03965,0.49939,1,1.08350,0.41985,1,1.06158,0.45962,1,0.38478,0.31394,28.89117,0.67192,1,0.69175,0.33563,28.14536,0.67377,1,-0.02529,0.02968,0.54143,0.00494,1,0.03217,0.02239,0.46649,0.00487,1,0,0.00000,7
1.07334,0.46977,3244.49536,0.17432,6678,1,1.03988,0.49857,1,1.04262,0.43241,1,1.04125,0.46549,1,0.38463,0.31387,28.78301,0.67377,1,0.69181,0.33543,27.94349,0.65048,1,-0.02529,0.02968,0.54143,0.00500,1,0.03217,0.02239,0.46649,0.00471,1,0,0.00000,7
1.07135,0.47031,3244.49536,0.18042,6678,1,1.01672,0.51596,1,1.01829,0.45340,1,1.01751,0.48468,1,0.38441,0.31386,28.90392,0.65048,1,0.69169,0.33537,27.98854,0.62718,1,-0.02529,0.02968,0.54143,0.00493,1,0.03217,0.02239,0.46649,0.00471,1,0,0.00000,7
1.04311,0.47798,3244.49536,0.18042,6678,0,1.00516,0.53770,1,0.99931,0.47400,1,1.00224,0.50585,1,0.38425,0.31384,28.91219,0.62718,1,0.69155,0.33549,28.30986,0.60585,1,-0.02534,0.02965,0.54082,0.00494,1,0.03258,0.02270,0.47298,0.00471,1,0,0.00000,7
1.01783,0.50155,3244.49536,0.18042,6678,0,0.98263,0.58865,1,1.00245,0.46159,1,0.99254,0.52512,1,0.38412,0.31378,28.92339,0.60585,1,0.69132,0.33550,28.19627,0.60781,1,-0.02534,0.02965,0.54082,0.00493,1,0.03258,0.02270,0.47298,0.00471,1,0,0.00000,7
1.01211,0.50825,3244.49536,0.18042,6678,0,0.99840,0.58582,1,1.00294,0.45750,1,1.00067,0.52166,1,0.38401,0.31376,28.86885,0.60781,1,0.69106,0.33567,28.45567,0.60977,1,-0.02534,0.02965,0.54082,0.00491,1,0.03258,0.02270,0.47298,0.00480,1,0,0.00000,7
1.01196,0.50852,3244.68237,0.02319,6679,1,0.99939,0.58410,1,1.02363,0.43458,1,1.01151,0.50934,1,0.38382,0.31374,28.69123,0.60977,1,0.69097,0.33547,28.17295,0.63306,1,-0.02557,0.02987,0.54407,0.00496,1,0.03258,0.02270,0.47298,0.00476,1,0,0.00000,7
1.01476,0.50319,3244.68237,0.02759,6679,1,1.01706,0.56514,1,1.03489,0.39858,1,1.02597,0.48186,1,0.38374,0.31370,28.79222,0.63306,1,0.69089,0.33544,28.11781,0.65440,1,-0.02557,0.02987,0.54407,0.00493,1,0.03258,0.02270,0.47298,0.00486,1,0,0.00000,7
1.01900,0.49570,3244.68237,0.03418,6679,1,1.02821,0.53557,1,1.05222,0.38087,1,1.04022,0.45822,1,0.38373,0.31369,28.79094,0.65440,1,0.69104,0.33530,27.82807,0.67573,1,-0.02557,0.02987,0.54407,0.00493,1,0.03258,0.02270,0.47298,0.00484,1,0,0.00000,7
1.02413,0.48746,3244.68237,0.04077,6679,1,1.03908,0.51630,1,1.07071,0.35976,1,1.05489,0.43803,1,0.38374,0.31364,28.88391,0.67573,1,0.69093,0.33527,27.80533,0.69706,1,-0.02557,0.02987,0.54407,0.00492,1,0.03258,0.02270,0.47298,0.00480,1,0,0.00000,7
1.02706,0.47938,3244.68237,0.05029,6679,1,1.02639,0.49127,1,1.06877,0.35433,1,1.04758,0.42280,1,0.38371,0.31349,29.05085,0.69706,1,0.69102,0.33530,27.63862,0.69706,1,-0.02557,0.02987,0.54407,0.00490,1,0.03258,0.02270,0.47298,0.00474,1,0,0.00000,7
1.02794,0.47267,3244.68237,0.05444,6679,1,1.00095,0.48172,1,1.06900,0.35630,1,1.03498,0.41901,1,0.38371,0.31353,29.01075,0.69706,1,0.69104,0.33529,27.60385,0.69706,1,-0.02557,0.02987,0.54407,0.00490,1,0.03258,0.02270,0.47298,0.00476,1,0,0.00000,7
1.02864,0.46730,3244.68237,0.06519,6679,1,1.00095,0.48172,1,1.06900,0.35630,1,1.03498,0.41901,1,0.38377,0.31348,28.89046,0.69706,1,0.69093,0.33528,27.65579,0.69706,1,-0.02557,0.02987,0.54407,0.00489,1,0.03258,0.02270,0.47298,0.00482,1,0,0.00000,7
1.02889,0.46332,3244.68237,0.06812,6679,1,1.01069,0.48362,1,1.05197,0.36340,1,1.03133,0.42351,1,0.38379,0.31351,28.89884,0.69706,1,0.69102,0.33532,27.75916,0.69706,1,-0.02557,0.02987,0.54407,0.00491,1,0.03258,0.02270,0.47298,0.00483,1,0,0.00000,7
1.02939,0.46026,3244.68237,0.07446,6679,1,1.01744,0.48845,1,1.05237,0.36468,1,1.03491,0.42657,1,0.38381,0.31350,28.78065,0.69706,1,0.69120,0.33534,27.62564,0.69706,1,-0.02557,0.02987,0.54407,0.00491,1,0.03258,0.02270,0.47298,0.00476,1,0,0.00000,7
1.02952,0.45796,3244.68237,0.08154,6679,1,1.01910,0.48516,1,1.04305,0.37559,1,1.03107,0.43038,1,0.38393,0.31340,28.55067,0.70065,1,0.69117,0.33534,27.82041,0.68598,1,-0.02616,0.03074,0.55924,0.00491,1,0.03418,0.02376,0.49348,0.00468,1,0,0.00000,7
1.02902,0.45682,3244.68237,0.08789,6679,1,1.02533,0.48999,1,1.01961,0.39399,1,1.02247,0.44199,1,0.38415,0.31343,28.59938,0.68956,1,0.69118,0.33530,27.86568,0.67490,1,-0.02616,0.03074,0.55924,0.00492,1,0.03418,0.02376,0.49348,0.00469,1,0,0.00000,7
1.02785,0.45784,3244.68237,0.09473,6679,1,1.00799,0.53656,1,1.01507,0.40757,1,1.01153,0.47207,1,0.38419,0.31344,28.56386,0.67848,1,0.69154,0.33526,27.30787,0.66381,1,-0.02616,0.03074,0.55924,0.00491,1,0.03418,0.02376,0.49348,0.00463,1,0,0.00000,7
1.02630,0.45949,3244.68237,0.10083,6679,1,1.00119,0.54919,1,1.00496,0.41942,1,1.00308,0.48431,1,0.38432,0.31345,28.38597,0.66381,1,0.69155,0.33548,27.65525,0.65168,1,-0.02543,0.02993,0.54443,0.00489,1,0.03507,0.02426,0.50472,0.00466,1,0,0.00000,7
1.02448,0.46053,3244.68237,0.10742,6679,1,0.98800,0.51727,1,1.00269,0.43704,1,0.99534,0.47716,1,0.38460,0.31338,28.57005,0.64809,1,0.69177,0.33558,28.01145,0.65062,1,-0.02543,0.02993,0.54443,0.00489,1,0.03507,0.02426,0.50472,0.00464,1,0,0.00000,7
1.02341,0.46198,3244.68237,0.11426,6679,1,0.99744,0.52427,1,1.01291,0.44911,1,1.00518,0.48669,1,0.38469,0.31343,28.39787,0.64704,1,0.69175,0.33568,27.68641,0.64957,1,-0.02543,0.02993,0.54443,0.00488,1,0.03507,0.02426,0.50472,0.00474,1,0,0.00000,7
1.02241,0.46334,3244.68237,0.12061,6679,1,0.99694,0.52524,1,1.01202,0.45010,1,1.00448,0.48767,1,0.38492,0.31347,28.53825,0.64598,1,0.69174,0.33569,26.95759,0.64851,1,-0.02521,0.02983,0.54328,0.00491,1,0.03499,0.02411,0.50143,0.00486,1,0,0.00000,7
1.02052,0.46482,3244.68237,0.12720,6679,1,0.98212,0.53016,1,0.98693,0.45606,1,0.98453,0.49311,1,0.38519,0.31349,28.65240,0.64851,1,0.69227,0.33598,27.74901,0.64851,1,-0.02521,0.02983,0.54328,0.00485,1,0.03499,0.02411,0.50143,0.00461,1,0,0.00000,7
1.01909,0.46620,3244.68237,0.13403,6679,1,0.98989,0.52794,1,0.99112,0.45965,1,0.99050,0.49379,1,0.38528,0.31350,28.46487,0.64851,1,0.69227,0.33606,28.05205,0.64851,1,-0.02521,0.02983,0.54328,0.00488,1,0.03499,0.02411,0.50143,0.00459,1,0,0.00000,7
1.01789,0.46734,3244.68237,0.14111,6679,1,0.98989,0.52794,1,0.99572,0.45445,1,0.99280,0.49120,1,0.38527,0.31340,28.32656,0.64851,1,0.69230,0.33593,27.80605,0.65413,1,-0.02514,0.02998,0.54532,0.00487,1,0.03643,0.02499,0.51976,0.00462,1,0,0.00000,7
1.01529,0.46813,3244.68237,0.14746,6679,1,0.93387,0.53539,1,0.98191,0.43549,1,0.95789,0.48544,1,0.38517,0.31321,28.52949,0.65413,1,0.69206,0.33576,27.19441,0.65975,1,-0.02514,0.02998,0.54532,0.00486,1,0.03643,0.02499,0.51976,0.00463,1,0,0.00000,7
1.01323,0.46883,3244.68237,0.15405,6679,1,0.95557,0.53354,1,0.97632,0.43658,1,0.96595,0.48506,1,0.38540,0.31321,28.29202,0.65975,1,0.69238,0.33589,27.32345,0.66537,1,-0.02514,0.02998,0.54532,0.00486,1,0.03643,0.02499,0.51976,0.00459,1,0,0.00000,7
1.01147,0.46928,3244.68237,0.16162,6679,1,0.95782,0.52859,1,0.98068,0.43133,1,0.96925,0.47996,1,0.38570,0.31315,28.23191,0.66537,1,0.69227,0.33612,28.33265,0.67099,1,-0.02485,0.02987,0.54252,0.00484,1,0.03684,0.02516,0.52343,0.00455,1,0,0.00000,7
0.98787,0.48308,3244.68237,0.16162,6679,0,0.96974,0.51026,1,0.97817,0.41084,1,0.97395,0.46055,1,0.38628,0.31310,28.24945,0.67099,1,0.69308,0.33589,26.99189,0.67099,1,-0.02485,0.02987,0.54252,0.00487,1,0.03684,0.02516,0.52343,0.00457,1,0,0.00000,7
0.97191,0.46949,3244.68237,0.16162,6679,0,0.95108,0.49308,1,0.96080,0.41871,1,0.95594,0.45589,1,0.38655,0.31296,28.37629,0.67099,1,0.69338,0.33589,27.16675,0.67099,1,-0.02485,0.02987,0.54252,0.00483,1,0.03684,0.02516,0.52343,0.00454,1,0,0.00000,7
0.96698,0.46446,3244.68237,0.16162,6679,0,0.95108,0.49308,1,0.96314,0.41572,1,0.95711,0.45440,1,0.38708,0.31273,28.32294,0.67099,1,0.69351,0.33638,27.91889,0.67412,1,-0.02435,0.02969,0.53863,0.00483,1,0.03790,0.02557,0.53446,0.00461,1,0,0.00000,7
0.96653,0.45857,3244.85059,0.02002,6680,1,0.96452,0.49520,1,0.96590,0.38660,1,0.96521,0.44090,1,0.38780,0.31254,28.17825,0.67412,1,0.69415,0.33591,26.78744,0.67726,1,-0.02435,0.02969,0.53863,0.00483,1,0.03790,0.02557,0.53446,0.00466,1,0,0.00000,7
0.96666,0.45782,3244.85059,0.02686,6680,1,0.95900,0.52000,1,0.97530,0.38961,1,0.96715,0.45481,1,0.38815,0.31240,28.16696,0.67726,1,0.69472,0.33607,26.70508,0.68039,1,-0.02435,0.02969,0.53863,0.00485,1,0.03790,0.02557,0.53446,0.00456,1,0,0.00000,7
0.96704,0.45683,3244.85059,0.03296,6680,1,0.96024,0.51725,1,0.97766,0.38654,1,0.96895,0.45190,1,0.38873,0.31221,28.17444,0.68039,1,0.69488,0.33663,27.68736,0.68353,1,-0.02400,0.02989,0.53998,0.00484,1,0.03794,0.02535,0.53057,0.00461,1,0,0.00000,7
0.96458,0.45345,3244.85059,0.03979,6680,1,0.92835,0.46463,1,0.97123,0.40177,1,0.94979,0.43320,1,0.38937,0.31185,28.35751,0.68353,1,0.69565,0.33652,26.90389,0.68353,1,-0.02400,0.02989,0.53998,0.00482,1,0.03794,0.02535,0.53057,0.00468,1,0,0.00000,7
0.96534,0.45272,3244.85059,0.04663,6680,1,0.96802,0.48696,1,0.97343,0.40823,1,0.97073,0.44760,1,0.38983,0.31170,28.34751,0.68353,1,0.69611,0.33666,26.97008,0.68353,1,-0.02400,0.02989,0.53998,0.00482,1,0.03794,0.02535,0.53057,0.00458,1,0,0.00000,7
0.96617,0.45178,3244.85059,0.05444,6680,1,0.96946,0.48365,1,0.97612,0.40483,1,0.97279,0.44424,1,0.39048,0.31130,28.01809,0.68711,1,0.69625,0.33702,27.64458,0.68711,1,-0.02427,0.03081,0.55431,0.00483,1,0.03849,0.02550,0.53376,0.00465,1,0,0.00000,7
0.96508,0.44981,3244.85059,0.06006,6680,1,0.94417,0.47017,1,0.96636,0.39393,1,0.95527,0.43205,1,0.39115,0.31105,28.28341,0.69069,1,0.69714,0.33710,27.56759,0.69069,1,-0.02427,0.03081,0.55431,0.00484,1,0.03849,0.02550,0.53376,0.00450,1,0,0.00000,7
0.96324,0.44848,3244.85059,0.06714,6680,1,0.93409,0.47924,1,0.95553,0.39108,1,0.94481,0.43516,1,0.39160,0.31083,27.98158,0.69428,1,0.69774,0.33675,26.36168,0.69428,1,-0.02427,0.03081,0.55431,0.00482,1,0.03849,0.02550,0.53376,0.00460,1,0,0.00000,7
0.96170,0.44737,3244.85059,0.07373,6680,1,0.93409,0.47924,1,0.95553,0.39108,1,0.94481,0.43516,1,0.39220,0.31041,27.99105,0.69428,1,0.69759,0.33727,27.54250,0.69428,1,-0.02323,0.03011,0.53891,0.00486,1,0.03861,0.02525,0.53102,0.00469,1,0,0.00000,7
0.96145,0.44651,3244.85059,0.08105,6680,1,0.95368,0.49260,1,0.96322,0.37977,1,0.95845,0.43618,1,0.39288,0.31019,28.02226,0.69069,1,0.69865,0.33724,27.00528,0.69069,1,-0.02323,0.03011,0.53891,0.00478,1,0.03861,0.02525,0.53102,0.00453,1,0,0.00000,7
0.96049,0.44514,3244.85059,0.08765,6680,1,0.93770,0.45386,1,0.95822,0.40080,1,0.94796,0.42733,1,0.39318,0.30997,28.07446,0.68711,1,0.69908,0.33709,26.44333,0.68711,1,-0.02323,0.03011,0.53891,0.00481,1,0.03861,0.02525,0.53102,0.00454,1,0,0.00000,7
0.95965,0.44395,3244.85059,0.09399,6680,1,0.93770,0.45386,1,0.95822,0.40080,1,0.94796,0.42733,1,0.39390,0.30960,27.85946,0.68711,1,0.69922,0.33784,27.75831,0.68711,1,-0.02350,0.03107,0.55388,0.00479,1,0.03927,0.02543,0.53560,0.00449,1,0,0.00000,7
0.95875,0.44480,3244.85059,0.10059,6680,1,0.94884,0.49979,1,0.94141,0.41530,1,0.94513,0.45754,1,0.39448,0.30928,27.89546,0.69069,1,0.69982,0.33792,27.30255,0.69069,1,-0.02350,0.03107,0.55388,0.00479,1,0.03927,0.02543,0.53560,0.00448,1,0,0.00000,7
0.95733,0.44247,3244.85059,0.10718,6680,1,0.92816,0.46403,1,0.94133,0.34636,1,0.93475,0.40519,1,0.39469,0.30910,27.95144,0.69428,1,0.70029,0.33758,26.30298,0.69428,1,-0.02350,0.03107,0.55388,0.00480,1,0.03927,0.02543,0.53560,0.00449,1,0,0.00000,7
0.95614,0.44030,3244.85059,0.11401,6680,1,0.92816,0.46403,1,0.94367,0.34290,1,0.93591,0.40346,1,0.39521,0.30893,27.83677,0.69428,1,0.70035,0.33817,27.56622,0.69766,1,-0.02276,0.03059,0.54307,0.00477,1,0.04053,0.02597,0.54881,0.00447,1,0,0.00000,7
0.95542,0.43866,3244.85059,0.12061,6680,1,0.93186,0.46733,1,0.95277,0.35086,1,0.94232,0.40909,1,0.39563,0.30865,27.92250,0.69408,1,0.70086,0.33830,27.13189,0.69746,1,-0.02276,0.03059,0.54307,0.00478,1,0.04053,0.02597,0.54881,0.00445,1,0,0.00000,7
0.95447,0.43817,3244.85059,0.12744,6680,1,0.92545,0.49532,1,0.94772,0.36224,1,0.93658,0.42878,1,0.39584,0.30855,27.78902,0.69388,1,0.70090,0.33843,27.32625,0.69726,1,-0.02276,0.03059,0.54307,0.00477,1,0.04053,0.02597,0.54881,0.00448,1,0,0.00000,7
0.95368,0.43764,3244.85059,0.13403,6680,1,0.92538,0.49550,1,0.95013,0.35879,1,0.93776,0.42714,1,0.39625,0.30834,27.74998,0.69368,1,0.70109,0.33839,27.16215,0.70073,1,-0.02219,0.03024,0.53538,0.00476,1,0.04205,0.02682,0.56766,0.00449,1,0,0.00000,7
0.95266,0.43668,3244.85059,0.14062,6680,1,0.92469,0.45896,1,0.93808,0.37382,1,0.93139,0.41639,1,0.39652,0.30809,27.61121,0.70073,1,0.70133,0.33853,27.34522,0.70440,1,-0.02219,0.03024,0.53538,0.00479,1,0.04205,0.02682,0.56766,0.00445,1,0,0.00000,7
0.95211,0.43545,3244.85059,0.14746,6680,1,0.93622,0.44784,1,0.94356,0.36932,1,0.93989,0.40858,1,0.39654,0.30808,27.89672,0.70440,1,0.70152,0.33845,26.66640,0.70806,1,-0.02219,0.03024,0.53538,0.00477,1,0.04205,0.02682,0.56766,0.00446,1,0,0.00000,7
0.95163,0.43426,3244.85059,0.15405,6680,1,0.93749,0.44436,1,0.94356,0.36932,1,0.94052,0.40684,1,0.39669,0.30788,27.86097,0.70806,1,0.70152,0.33845,26.66640,0.70806,1,-0.02232,0.03056,0.54034,0.00477,1,0.04009,0.02555,0.54069,0.00446,1,0,0.00000,7
0.95079,0.43317,3244.85059,0.16113,6680,1,0.91902,0.42554,1,0.94230,0.38830,1,0.93066,0.40692,1,0.39670,0.30779,27.82909,0.70806,1,0.70128,0.33871,27.23749,0.70440,1,-0.02232,0.03056,0.54034,0.00478,1,0.04009,0.02555,0.54069,0.00444,1,0,0.00000,7
0.94952,0.43302,3244.85059,0.16699,6680,1,0.90680,0.46456,1,0.92870,0.39394,1,0.91775,0.42925,1,0.39668,0.30766,27.49339,0.70440,1,0.70116,0.33883,27.22894,0.70073,1,-0.02232,0.03056,0.54034,0.00478,1,0.04009,0.02555,0.54069,0.00442,1,0,0.00000,7
0.94832,0.43294,3244.85059,0.17334,6680,1,0.90567,0.46793,1,0.92870,0.39394,1,0.91719,0.43093,1,0.39660,0.30762,27.70649,0.70073,1,0.70097,0.33878,27.01784,0.70073,1,-0.02229,0.03056,0.53964,0.00475,1,0.04205,0.02678,0.56766,0.00449,1,0,0.00000,7
0.94710,0.43305,3244.85059,0.18042,6680,1,0.90829,0.46318,1,0.91987,0.40895,1,0.91408,0.43606,1,0.39633,0.30759,27.65891,0.70073,1,0.70074,0.33907,27.12205,0.70440,1,-0.02229,0.03056,0.53964,0.00478,1,0.04205,0.02678,0.56766,0.00446,1,0,0.00000,7
0.94629,0.43287,3244.85059,0.18677,6680,1,0.91637,0.45308,1,0.93082,0.40278,1,0.92359,0.42793,1,0.39614,0.30749,27.39212,0.70440,1,0.70053,0.33897,27.44682,0.70806,1,-0.02229,0.03056,0.53964,0.00475,1,0.04205,0.02678,0.56766,0.00445,1,0,0.00000,7
0.94555,0.43265,3244.85059,0.19434,6680,1,0.91754,0.44965,1,0.93082,0.40278,1,0.92418,0.42621,1,0.39582,0.30750,27.59638,0.70806,1,0.69994,0.33896,26.48271,0.70806,1,-0.02267,0.03090,0.54497,0.00474,1,0.03981,0.02549,0.54028,0.00455,1,0,0.00000,7
0.94434,0.43199,3244.85059,0.20020,6680,1,0.89376,0.44803,1,0.92234,0.37612,1,0.90805,0.41208,1,0.39531,0.30749,27.32221,0.70806,1,0.69960,0.33890,26.95843,0.70440,1,-0.02267,0.03090,0.54497,0.00473,1,0.03981,0.02549,0.54028,0.00441,1,0,0.00000,7
0.94335,0.43157,3244.85059,0.20801,6680,1,0.91018,0.45473,1,0.91488,0.38245,1,0.91253,0.41859,1,0.39503,0.30750,27.45354,0.70440,1,0.69911,0.33914,26.84344,0.70073,1,-0.02267,0.03090,0.54497,0.00473,1,0.03981,0.02549,0.54028,0.00457,1,0,0.00000,7
0.94236,0.43128,3244.85059,0.21387,6680,1,0.90903,0.45815,1,0.91250,0.38600,1,0.91077,0.42208,1,0.39446,0.30754,27.61069,0.70073,1,0.69885,0.33898,26.58854,0.69706,1,-0.02302,0.03092,0.54539,0.00473,1,0.03949,0.02535,0.53917,0.00439,1,0,0.00000,7
0.94120,0.43012,3244.85059,0.22070,6680,1,0.88890,0.44722,1,0.91736,0.33643,1,0.90313,0.39183,1,0.39380,0.30755,27.53129,0.69706,1,0.69818,0.33908,26.55503,0.69706,1,-0.02302,0.03092,0.54539,0.00471,1,0.03949,0.02535,0.53917,0.00443,1,0,0.00000,7
0.91691,0.41773,3244.85059,0.22070,6680,0,0.90093,0.46386,1,0.89990,0.34418,1,0.90042,0.40402,1,0.39344,0.30753,27.46255,0.69706,1,0.69769,0.33921,27.17735,0.69706,1,-0.02302,0.03092,0.54539,0.00473,1,0.03949,0.02535,0.53917,0.00442,1,0,0.00000,7
0.90924,0.40993,3244.85059,0.22070,6680,0,0.90093,0.46386,1,0.90222,0.34042,1,0.90157,0.40214,1,0.39276,0.30753,27.61533,0.69706,1,0.69716,0.33914,26.51738,0.70073,1,-0.02327,0.03083,0.54365,0.00475,1,0.03980,0.02579,0.54842,0.00440,1,0,0.00000,7
0.90438,0.42003,3244.85059,0.22070,6680,0,0.89231,0.46550,1,0.89699,0.41492,1,0.89465,0.44021,1,0.39194,0.30759,27.54477,0.70073,1,0.69614,0.33910,26.72625,0.70440,1,-0.02327,0.03083,0.54365,0.00476,1,0.03980,0.02579,0.54842,0.00450,1,0,0.00000,7
0.90130,0.42184,3245.07837,0.02051,6681,1,0.87678,0.45623,1,0.90735,0.39833,1,0.89207,0.42728,1,0.39148,0.30763,27.42305,0.70440,1,0.69567,0.33902,26.61030,0.70806,1,-0.02327,0.03083,0.54365,0.00474,1,0.03980,0.02579,0.54842,0.00443,1,0,0.00000,7
0.90010,0.42158,3245.07837,0.02686,6681,1,0.87871,0.44953,1,0.91195,0.39155,1,0.89533,0.42054,1,0.39067,0.30765,27.61340,0.71165,1,0.69510,0.33889,26.68852,0.71531,1,-0.02430,0.03158,0.55705,0.00473,1,0.03917,0.02573,0.54548,0.00439,1,0,0.00000,7
0.89841,0.41699,3245.07837,0.03369,6681,1,0.88336,0.41257,1,0.89655,0.37551,1,0.88995,0.39404,1,0.38974,0.30764,27.51093,0.71890,1,0.69426,0.33862,26.28982,0.71890,1,-0.02430,0.03158,0.55705,0.00473,1,0.03917,0.02573,0.54548,0.00440,1,0,0.00000,7
0.89738,0.41129,3245.07837,0.04028,6681,1,0.87981,0.40824,1,0.90257,0.34597,1,0.89119,0.37710,1,0.38936,0.30765,27.19259,0.72248,1,0.69364,0.33852,26.73140,0.72248,1,-0.02430,0.03158,0.55705,0.00471,1,0.03917,0.02573,0.54548,0.00439,1,0,0.00000,7
0.89680,0.40658,3245.07837,0.04712,6681,1,0.88075,0.40476,1,0.90476,0.34243,1,0.89275,0.37360,1,0.38844,0.30775,27.65622,0.72606,1,0.69299,0.33833,26.18151,0.72606,1,-0.02512,0.03205,0.56606,0.00470,1,0.03940,0.02620,0.55443,0.00439,1,0,0.00000,7
0.89638,0.40392,3245.07837,0.05371,6681,1,0.88317,0.40973,1,0.90286,0.35559,1,0.89302,0.38266,1,0.38745,0.30781,27.24240,0.72606,1,0.69185,0.33806,26.56842,0.72606,1,-0.02512,0.03205,0.56606,0.00474,1,0.03940,0.02620,0.55443,0.00436,1,0,0.00000,7
0.89648,0.40294,3245.07837,0.06030,6681,1,0.88808,0.40972,1,0.90668,0.37847,1,0.89738,0.39409,1,0.38701,0.30775,27.20813,0.72606,1,0.69141,0.33803,26.33952,0.72606,1,-0.02512,0.03205,0.56606,0.00471,1,0.03940,0.02620,0.55443,0.00438,1,0,0.00000,7
0.89656,0.40213,3245.07837,0.06738,6681,1,0.88808,0.40972,1,0.90668,0.37847,1,0.89738,0.39409,1,0.38604,0.30777,27.54368,0.72606,1,0.69060,0.33770,26.42491,0.72606,1,-0.02509,0.03133,0.55411,0.00469,1,0.03910,0.02649,0.55715,0.00436,1,0,0.00000,7
0.89701,0.39955,3245.07837,0.07373,6681,1,0.88966,0.41180,1,0.91427,0.33054,1,0.90196,0.37117,1,0.38518,0.30768,26.85589,0.72606,1,0.68964,0.33736,26.50473,0.72606,1,-0.02509,0.03133,0.55411,0.00471,1,0.03910,0.02649,0.55715,0.00438,1,0,0.00000,7
0.89642,0.39966,3245.07837,0.08057,6681,1,0.88512,0.41245,1,0.89356,0.38939,1,0.88934,0.40092,1,0.38472,0.30773,26.73342,0.72606,1,0.68898,0.33726,26.43822,0.72606,1,-0.02509,0.03133,0.55411,0.00470,1,0.03910,0.02649,0.55715,0.00445,1,0,0.00000,7
0.89573,0.40011,3245.07837,0.08618,6681,1,0.88416,0.41589,1,0.88921,0.39611,1,0.88668,0.40600,1,0.38376,0.30791,27.44849,0.72248,1,0.68841,0.33691,26.37319,0.71881,1,-0.02492,0.03056,0.54043,0.00464,1,0.03714,0.02559,0.53563,0.00439,1,0,0.00000,7
0.89367,0.39955,3245.07837,0.09351,6681,1,0.84239,0.42087,1,0.88724,0.36244,1,0.86482,0.39166,1,0.38298,0.30780,26.84246,0.71523,1,0.68750,0.33646,25.93809,0.71156,1,-0.02492,0.03056,0.54043,0.00471,1,0.03714,0.02559,0.53563,0.00439,1,0,0.00000,7
0.89127,0.39874,3245.07837,0.10010,6681,1,0.84736,0.43401,1,0.86313,0.33907,1,0.85524,0.38654,1,0.38247,0.30778,27.09047,0.70798,1,0.68702,0.33640,26.36619,0.70431,1,-0.02492,0.03056,0.54043,0.00470,1,0.03714,0.02559,0.53563,0.00434,1,0,0.00000,7
0.88912,0.39812,3245.07837,0.10718,6681,1,0.84653,0.43747,1,0.86313,0.33907,1,0.85483,0.38827,1,0.38171,0.30777,27.11532,0.70431,1,0.68641,0.33599,26.14909,0.70431,1,-0.02603,0.03146,0.55634,0.00469,1,0.03752,0.02627,0.54634,0.00437,1,0,0.00000,7
0.88806,0.39836,3245.07837,0.11304,6681,1,0.86699,0.43783,1,0.87303,0.36700,1,0.87001,0.40241,1,0.38091,0.30782,27.24944,0.70790,1,0.68555,0.33565,26.48052,0.71156,1,-0.02603,0.03146,0.55634,0.00469,1,0.03752,0.02627,0.54634,0.00435,1,0,0.00000,7
0.88706,0.39735,3245.07837,0.11987,6681,1,0.85424,0.41230,1,0.88399,0.34629,1,0.86912,0.37930,1,0.38052,0.30781,27.08794,0.71515,1,0.68514,0.33546,26.14817,0.71881,1,-0.02603,0.03146,0.55634,0.00472,1,0.03752,0.02627,0.54634,0.00439,1,0,0.00000,7
0.88631,0.39610,3245.07837,0.12695,6681,1,0.85592,0.40528,1,0.88827,0.33909,1,0.87209,0.37219,1,0.38000,0.30778,27.30709,0.72240,1,0.68467,0.33522,25.97771,0.72606,1,-0.02636,0.03146,0.55631,0.00467,1,0.03777,0.02680,0.55481,0.00437,1,0,0.00000,7
0.88539,0.39629,3245.07837,0.13379,6681,1,0.86782,0.41484,1,0.86602,0.38548,1,0.86692,0.40016,1,0.37930,0.30779,27.12641,0.72606,1,0.68389,0.33496,26.12577,0.72606,1,-0.02636,0.03146,0.55631,0.00469,1,0.03777,0.02680,0.55481,0.00436,1,0,0.00000,7
0.88382,0.39593,3245.07837,0.14038,6681,1,0.83949,0.41721,1,0.86212,0.35932,1,0.85081,0.38826,1,0.37897,0.30777,27.02102,0.72606,1,0.68356,0.33478,26.12238,0.72606,1,-0.02636,0.03146,0.55631,0.00468,1,0.03777,0.02680,0.55481,0.00433,1,0,0.00000,7
0.88238,0.39559,3245.07837,0.14722,6681,1,0.83949,0.41721,1,0.86212,0.35932,1,0.85081,0.38826,1,0.37841,0.30779,26.95277,0.72606,1,0.68295,0.33448,26.21168,0.72606,1,-0.02642,0.03114,0.55065,0.00468,1,0.03739,0.02685,0.55415,0.00435,1,0,0.00000,7
0.88080,0.39580,3245.07837,0.15479,6681,1,0.82782,0.41218,1,0.86110,0.38909,1,0.84446,0.40063,1,0.37784,0.30770,26.88033,0.72606,1,0.68247,0.33407,26.18384,0.72606,1,-0.02642,0.03114,0.55065,0.00469,1,0.03739,0.02685,0.55415,0.00440,1,0,0.00000,7
0.87981,0.39546,3245.07837,0.16113,6681,1,0.85620,0.40308,1,0.85564,0.37153,1,0.85592,0.38730,1,0.37761,0.30771,26.61145,0.72606,1,0.68216,0.33390,26.19943,0.72606,1,-0.02642,0.03114,0.55065,0.00466,1,0.03739,0.02685,0.55415,0.00440,1,0,0.00000,7
0.87893,0.39508,3245.07837,0.16724,6681,1,0.85620,0.40308,1,0.85783,0.36773,1,0.85701,0.38541,1,0.37717,0.30770,27.03426,0.72606,1,0.68181,0.33362,26.16466,0.73005,1,-0.02696,0.03153,0.55676,0.00466,1,0.03812,0.02770,0.56816,0.00436,1,0,0.00000,7
0.87788,0.39483,3245.07837,0.17358,6681,1,0.83822,0.41345,1,0.86270,0.36360,1,0.85046,0.38853,1,0.37680,0.30756,27.02550,0.73005,1,0.68139,0.33288,26.08734,0.73404,1,-0.02696,0.03153,0.55676,0.00466,1,0.03812,0.02770,0.56816,0.00441,1,0,0.00000,7
0.87733,0.39355,3245.07837,0.18091,6681,1,0.84974,0.40392,1,0.87515,0.31382,1,0.86244,0.35887,1,0.37666,0.30740,26.85725,0.73404,1,0.68118,0.33256,26.04201,0.73802,1,-0.02696,0.03153,0.55676,0.00462,1,0.03812,0.02770,0.56816,0.00437,1,0,0.00000,7
0.87683,0.39229,3245.07837,0.18750,6681,1,0.85061,0.40011,1,0.87515,0.31382,1,0.86288,0.35697,1,0.37630,0.30725,27.02340,0.73802,1,0.68087,0.33207,26.06674,0.73802,1,-0.02713,0.03165,0.55680,0.00466,1,0.03656,0.02694,0.54670,0.00437,1,0,0.00000,7
0.87565,0.39145,3245.07837,0.19434,6681,1,0.81810,0.41552,1,0.86475,0.31911,1,0.84142,0.36731,1,0.37594,0.30700,27.15305,0.73802,1,0.68062,0.33145,25.85714,0.73404,1,-0.02713,0.03165,0.55680,0.00466,1,0.03656,0.02694,0.54670,0.00440,1,0,0.00000,7
0.87478,0.39134,3245.07837,0.20093,6681,1,0.85420,0.40429,1,0.84306,0.37126,1,0.84863,0.38777,1,0.37591,0.30695,27.16836,0.73404,1,0.68043,0.33110,25.92824,0.73005,1,-0.02713,0.03165,0.55680,0.00466,1,0.03656,0.02694,0.54670,0.00436,1,0,0.00000,7
0.87388,0.39140,3245.07837,0.20801,6681,1,0.85330,0.40809,1,0.83901,0.37852,1,0.84615,0.39331,1,0.37568,0.30666,26.79365,0.73005,1,0.68014,0.33054,26.13442,0.72240,1,-0.02687,0.03130,0.54980,0.00469,1,0.03590,0.02675,0.53874,0.00431,1,0,0.00000,7
0.87269,0.39150,3245.07837,0.21387,6681,1,0.82851,0.42024,1,0.84091,0.36923,1,0.83471,0.39473,1,0.37544,0.30642,26.83068,0.72240,1,0.67987,0.32989,26.10953,0.71873,1,-0.02687,0.03130,0.54980,0.00466,1,0.03590,0.02675,0.53874,0.00439,1,0,0.00000,7
0.87151,0.39220,3245.07837,0.22046,6681,1,0.81915,0.45543,1,0.84600,0.37523,1,0.83257,0.41533,1,0.37535,0.30632,26.72565,0.71873,1,0.67987,0.32950,25.80747,0.71506,1,-0.02687,0.03130,0.54980,0.00465,1,0.03590,0.02675,0.53874,0.00438,1,0,0.00000,7
0.87039,0.39291,3245.07837,0.22754,6681,1,0.81848,0.45871,1,0.84600,0.37523,1,0.83224,0.41697,1,0.37510,0.30611,26.98158,0.71506,1,0.67960,0.32894,25.95375,0.71506,1,-0.02742,0.03197,0.55933,0.00464,1,0.03661,0.02770,0.55115,0.00435,1,0,0.00000,7
0.86930,0.39326,3245.07837,0.23438,6681,1,0.82446,0.41662,1,0.83802,0.39491,1,0.83124,0.40576,1,0.37486,0.30588,26.99629,0.71506,1,0.67937,0.32831,25.84786,0.71873,1,-0.02742,0.03197,0.55933,0.00462,1,0.03661,0.02770,0.55115,0.00436,1,0,0.00000,7
0.86837,0.39347,3245.07837,0.24121,6681,1,0.81716,0.44424,1,0.85226,0.35766,1,0.83471,0.40095,1,0.37479,0.30583,26.92413,0.71873,1,0.67928,0.32804,25.77682,0.72240,1,-0.02742,0.03197,0.55933,0.00462,1,0.03661,0.02770,0.55115,0.00437,1,0,0.00000,7
0.86749,0.39362,3245.07837,0.24854,6681,1,0.81782,0.44090,1,0.85226,0.35766,1,0.83504,0.39928,1,0.37474,0.30555,26.70278,0.72240,1,0.67907,0.32761,25.99130,0.72240,1,-0.02742,0.03205,0.55933,0.00461,1,0.03584,0.02739,0.54015,0.00436,1,0,0.00000,7
0.84120,0.39292,3245.07837,0.24854,6681,0,0.82734,0.46326,1,0.83734,0.37230,1,0.83234,0.41778,1,0.37464,0.30526,26.43258,0.72240,1,0.67901,0.32693,25.90898,0.71873,1,-0.02742,0.03205,0.55933,0.00464,1,0.03584,0.02739,0.54015,0.00434,1,0,0.00000,7
0.83512,0.39804,3245.07837,0.24854,6681,0,0.82664,0.46063,1,0.83145,0.34568,1,0.82905,0.40315,1,0.37461,0.30525,26.44402,0.71873,1,0.67900,0.32687,25.77072,0.71506,1,-0.02742,0.03205,0.55933,0.00466,1,0.03584,0.02739,0.54015,0.00436,1,0,0.00000,7
0.83298,0.40029,3245.07837,0.24854,6681,0,0.82593,0.46388,1,0.83145,0.34568,1,0.82869,0.40478,1,0.37452,0.30518,26.50878,0.71506,1,0.67892,0.32645,25.87804,0.71506,1,-0.02742,0.03213,0.55933,0.00462,1,0.03675,0.02828,0.55455,0.00435,1,0,0.00000,7
0.83114,0.40603,3245.33301,0.02002,6682,1,0.82625,0.46133,1,0.82501,0.38519,1,0.82563,0.42326,1,0.37455,0.30514,26.65794,0.71506,1,0.67886,0.32608,25.69116,0.71873,1,-0.02742,0.03213,0.55933,0.00462,1,0.03675,0.02828,0.55455,0.00432,1,0,0.00000,7
0.82883,0.40658,3245.33301,0.02661,6682,1,0.80302,0.46014,1,0.83611,0.35748,1,0.81956,0.40881,1,0.37453,0.30515,26.61758,0.71873,1,0.67885,0.32592,25.68053,0.72240,1,-0.02742,0.03213,0.55933,0.00462,1,0.03675,0.02828,0.55455,0.00434,1,0,0.00000,7
0.82749,0.40639,3245.33301,0.03345,6682,1,0.80361,0.45690,1,0.83804,0.35389,1,0.82082,0.40540,1,0.37453,0.30527,26.57947,0.72240,1,0.67878,0.32569,25.95354,0.72606,1,-0.02742,0.03209,0.55933,0.00460,1,0.03687,0.02846,0.55636,0.00432,1,0,0.00000,7
0.82339,0.40197,3245.33301,0.04004,6682,1,0.78693,0.42066,1,0.81061,0.33025,1,0.79877,0.37546,1,0.37474,0.30548,26.57021,0.72606,1,0.67890,0.32551,25.75205,0.72606,1,-0.02742,0.03209,0.55933,0.00465,1,0.03687,0.02846,0.55636,0.00436,1,0,0.00000,7
0.82121,0.39879,3245.33301,0.04810,6682,1,0.79767,0.43688,1,0.81431,0.31620,1,0.80599,0.37654,1,0.37474,0.30557,26.75291,0.72606,1,0.67898,0.32548,25.88356,0.72606,1,-0.02742,0.03209,0.55933,0.00462,1,0.03687,0.02846,0.55636,0.00435,1,0,0.00000,7
0.81939,0.39670,3245.33301,0.05322,6682,1,0.79712,0.44012,1,0.81254,0.31990,1,0.80483,0.38001,1,0.37489,0.30554,26.27453,0.72248,1,0.67894,0.32545,25.95960,0.72248,1,-0.02619,0.03071,0.53663,0.00465,1,0.03690,0.02846,0.55561,0.00437,1,0,0.00000,7
0.81764,0.39388,3245.33301,0.06030,6682,1,0.78560,0.41801,1,0.81809,0.31903,1,0.80185,0.36852,1,0.37531,0.30575,26.39171,0.71890,1,0.67936,0.32529,25.73663,0.71890,1,-0.02619,0.03071,0.53663,0.00467,1,0.03690,0.02846,0.55561,0.00436,1,0,0.00000,7
0.81760,0.39253,3245.33301,0.06665,6682,1,0.78773,0.42399,1,0.84678,0.33396,1,0.81726,0.37897,1,0.37579,0.30583,26.56580,0.71531,1,0.67992,0.32536,25.95356,0.71531,1,-0.02619,0.03071,0.53663,0.00458,1,0.03690,0.02846,0.55561,0.00434,1,0,0.00000,7
0.81767,0.39123,3245.33301,0.07324,6682,1,0.78773,0.42399,1,0.84895,0.32990,1,0.81834,0.37694,1,0.37671,0.30595,26.14586,0.71531,1,0.68072,0.32539,25.97251,0.71930,1,-0.02649,0.03146,0.55050,0.00462,1,0.03812,0.02906,0.56816,0.00436,1,0,0.00000,7
0.82122,0.39197,3245.33301,0.07983,6682,1,0.84478,0.45102,1,0.88288,0.35069,1,0.86383,0.40086,1,0.37816,0.30622,26.64318,0.72288,1,0.68193,0.32573,26.15854,0.72687,1,-0.02649,0.03146,0.55050,0.00459,1,0.03812,0.02906,0.56816,0.00431,1,0,0.00000,7
0.82499,0.39187,3245.33301,0.08618,6682,1,0.85385,0.41645,1,0.89425,0.36467,1,0.87405,0.39056,1,0.37879,0.30632,26.49406,0.73045,1,0.68255,0.32581,25.68936,0.73444,1,-0.02649,0.03146,0.55050,0.00455,1,0.03812,0.02906,0.56816,0.00429,1,0,0.00000,7
0.82839,0.39143,3245.33301,0.09326,6682,1,0.85556,0.40931,1,0.89637,0.36128,1,0.87596,0.38530,1,0.37979,0.30654,26.34982,0.73802,1,0.68318,0.32612,26.17733,0.73802,1,-0.02636,0.03177,0.55811,0.00458,1,0.03621,0.02729,0.53429,0.00428,1,0,0.00000,7
0.83105,0.39005,3245.33301,0.09985,6682,1,0.85528,0.38489,1,0.88666,0.35381,1,0.87097,0.36935,1,0.38034,0.30665,26.43153,0.73802,1,0.68383,0.32605,25.86051,0.73404,1,-0.02636,0.03177,0.55811,0.00459,1,0.03621,0.02729,0.53429,0.00430,1,0,0.00000,7
0.83403,0.38889,3245.33301,0.10718,6682,1,0.87799,0.41683,1,0.88532,0.32366,1,0.88165,0.37024,1,0.38049,0.30680,26.51299,0.73404,1,0.68409,0.32627,25.82814,0.73005,1,-0.02636,0.03177,0.55811,0.00455,1,0.03621,0.02729,0.53429,0.00429,1,0,0.00000,7
0.83667,0.38786,3245.33301,0.11377,6682,1,0.87797,0.41691,1,0.88526,0.32375,1,0.88162,0.37033,1,0.38081,0.30699,26.48478,0.73394,1,0.68437,0.32635,25.86133,0.72996,1,-0.02606,0.03158,0.55617,0.00459,1,0.03687,0.02748,0.54048,0.00430,1,0,0.00000,7
0.83926,0.38707,3245.33301,0.12036,6682,1,0.88282,0.40991,1,0.88886,0.33576,1,0.88584,0.37284,1,0.38143,0.30725,26.45049,0.73385,1,0.68492,0.32664,25.88369,0.73385,1,-0.02606,0.03158,0.55617,0.00457,1,0.03687,0.02748,0.54048,0.00431,1,0,0.00000,7
0.84102,0.38626,3245.33301,0.12671,6682,1,0.86159,0.38652,1,0.88745,0.35538,1,0.87452,0.37095,1,0.38170,0.30734,26.44801,0.73775,1,0.68516,0.32685,25.76669,0.73775,1,-0.02606,0.03158,0.55617,0.00456,1,0.03687,0.02748,0.54048,0.00434,1,0,0.00000,7
0.84262,0.38553,3245.33301,0.13379,6682,1,0.86159,0.38652,1,0.88745,0.35538,1,0.87452,0.37095,1,0.38216,0.30761,26.58157,0.73775,1,0.68554,0.32698,25.96305,0.73775,1,-0.02551,0.03113,0.55056,0.00456,1,0.03822,0.02815,0.55533,0.00428,1,0,0.00000,7
0.84362,0.38495,3245.33301,0.14038,6682,1,0.86594,0.42183,1,0.86325,0.32369,1,0.86459,0.37276,1,0.38286,0.30793,26.26977,0.73385,1,0.68622,0.32733,25.84612,0.73385,1,-0.02551,0.03113,0.55056,0.00456,1,0.03822,0.02815,0.55533,0.00431,1,0,0.00000,7
0.86882,0.37732,3245.33301,0.14038,6682,0,0.84602,0.41007,1,0.87381,0.34345,1,0.85991,0.37676,1,0.38300,0.30812,26.25359,0.72996,1,0.68655,0.32750,25.77059,0.72996,1,-0.02551,0.03113,0.55056,0.00456,1,0.03822,0.02815,0.55533,0.00430,1,0,0.00000,7
0.86360,0.37892,3245.33301,0.14038,6682,0,0.84518,0.41377,1,0.87160,0.34728,1,0.85839,0.38053,1,0.38355,0.30840,26.23314,0.72606,1,0.68703,0.32768,25.38912,0.72606,1,-0.02544,0.03130,0.55641,0.00453,1,0.03776,0.02751,0.54509,0.00431,1,0,0.00000,7
0.86350,0.37601,3245.33301,0.14038,6682,0,0.84829,0.42219,1,0.87828,0.31818,1,0.86328,0.37019,1,0.38411,0.30888,26.53157,0.72606,1,0.68759,0.32812,25.72020,0.72606,1,-0.02544,0.03130,0.55641,0.00451,1,0.03776,0.02751,0.54509,0.00429,1,0,0.00000,7
0.85987,0.37751,3245.48022,0.01978,6683,1,0.83825,0.41616,1,0.85976,0.34787,1,0.84900,0.38201,1,0.38445,0.30904,26.35296,0.72606,1,0.68791,0.32845,25.90989,0.72606,1,-0.02544,0.03130,0.55641,0.00454,1,0.03776,0.02751,0.54509,0.00427,1,0,0.00000,7
0.85770,0.37841,3245.48022,0.02637,6683,1,0.83825,0.41616,1,0.85976,0.34787,1,0.84900,0.38201,1,0.38505,0.30935,26.26700,0.72606,1,0.68828,0.32874,26.04064,0.72606,1,-0.02496,0.03095,0.55312,0.00458,1,0.03926,0.02819,0.56183,0.00433,1,0,0.00000,7
0.85828,0.37813,3245.48022,0.03369,6683,1,0.85107,0.43501,1,0.87134,0.31843,1,0.86121,0.37672,1,0.38566,0.30995,26.41889,0.72606,1,0.68891,0.32921,25.52204,0.72606,1,-0.02496,0.03095,0.55312,0.00451,1,0.03926,0.02819,0.56183,0.00432,1,0,0.00000,7
0.85572,0.37854,3245.48022,0.04004,6683,1,0.83366,0.39256,1,0.84701,0.36941,1,0.84034,0.38099,1,0.38587,0.31028,26.37692,0.72606,1,0.68928,0.32956,25.57122,0.72606,1,-0.02496,0.03095,0.55312,0.00452,1,0.03926,0.02819,0.56183,0.00429,1,0,0.00000,7
0.85380,0.37884,3245.48022,0.04712,6683,1,0.83366,0.39256,1,0.84701,0.36941,1,0.84034,0.38099,1,0.38649,0.31067,26.11920,0.72606,1,0.68969,0.32997,25.88302,0.72606,1,-0.02479,0.03098,0.55677,0.00455,1,0.03920,0.02762,0.55625,0.00428,1,0,0.00000,7
0.85195,0.37845,3245.48022,0.05347,6683,1,0.84160,0.38388,1,0.83281,0.36673,1,0.83720,0.37530,1,0.38705,0.31120,26.21264,0.72606,1,0.69049,0.33052,25.54030,0.72606,1,-0.02479,0.03098,0.55677,0.00454,1,0.03920,0.02762,0.55625,0.00434,1,0,0.00000,7
0.84957,0.37867,3245.48022,0.06006,6683,1,0.82243,0.42921,1,0.83383,0.33207,1,0.82813,0.38064,1,0.38736,0.31151,25.99126,0.72606,1,0.69071,0.33096,25.65832,0.72606,1,-0.02479,0.03098,0.55677,0.00449,1,0.03920,0.02762,0.55625,0.00427,1,0,0.00000,7
0.84762,0.37885,3245.48022,0.06738,6683,1,0.82243,0.42921,1,0.83383,0.33207,1,0.82813,0.38064,1,0.38786,0.31202,25.94963,0.72606,1,0.69120,0.33140,25.85740,0.72606,1,-0.02422,0.03039,0.55138,0.00453,1,0.03940,0.02732,0.55443,0.00430,1,0,0.00000,7
0.84682,0.37948,3245.48022,0.07373,6683,1,0.82975,0.42963,1,0.84620,0.34330,1,0.83797,0.38647,1,0.38837,0.31274,26.13892,0.72606,1,0.69180,0.33220,25.73934,0.72606,1,-0.02422,0.03039,0.55138,0.00451,1,0.03940,0.02732,0.55443,0.00423,1,0,0.00000,7
0.84499,0.38003,3245.48022,0.08057,6683,1,0.81074,0.38810,1,0.83532,0.38509,1,0.82303,0.38659,1,0.38873,0.31303,26.15609,0.72606,1,0.69204,0.33263,25.71668,0.72606,1,-0.02422,0.03039,0.55138,0.00448,1,0.03940,0.02732,0.55443,0.00426,1,0,0.00000,7
0.84349,0.38037,3245.48022,0.08716,6683,1,0.81074,0.38810,1,0.83741,0.38136,1,0.82407,0.38473,1,0.38921,0.31351,25.63447,0.72606,1,0.69259,0.33314,25.28444,0.73005,1,-0.02407,0.03042,0.55560,0.00452,1,0.04040,0.02751,0.56435,0.00425,1,0,0.00000,7
0.84221,0.37840,3245.48022,0.09375,6683,1,0.81447,0.38269,1,0.83410,0.31920,1,0.82429,0.35094,1,0.38983,0.31421,26.07635,0.73005,1,0.69306,0.33400,25.63860,0.73404,1,-0.02407,0.03042,0.55560,0.00450,1,0.04040,0.02751,0.56435,0.00427,1,0,0.00000,7
0.84094,0.37928,3245.48022,0.10010,6683,1,0.79917,0.42754,1,0.84465,0.35743,1,0.82191,0.39249,1,0.39012,0.31455,26.17489,0.73404,1,0.69343,0.33424,25.49315,0.73802,1,-0.02407,0.03042,0.55560,0.00451,1,0.04040,0.02751,0.56435,0.00429,1,0,0.00000,7
0.83992,0.37974,3245.48022,0.10645,6683,1,0.80038,0.42037,1,0.84670,0.35370,1,0.82354,0.38704,1,0.39064,0.31504,25.87486,0.74192,1,0.69380,0.33499,25.60483,0.74192,1,-0.02426,0.03069,0.56679,0.00453,1,0.04026,0.02688,0.55831,0.00428,1,0,0.00000,7
0.83857,0.37839,3245.48022,0.11401,6683,1,0.80704,0.42144,1,0.82418,0.28956,1,0.81561,0.35550,1,0.39133,0.31574,25.68709,0.74581,1,0.69443,0.33575,25.40726,0.74183,1,-0.02426,0.03069,0.56679,0.00452,1,0.04026,0.02688,0.55831,0.00426,1,0,0.00000,7
0.83736,0.37743,3245.48022,0.12061,6683,1,0.81034,0.37788,1,0.82084,0.34212,1,0.81559,0.36000,1,0.39143,0.31601,25.87822,0.74572,1,0.69467,0.33608,25.39982,0.74173,1,-0.02426,0.03069,0.56679,0.00450,1,0.04026,0.02688,0.55831,0.00426,1,0,0.00000,7
0.83627,0.37656,3245.48022,0.12915,6683,1,0.81033,0.37797,1,0.82079,0.34221,1,0.81556,0.36009,1,0.39184,0.31642,25.50747,0.74563,1,0.69509,0.33670,25.31398,0.74164,1,-0.02376,0.03016,0.56089,0.00449,1,0.04012,0.02623,0.55169,0.00428,1,0,0.00000,7
0.83513,0.37637,3245.48022,0.13672,6683,1,0.80482,0.38637,1,0.81985,0.35870,1,0.81234,0.37253,1,0.39238,0.31720,25.55333,0.74164,1,0.69561,0.33752,25.29546,0.74164,1,-0.02376,0.03016,0.56089,0.00449,1,0.04012,0.02623,0.55169,0.00426,1,0,0.00000,7
0.83414,0.37571,3245.48022,0.13989,6683,1,0.80781,0.38919,1,0.81902,0.33474,1,0.81341,0.36196,1,0.39267,0.31753,25.32221,0.74164,1,0.69582,0.33795,25.55119,0.74164,1,-0.02376,0.03016,0.56089,0.00444,1,0.04012,0.02623,0.55169,0.00421,1,0,0.00000,7
0.83323,0.37519,3245.48022,0.14722,6683,1,0.80717,0.39291,1,0.81906,0.33465,1,0.81312,0.36378,1,0.39297,0.31823,25.55623,0.73775,1,0.69619,0.33860,25.47034,0.74173,1,-0.02312,0.02943,0.55262,0.00452,1,0.04112,0.02646,0.56262,0.00424,1,0,0.00000,7
0.83210,0.37511,3245.48022,0.15332,6683,1,0.79638,0.39363,1,0.81571,0.35293,1,0.80605,0.37328,1,0.39340,0.31871,25.73006,0.73784,1,0.69670,0.33931,25.03757,0.74183,1,-0.02312,0.02943,0.55262,0.00449,1,0.04112,0.02646,0.56262,0.00422,1,0,0.00000,7
0.83072,0.37464,3245.48022,0.16040,6683,1,0.77800,0.40278,1,0.81744,0.32372,1,0.79772,0.36325,1,0.39373,0.31918,25.77802,0.73793,1,0.69690,0.33974,25.38243,0.74192,1,-0.02312,0.02943,0.55262,0.00445,1,0.04112,0.02646,0.56262,0.00423,1,0,0.00000,7
0.82942,0.37427,3245.48022,0.16675,6683,1,0.77801,0.40269,1,0.81555,0.32761,1,0.79678,0.36515,1,0.39423,0.31965,25.46949,0.73802,1,0.69741,0.34037,25.14775,0.73802,1,-0.02289,0.02931,0.55521,0.00451,1,0.04015,0.02532,0.54535,0.00421,1,0,0.00000,7
0.82945,0.37447,3245.48022,0.17407,6683,1,0.81694,0.39325,1,0.84375,0.36604,1,0.83034,0.37965,1,0.39558,0.32028,25.56453,0.73802,1,0.69874,0.34136,25.59351,0.73404,1,-0.02289,0.02931,0.55521,0.00446,1,0.04015,0.02532,0.54535,0.00427,1,0,0.00000,7
0.83070,0.37437,3245.48022,0.18018,6683,1,0.86150,0.40566,1,0.86716,0.33742,1,0.86433,0.37154,1,0.39668,0.32051,25.36670,0.73404,1,0.69964,0.34190,25.27627,0.73005,1,-0.02289,0.02931,0.55521,0.00446,1,0.04015,0.02532,0.54535,0.00426,1,0,0.00000,7
0.83180,0.37440,3245.48022,0.18677,6683,1,0.86057,0.40947,1,0.86493,0.34137,1,0.86275,0.37542,1,0.39815,0.32100,25.54605,0.73005,1,0.70079,0.34240,25.27274,0.72606,1,-0.02212,0.02892,0.55247,0.00446,1,0.04112,0.02524,0.55070,0.00421,1,0,0.00000,7
0.83320,0.37463,3245.48022,0.19360,6683,1,0.87528,0.41448,1,0.87208,0.34771,1,0.87368,0.38110,1,0.39915,0.32142,25.62716,0.72606,1,0.70193,0.34301,25.04840,0.72606,1,-0.02212,0.02892,0.55247,0.00444,1,0.04112,0.02524,0.55070,0.00422,1,0,0.00000,7
0.83414,0.37467,3245.48022,0.20117,6683,1,0.84999,0.40301,1,0.87455,0.34863,1,0.86227,0.37582,1,0.39954,0.32161,25.66903,0.72606,1,0.70201,0.34356,25.80656,0.72606,1,-0.02212,0.02892,0.55247,0.00443,1,0.04112,0.02524,0.55070,0.00423,1,0,0.00000,7
0.83506,0.37458,3245.48022,0.20825,6683,1,0.85085,0.39925,1,0.87678,0.34481,1,0.86382,0.37203,1,0.39999,0.32206,25.58765,0.72996,1,0.70253,0.34390,25.73923,0.72996,1,-0.02230,0.02938,0.56454,0.00449,1,0.04133,0.02496,0.54912,0.00418,1,0,0.00000,7
0.83597,0.37534,3245.48022,0.21460,6683,1,0.85560,0.41957,1,0.87427,0.37980,1,0.86493,0.39968,1,0.40049,0.32251,25.74553,0.73385,1,0.70306,0.34451,25.65196,0.73385,1,-0.02230,0.02938,0.56454,0.00442,1,0.04133,0.02496,0.54912,0.00421,1,0,0.00000,7
0.83700,0.37513,3245.48022,0.22144,6683,1,0.85965,0.40943,1,0.88223,0.32685,1,0.87094,0.36814,1,0.40079,0.32276,25.78954,0.73775,1,0.70340,0.34481,25.52738,0.73775,1,-0.02230,0.02938,0.56454,0.00441,1,0.04133,0.02496,0.54912,0.00418,1,0,0.00000,7
0.83797,0.37493,3245.48022,0.22803,6683,1,0.85965,0.40943,1,0.88223,0.32685,1,0.87094,0.36814,1,0.40137,0.32302,25.48709,0.73775,1,0.70380,0.34530,25.39354,0.73775,1,-0.02161,0.02869,0.55434,0.00448,1,0.04209,0.02506,0.55586,0.00429,1,0,0.00000,7
0.83858,0.37486,3245.48022,0.23462,6683,1,0.85392,0.42545,1,0.86602,0.31879,1,0.85997,0.37212,1,0.40202,0.32346,25.43585,0.73385,1,0.70437,0.34582,25.44304,0.73385,1,-0.02161,0.02869,0.55434,0.00445,1,0.04209,0.02506,0.55586,0.00425,1,0,0.00000,7
0.83916,0.37533,3245.48022,0.24194,6683,1,0.85558,0.41597,1,0.86479,0.36893,1,0.86019,0.39245,1,0.40233,0.32363,25.63213,0.72996,1,0.70466,0.34619,25.58776,0.72996,1,-0.02161,0.02869,0.55434,0.00443,1,0.04209,0.02506,0.55586,0.00423,1,0,0.00000,7
0.83972,0.37578,3245.48022,0.24805,6683,1,0.85558,0.41597,1,0.86479,0.36893,1,0.86019,0.39245,1,0.40286,0.32394,25.52298,0.72996,1,0.70510,0.34660,25.75143,0.72996,1,-0.02180,0.02928,0.56911,0.00445,1,0.04199,0.02455,0.55021,0.00421,1,0,0.00000,7
0.84017,0.37550,3245.48022,0.25464,6683,1,0.84626,0.39495,1,0.86829,0.33441,1,0.85728,0.36468,1,0.40355,0.32431,25.64975,0.73385,1,0.70569,0.34704,25.53641,0.73385,1,-0.02180,0.02928,0.56911,0.00444,1,0.04199,0.02455,0.55021,0.00423,1,0,0.00000,7
0.84036,0.37595,3245.48022,0.26123,6683,1,0.84180,0.42147,1,0.85412,0.36617,1,0.84796,0.39382,1,0.40384,0.32450,25.51309,0.73775,1,0.70595,0.34727,25.43575,0.73775,1,-0.02180,0.02928,0.56911,0.00443,1,0.04199,0.02455,0.55021,0.00424,1,0,0.00000,7
0.84055,0.37639,3245.48022,0.26807,6683,1,0.84180,0.42147,1,0.85412,0.36617,1,0.84796,0.39382,1,0.40443,0.32486,25.39818,0.73775,1,0.70650,0.34773,25.48875,0.73775,1,-0.02087,0.02845,0.55467,0.00448,1,0.04243,0.02441,0.55169,0.00423,1,0,0.00000,7
0.84075,0.37668,3245.48022,0.27466,6683,1,0.84387,0.41351,1,0.85415,0.36345,1,0.84901,0.38848,1,0.40504,0.32530,25.58086,0.73385,1,0.70701,0.34827,25.52799,0.73385,1,-0.02087,0.02845,0.55467,0.00444,1,0.04243,0.02441,0.55169,0.00426,1,0,0.00000,7
0.84073,0.37648,3245.48022,0.28149,6683,1,0.82993,0.41299,1,0.85027,0.32338,1,0.84010,0.36819,1,0.40540,0.32563,25.57637,0.72996,1,0.70735,0.34863,25.45382,0.72996,1,-0.02087,0.02845,0.55467,0.00445,1,0.04243,0.02441,0.55169,0.00425,1,0,0.00000,7
0.84069,0.37638,3245.48022,0.28784,6683,1,0.82917,0.41666,1,0.84818,0.32733,1,0.83867,0.37199,1,0.40592,0.32593,25.56618,0.72606,1,0.70777,0.34886,25.06905,0.72606,1,-0.02042,0.02804,0.55152,0.00446,1,0.04233,0.02400,0.54711,0.00424,1,0,0.00000,7
0.84076,0.37642,3245.48022,0.29468,6683,1,0.83798,0.41889,1,0.85043,0.33754,1,0.84421,0.37821,1,0.40656,0.32661,25.60732,0.72606,1,0.70831,0.34981,25.59011,0.72606,1,-0.02042,0.02804,0.55152,0.00445,1,0.04233,0.02400,0.54711,0.00422,1,0,0.00000,7
0.84091,0.37716,3245.48022,0.30151,6683,1,0.83889,0.43004,1,0.85608,0.39067,1,0.84748,0.41036,1,0.40678,0.32694,25.62833,0.72606,1,0.70853,0.35026,25.59571,0.72606,1,-0.02042,0.02804,0.55152,0.00440,1,0.04233,0.02400,0.54711,0.00423,1,0,0.00000,7
0.84108,0.37779,3245.48022,0.30762,6683,1,0.83969,0.42644,1,0.85822,0.38706,1,0.84896,0.40675,1,0.40719,0.32757,25.40381,0.72996,1,0.70887,0.35073,25.63612,0.72996,1,-0.02048,0.02819,0.56097,0.00448,1,0.04292,0.02391,0.55159,0.00420,1,0,0.00000,7
0.84094,0.37742,3245.48022,0.31592,6683,1,0.82087,0.39625,1,0.84738,0.32388,1,0.83412,0.36006,1,0.40771,0.32844,25.67590,0.73385,1,0.70926,0.35166,25.30836,0.73385,1,-0.02048,0.02819,0.56097,0.00444,1,0.04292,0.02391,0.55159,0.00426,1,0,0.00000,7
0.84041,0.37758,3245.48022,0.32275,6683,1,0.83987,0.39768,1,0.84744,0.37263,1,0.84366,0.38515,1,0.40805,0.32878,25.64500,0.73775,1,0.70957,0.35201,25.46813,0.73775,1,-0.02048,0.02819,0.56097,0.00440,1,0.04292,0.02391,0.55159,0.00422,1,0,0.00000,7
0.84013,0.37760,3245.48022,0.32739,6683,1,0.84067,0.39395,1,0.84950,0.36898,1,0.84509,0.38147,1,0.40854,0.32930,25.23948,0.74164,1,0.71004,0.35262,25.20812,0.74164,1,-0.02061,0.02846,0.57146,0.00451,1,0.04317,0.02358,0.55159,0.00424,1,0,0.00000,7
0.83940,0.37727,3245.48022,0.33447,6683,1,0.81819,0.40870,1,0.83792,0.30040,1,0.82806,0.35455,1,0.40897,0.33023,25.63814,0.74164,1,0.71036,0.35349,25.32958,0.74164,1,-0.02061,0.02846,0.57146,0.00443,1,0.04317,0.02358,0.55159,0.00427,1,0,0.00000,7
0.83901,0.37698,3245.48022,0.34106,6683,1,0.82028,0.37130,1,0.84061,0.36423,1,0.83044,0.36777,1,0.40931,0.33053,25.56980,0.74164,1,0.71060,0.35389,25.33911,0.74164,1,-0.02061,0.02846,0.57146,0.00448,1,0.04317,0.02358,0.55159,0.00425,1,0,0.00000,7
0.83860,0.37676,3245.48022,0.34814,6683,1,0.81958,0.37513,1,0.83859,0.36791,1,0.82909,0.37152,1,0.40957,0.33115,25.73710,0.73775,1,0.71091,0.35445,25.58222,0.73775,1,-0.01973,0.02740,0.55516,0.00448,1,0.04388,0.02350,0.55742,0.00426,1,0,0.00000,7
0.83777,0.37698,3245.48022,0.35522,6683,1,0.81754,0.38285,1,0.82574,0.39165,1,0.82164,0.38725,1,0.41010,0.33168,25.66696,0.73385,1,0.71144,0.35530,25.27022,0.73385,1,-0.01973,0.02740,0.55516,0.00447,1,0.04388,0.02350,0.55742,0.00425,1,0,0.00000,7
0.83732,0.37712,3245.48022,0.36182,6683,1,0.81260,0.42514,1,0.82434,0.35048,1,0.81847,0.38781,1,0.41031,0.33209,25.79529,0.72996,1,0.71140,0.35563,25.52462,0.72996,1,-0.01973,0.02740,0.55516,0.00447,1,0.04388,0.02350,0.55742,0.00429,1,0,0.00000,7
0.83688,0.37722,3245.48022,0.36792,6683,1,0.81260,0.42514,1,0.82635,0.34658,1,0.81947,0.38586,1,0.41082,0.33249,25.31333,0.72996,1,0.71191,0.35619,25.67114,0.73394,1,-0.01973,0.02740,0.56114,0.00450,1,0.18466,0.09919,2.38292,0.00429,0,0,0.00000,7
0.83647,0.37722,3245.48022,0.37500,6683,1,0.80950,0.40482,1,0.82475,0.34528,1,0.81713,0.37505,1,0.41116,0.33303,25.48944,0.73784,1,0.71246,0.35680,25.33539,0.74183,1,-0.01973,0.02740,0.56114,0.00450,1,0.18466,0.09919,2.38292,0.00426,0,0,0.00000,7
0.83638,0.37682,3245.48022,0.38184,6683,1,0.81038,0.42457,1,0.83799,0.29816,1,0.82419,0.36136,1,0.41139,0.33321,25.35382,0.74572,1,0.71256,0.35721,25.32127,0.74971,1,-0.01973,0.02740,0.56114,0.00447,1,0.18466,0.09919,2.38292,0.00427,0,0,0.00000,7
0.83631,0.37638,3245.48022,0.38818,6683,1,0.81104,0.42097,1,0.83799,0.29816,1,0.82452,0.35957,1,0.41175,0.33368,25.76963,0.74971,1,0.71297,0.35764,25.42494,0.74971,1,-0.01913,0.02677,0.55247,0.00453,1,0.17900,0.09471,2.29601,0.00431,0,0,0.00000,7
0.83591,0.37565,3245.48022,0.39502,6683,1,0.80050,0.40231,1,0.83674,0.30051,1,0.81862,0.35141,1,0.41224,0.33416,25.58495,0.74581,1,0.71336,0.35843,25.55421,0.74183,1,-0.01913,0.02677,0.55247,0.00446,1,0.17900,0.09471,2.29601,0.00426,0,0,0.00000,7
0.83565,0.37558,3245.48022,0.40161,6683,1,0.79349,0.40447,1,0.82787,0.36246,1,0.81068,0.38347,1,0.41248,0.33443,25.74815,0.73793,1,0.71363,0.35873,24.96895,0.73394,1,-0.01913,0.02677,0.55247,0.00448,1,0.17900,0.09471,2.29601,0.00432,0,0,0.00000,7
0.83534,0.37563,3245.48022,0.40869,6683,1,0.79291,0.40820,1,0.82585,0.36628,1,0.80938,0.38724,1,0.41275,0.33471,25.52942,0.73394,1,0.71396,0.35928,25.13589,0.72996,1,-0.01937,0.02722,0.56524,0.00455,1,0.18014,0.09356,2.30167,0.00427,0,0,0.00000,7
0.83500,0.37676,3245.48022,0.41504,6683,1,0.80905,0.42665,1,0.80644,0.38336,1,0.80774,0.40501,1,0.41318,0.33524,25.82102,0.73385,1,0.71429,0.35999,25.40510,0.73385,1,-0.01937,0.02722,0.56524,0.00453,1,0.18014,0.09356,2.30167,0.00427,0,0,0.00000,7
0.83441,0.37602,3245.48022,0.42188,6683,1,0.77767,0.39401,1,0.80925,0.31972,1,0.79346,0.35687,1,0.41335,0.33545,25.57347,0.73775,1,0.71449,0.36041,25.49371,0.73775,1,-0.01937,0.02722,0.56524,0.00452,1,0.18014,0.09356,2.30167,0.00423,0,0,0.00000,7
0.83380,0.37535,3245.48022,0.42847,6683,1,0.77767,0.39401,1,0.81115,0.31570,1,0.79441,0.35486,1,0.41377,0.33570,25.55098,0.73775,1,0.71480,0.36106,25.39564,0.74173,1,-0.01914,0.02702,0.56473,0.00451,1,0.18696,0.09533,2.37591,0.00428,0,0,0.00000,7
0.83346,0.37572,3245.48022,0.43457,6683,1,0.78355,0.41828,1,0.81528,0.32840,1,0.79941,0.37334,1,0.41401,0.33617,25.81735,0.73784,1,0.71506,0.36157,25.38408,0.74183,1,-0.01914,0.02702,0.56473,0.00452,1,0.18696,0.09533,2.37591,0.00433,0,0,0.00000,7
0.83286,0.37572,3245.48022,0.44141,6683,1,0.77652,0.38618,1,0.79692,0.33388,1,0.78672,0.36003,1,0.41422,0.33629,25.90762,0.73793,1,0.71522,0.36189,25.36213,0.74192,1,-0.01914,0.02702,0.56473,0.00451,1,0.18696,0.09533,2.37591,0.00431,0,0,0.00000,7
0.80618,0.36870,3245.48022,0.44141,6683,0,0.77701,0.38236,1,0.79875,0.32995,1,0.78788,0.35616,1,0.41442,0.33661,25.52351,0.74192,1,0.71545,0.36237,25.22648,0.74590,1,-0.01889,0.02684,0.56356,0.00457,1,0.18876,0.09498,2.38941,0.00430,0,0,0.00000,7
0.79866,0.36918,3245.48022,0.44141,6683,0,0.77905,0.37849,1,0.80324,0.36086,1,0.79114,0.36967,1,0.41471,0.33685,25.73870,0.74980,1,0.71561,0.36303,25.28509,0.74980,1,-0.01889,0.02684,0.56356,0.00453,1,0.18876,0.09498,2.38941,0.00430,0,0,0.00000,7
0.79487,0.36261,3245.48022,0.44141,6683,0,0.76195,0.38674,1,0.81262,0.31220,1,0.78728,0.34947,1,0.41481,0.33692,25.79335,0.75369,1,0.71571,0.36327,25.37727,0.75369,1,-0.01889,0.02684,0.56356,0.00450,1,0.18876,0.09498,2.38941,0.00430,0,0,0.00000,7
0.79302,0.35888,3245.92871,0.01978,6684,1,0.76234,0.38310,1,0.81258,0.31229,1,0.78746,0.34770,1,0.41501,0.33711,25.67009,0.75759,1,0.71595,0.36363,25.35974,0.75360,1,-0.01882,0.02683,0.56416,0.00457,1,0.18139,0.09040,2.29148,0.00431,0,0,0.00000,7
0.79266,0.35267,3245.92871,0.02661,6684,1,0.78591,0.36995,1,0.79658,0.28567,1,0.79124,0.32781,1,0.41515,0.33730,25.59931,0.75360,1,0.71599,0.36410,25.57885,0.74961,1,-0.01882,0.02683,0.56416,0.00463,1,0.18139,0.09040,2.29148,0.00429,0,0,0.00000,7
0.79148,0.35207,3245.92871,0.03320,6684,1,0.76303,0.37787,1,0.80816,0.32022,1,0.78560,0.34905,1,0.41522,0.33736,25.78324,0.74961,1,0.71611,0.36444,25.51537,0.74563,1,-0.01882,0.02683,0.56416,0.00460,1,0.18139,0.09040,2.29148,0.00429,0,0,0.00000,7
0.79045,0.35245,3245.92871,0.04004,6684,1,0.76221,0.38536,1,0.80632,0.32411,1,0.78427,0.35474,1,0.41530,0.33756,26.02901,0.74173,1,0.71618,0.36462,25.62487,0.74173,1,-0.01841,0.02634,0.55567,0.00457,1,0.18901,0.09332,2.38358,0.00429,0,0,0.00000,7
0.78765,0.35561,3245.92871,0.04688,6684,1,0.75200,0.37896,1,0.78401,0.37648,1,0.76800,0.37772,1,0.41553,0.33778,25.80392,0.73784,1,0.71621,0.36505,25.45240,0.74183,1,-0.01841,0.02634,0.55567,0.00457,1,0.18901,0.09332,2.38358,0.00426,0,0,0.00000,7
0.78575,0.35490,3245.92871,0.05396,6684,1,0.75429,0.38531,1,0.78690,0.31323,1,0.77060,0.34927,1,0.41555,0.33782,25.89456,0.73793,1,0.71624,0.36524,25.30139,0.74192,1,-0.01841,0.02634,0.55567,0.00455,1,0.18901,0.09332,2.38358,0.00430,0,0,0.00000,7
0.78435,0.35395,3245.92871,0.06006,6684,1,0.75467,0.38151,1,0.78869,0.30919,1,0.77168,0.34535,1,0.41558,0.33797,25.97324,0.74192,1,0.71629,0.36539,25.19774,0.74590,1,-0.01880,0.02687,0.56873,0.00457,1,0.19015,0.09298,2.39329,0.00432,0,0,0.00000,7
0.78301,0.35536,3245.92871,0.06738,6684,1,0.75884,0.39477,1,0.78041,0.34417,1,0.76962,0.36947,1,0.41566,0.33808,25.81022,0.74980,1,0.71626,0.36587,25.44557,0.74980,1,-0.01880,0.02687,0.56873,0.00458,1,0.19015,0.09298,2.39329,0.00433,0,0,0.00000,7
0.78208,0.35787,3245.92871,0.07373,6684,1,0.76052,0.40320,1,0.78329,0.36778,1,0.77191,0.38549,1,0.41562,0.33817,25.60870,0.75369,1,0.71625,0.36599,25.61704,0.75369,1,-0.01880,0.02687,0.56873,0.00457,1,0.19015,0.09298,2.39329,0.00432,0,0,0.00000,7
0.78145,0.35956,3245.92871,0.08130,6684,1,0.76091,0.39965,1,0.78689,0.36012,1,0.77390,0.37989,1,0.41569,0.33830,25.44653,0.75759,1,0.71618,0.36602,25.36013,0.76193,1,-0.01880,0.02679,0.56873,0.00456,1,0.19889,0.09670,2.50350,0.00429,0,0,0.00000,7
0.78025,0.35773,3245.92871,0.08740,6684,1,0.75281,0.38777,1,0.77634,0.28001,1,0.76457,0.33389,1,0.41560,0.33850,25.84617,0.76193,1,0.71608,0.36642,25.60084,0.76628,1,-0.01880,0.02679,0.56873,0.00458,1,0.19889,0.09670,2.50350,0.00430,0,0,0.00000,7
0.77973,0.35603,3245.92871,0.09424,6684,1,0.76356,0.36311,1,0.78154,0.30138,1,0.77255,0.33225,1,0.41560,0.33872,25.93711,0.76628,1,0.71609,0.36647,25.65066,0.77063,1,-0.01880,0.02679,0.56873,0.00455,1,0.19889,0.09670,2.50350,0.00433,0,0,0.00000,7
0.77923,0.35465,3245.92871,0.10229,6684,1,0.76361,0.36268,1,0.77989,0.30525,1,0.77175,0.33396,1,0.41578,0.33899,25.71064,0.76673,1,0.71612,0.36677,25.48936,0.76673,1,-0.01808,0.02586,0.55072,0.00458,1,0.19015,0.09226,2.39329,0.00431,0,0,0.00000,7
0.77999,0.35563,3245.92871,0.10791,6684,1,0.79002,0.37522,1,0.79423,0.36751,1,0.79212,0.37137,1,0.41631,0.33931,25.91227,0.76284,1,0.71665,0.36705,25.65529,0.75849,1,-0.01808,0.02586,0.55072,0.00457,1,0.19015,0.09226,2.39329,0.00432,0,0,0.00000,7
0.78033,0.35463,3245.92871,0.11426,6684,1,0.77829,0.36792,1,0.79378,0.30722,1,0.78604,0.33757,1,0.41643,0.33953,25.93854,0.75460,1,0.71667,0.36725,25.52185,0.75025,1,-0.01808,0.02586,0.55072,0.00457,1,0.19015,0.09226,2.39329,0.00429,0,0,0.00000,7
0.78056,0.35396,3245.92871,0.12109,6684,1,0.77776,0.37210,1,0.79182,0.31162,1,0.78479,0.34186,1,0.41663,0.33976,25.71339,0.75025,1,0.71679,0.36744,25.44141,0.74590,1,-0.01861,0.02650,0.56816,0.00459,1,0.19015,0.09154,2.39329,0.00434,0,0,0.00000,7
0.78120,0.35516,3245.92871,0.12769,6684,1,0.78535,0.41148,1,0.80134,0.34460,1,0.79334,0.37804,1,0.41648,0.34010,25.74858,0.74980,1,0.71650,0.36772,25.49651,0.74980,1,-0.01861,0.02650,0.56816,0.00459,1,0.19015,0.09154,2.39329,0.00431,0,0,0.00000,7
0.78151,0.35494,3245.92871,0.13452,6684,1,0.76749,0.34638,1,0.80769,0.35444,1,0.78759,0.35041,1,0.41630,0.34030,25.87145,0.75369,1,0.71635,0.36783,25.51129,0.75369,1,-0.01861,0.02650,0.56816,0.00464,1,0.19015,0.09154,2.39329,0.00434,0,0,0.00000,7
0.78179,0.35465,3245.92871,0.14111,6684,1,0.76792,0.34253,1,0.80765,0.35453,1,0.78778,0.34853,1,0.41596,0.34067,25.85112,0.75759,1,0.71603,0.36787,25.41135,0.75360,1,-0.01880,0.02636,0.56873,0.00461,1,0.18167,0.08761,2.29499,0.00434,0,0,0.00000,7
0.78157,0.35561,3245.92871,0.14771,6684,1,0.76370,0.38641,1,0.78957,0.36715,1,0.77663,0.37678,1,0.41572,0.34098,25.92774,0.75360,1,0.71566,0.36808,25.47908,0.74961,1,-0.01880,0.02636,0.56873,0.00460,1,0.18167,0.08761,2.29499,0.00431,0,0,0.00000,7
0.78151,0.35557,3245.92871,0.15430,6684,1,0.76619,0.40665,1,0.79423,0.30256,1,0.78021,0.35461,1,0.41566,0.34102,25.52035,0.74961,1,0.71550,0.36814,25.50864,0.74563,1,-0.01880,0.02636,0.56873,0.00460,1,0.18167,0.08761,2.29499,0.00431,0,0,0.00000,7
0.78146,0.35552,3245.92871,0.16113,6684,1,0.76622,0.40641,1,0.79434,0.30230,1,0.78028,0.35435,1,0.41524,0.34129,26.06868,0.74988,1,0.71517,0.36829,25.40106,0.74589,1,-0.01936,0.02686,0.58148,0.00460,1,0.18064,0.08693,2.29070,0.00428,0,0,0.00000,7
0.78099,0.35499,3245.92871,0.16748,6684,1,0.76132,0.36689,1,0.77724,0.31674,1,0.76928,0.34182,1,0.41495,0.34149,25.65642,0.75014,1,0.71472,0.36831,25.23348,0.75014,1,-0.01936,0.02686,0.58148,0.00459,1,0.18064,0.08693,2.29070,0.00433,0,0,0.00000,7
0.78071,0.35463,3245.92871,0.17383,6684,1,0.76441,0.37787,1,0.78227,0.31238,1,0.77334,0.34513,1,0.41478,0.34164,25.73125,0.75439,1,0.71454,0.36841,25.59774,0.75439,1,-0.01936,0.02686,0.58148,0.00459,1,0.18064,0.08693,2.29070,0.00434,0,0,0.00000,7
0.78048,0.35421,3245.92871,0.18115,6684,1,0.76441,0.37787,1,0.78400,0.30840,1,0.77420,0.34313,1,0.41437,0.34184,25.84181,0.75439,1,0.71420,0.36849,25.21592,0.75838,1,-0.01905,0.02606,0.56597,0.00460,1,0.18773,0.09070,2.38999,0.00432,0,0,0.00000,7
0.77980,0.35450,3245.92871,0.18701,6684,1,0.74993,0.40379,1,0.77179,0.32110,1,0.76086,0.36244,1,0.41401,0.34203,25.84346,0.75413,1,0.71373,0.36860,25.48722,0.75811,1,-0.01905,0.02606,0.56597,0.00458,1,0.18773,0.09070,2.38999,0.00430,0,0,0.00000,7
0.77960,0.35476,3245.92871,0.19604,6684,1,0.74994,0.40197,1,0.79769,0.32251,1,0.77382,0.36224,1,0.41375,0.34215,25.90934,0.75386,1,0.71356,0.36860,25.39000,0.75785,1,-0.01905,0.02606,0.56597,0.00462,1,0.18773,0.09070,2.38999,0.00433,0,0,0.00000,7
0.77941,0.35501,3245.92871,0.20264,6684,1,0.74992,0.40221,1,0.79757,0.32277,1,0.77375,0.36249,1,0.41348,0.34218,25.77691,0.75360,1,0.71313,0.36850,25.36118,0.75759,1,-0.01918,0.02601,0.56486,0.00460,1,0.18636,0.09056,2.38625,0.00431,0,0,0.00000,7
0.77902,0.35455,3245.92871,0.20776,6684,1,0.76092,0.36808,1,0.77310,0.31292,1,0.76701,0.34050,1,0.41296,0.34222,25.96443,0.75759,1,0.71264,0.36851,25.36889,0.75759,1,-0.01918,0.02601,0.56486,0.00463,1,0.18636,0.09056,2.38625,0.00429,0,0,0.00000,7
0.77879,0.35424,3245.92871,0.21436,6684,1,0.76528,0.37664,1,0.77696,0.31161,1,0.77112,0.34412,1,0.41271,0.34230,26.15394,0.75759,1,0.71251,0.36849,25.13039,0.75759,1,-0.01918,0.02601,0.56486,0.00461,1,0.18636,0.09056,2.38625,0.00433,0,0,0.00000,7
0.77856,0.35394,3245.92871,0.22095,6684,1,0.76528,0.37664,1,0.77696,0.31161,1,0.77112,0.34412,1,0.41254,0.34234,25.71993,0.75759,1,0.71206,0.36849,25.24097,0.75759,1,-0.01937,0.02594,0.56525,0.00460,1,0.18590,0.09068,2.38945,0.00435,0,0,0.00000,7
0.77772,0.35368,3245.92871,0.22803,6684,1,0.74354,0.38114,1,0.75508,0.30864,1,0.74931,0.34489,1,0.41190,0.34243,26.29353,0.75759,1,0.71164,0.36836,25.15569,0.75759,1,-0.01937,0.02594,0.56525,0.00463,1,0.18590,0.09068,2.38945,0.00432,0,0,0.00000,7
0.77717,0.35327,3245.92871,0.23486,6684,1,0.75535,0.37722,1,0.76049,0.30068,1,0.75792,0.33895,1,0.41182,0.34236,25.90809,0.75759,1,0.71142,0.36834,25.28590,0.75759,1,-0.01937,0.02594,0.56525,0.00462,1,0.18590,0.09068,2.38945,0.00430,0,0,0.00000,7
0.77661,0.35304,3245.92871,0.24072,6684,1,0.75499,0.38088,1,0.75730,0.30866,1,0.75615,0.34477,1,0.41141,0.34239,26.22605,0.75369,1,0.71105,0.36828,25.43493,0.74971,1,-0.01913,0.02532,0.55247,0.00466,1,0.04350,0.02093,0.55047,0.00428,1,0,0.00000,7
0.77583,0.35280,3245.92871,0.24829,6684,1,0.73682,0.39849,1,0.75750,0.28948,1,0.74716,0.34398,1,0.41101,0.34245,25.94983,0.74581,1,0.71060,0.36819,25.26972,0.74183,1,-0.01913,0.02532,0.55247,0.00465,1,0.04350,0.02093,0.55047,0.00430,1,0,0.00000,7
0.77509,0.35339,3245.92871,0.25488,6684,1,0.73429,0.36396,1,0.75962,0.38766,1,0.74696,0.37581,1,0.41069,0.34253,26.16662,0.73793,1,0.71045,0.36811,25.18482,0.73394,1,-0.01913,0.02532,0.55247,0.00465,1,0.04350,0.02093,0.55047,0.00429,1,0,0.00000,7
0.77434,0.35414,3245.92871,0.26172,6684,1,0.73375,0.37167,1,0.75632,0.39500,1,0.74504,0.38333,1,0.41039,0.34250,25.79634,0.73005,1,0.71002,0.36798,25.39277,0.72606,1,-0.01933,0.02532,0.55344,0.00468,1,0.04388,0.02124,0.55743,0.00428,1,0,0.00000,7
0.77342,0.35491,3245.92871,0.26831,6684,1,0.73680,0.37954,1,0.73613,0.39207,1,0.73647,0.38580,1,0.40996,0.34270,25.89391,0.72606,1,0.70965,0.36809,25.09480,0.72606,1,-0.01933,0.02532,0.55344,0.00458,1,0.04388,0.02124,0.55743,0.00432,1,0,0.00000,7
0.77239,0.35585,3245.92871,0.27490,6684,1,0.71962,0.39072,1,0.74106,0.39792,1,0.73034,0.39432,1,0.40967,0.34267,25.76530,0.72606,1,0.70930,0.36801,25.45087,0.72606,1,-0.01933,0.02532,0.55344,0.00462,1,0.04388,0.02124,0.55743,0.00429,1,0,0.00000,7
0.77145,0.35662,3245.92871,0.28174,6684,1,0.71982,0.38701,1,0.74421,0.39061,1,0.73201,0.38881,1,0.40936,0.34266,25.61084,0.72996,1,0.70901,0.36805,25.47252,0.73394,1,-0.02010,0.02605,0.56933,0.00460,1,0.18173,0.09041,2.36825,0.00429,0,0,0.00000,7
0.77068,0.35685,3245.92871,0.28833,6684,1,0.71995,0.39696,1,0.75528,0.33697,1,0.73761,0.36696,1,0.40887,0.34301,25.84674,0.73784,1,0.70853,0.36808,25.46958,0.74183,1,-0.02010,0.02605,0.56933,0.00458,1,0.18173,0.09041,2.36825,0.00429,0,0,0.00000,7
0.74511,0.36338,3245.92871,0.28833,6684,0,0.72403,0.40819,1,0.73850,0.28936,1,0.73126,0.34877,1,0.40846,0.34326,26.51105,0.74572,1,0.70840,0.36810,25.30528,0.74971,1,-0.02010,0.02605,0.56933,0.00458,1,0.18173,0.09041,2.36825,0.00429,0,0,0.00000,7
0.73992,0.34905,3245.92871,0.28833,6684,0,0.72469,0.39720,1,0.74476,0.27224,1,0.73472,0.33472,1,0.40832,0.34312,25.68440,0.75785,1,0.70807,0.36818,25.34790,0.76618,1,-0.02050,0.02624,0.57442,0.00463,1,0.19054,0.09460,2.49267,0.00428,0,0,0.00000,7
0.74175,0.33829,3245.92871,0.28833,6684,0,0.73255,0.36322,1,0.75829,0.27031,1,0.74542,0.31677,1,0.40789,0.34329,25.69329,0.77043,1,0.70763,0.36824,25.20161,0.77478,1,-0.02050,0.02624,0.57442,0.00459,1,0.19054,0.09460,2.49267,0.00433,0,0,0.00000,7
0.73831,0.33160,3246.22388,0.02026,6685,1,0.70919,0.35862,1,0.74675,0.26445,1,0.72797,0.31153,1,0.40744,0.34360,26.37043,0.77903,1,0.70747,0.36814,25.14491,0.78338,1,-0.02050,0.02624,0.57442,0.00457,1,0.19054,0.09460,2.49267,0.00427,0,0,0.00000,7
0.73642,0.32674,3246.22388,0.02661,6685,1,0.70934,0.35458,1,0.74837,0.25999,1,0.72885,0.30729,1,0.40727,0.34343,25.61778,0.78338,1,0.70716,0.36827,25.01204,0.78772,1,-0.02061,0.02597,0.57146,0.00460,1,0.18940,0.09440,2.48758,0.00428,0,0,0.00000,7
0.73683,0.32221,3246.22388,0.03320,6685,1,0.72017,0.32791,1,0.75765,0.27119,1,0.73891,0.29955,1,0.40669,0.34391,26.44865,0.78348,1,0.70679,0.36833,25.26872,0.78348,1,-0.02061,0.02597,0.57146,0.00459,1,0.18940,0.09440,2.48758,0.00428,0,0,0.00000,7
0.73607,0.32057,3246.22388,0.04028,6685,1,0.72377,0.34085,1,0.73926,0.28074,1,0.73152,0.31079,1,0.40641,0.34389,26.46775,0.77923,1,0.70662,0.36824,25.17455,0.77923,1,-0.02061,0.02597,0.57146,0.00459,1,0.18940,0.09440,2.48758,0.00432,0,0,0.00000,7
0.73529,0.32015,3246.22388,0.04688,6685,1,0.72355,0.34490,1,0.73611,0.28944,1,0.72983,0.31717,1,0.40629,0.34362,25.57444,0.77498,1,0.70633,0.36826,25.09642,0.77063,1,-0.02057,0.02571,0.56561,0.00459,1,0.18084,0.09048,2.38426,0.00427,0,0,0.00000,7
0.73338,0.32111,3246.22388,0.05347,6685,1,0.71088,0.35030,1,0.72537,0.30723,1,0.71812,0.32877,1,0.40583,0.34380,25.97100,0.77063,1,0.70596,0.36840,25.27902,0.76628,1,-0.02057,0.02571,0.56561,0.00458,1,0.18084,0.09048,2.38426,0.00428,0,0,0.00000,7
0.73230,0.32187,3246.22388,0.06030,6685,1,0.71662,0.36062,1,0.72835,0.29683,1,0.72249,0.32873,1,0.40541,0.34411,26.50500,0.76628,1,0.70576,0.36845,25.11000,0.76193,1,-0.02057,0.02571,0.56561,0.00458,1,0.18084,0.09048,2.38426,0.00426,0,0,0.00000,7
0.73126,0.32306,3246.22388,0.06689,6685,1,0.71643,0.36472,1,0.72533,0.30529,1,0.72088,0.33501,1,0.40540,0.34388,25.84194,0.76193,1,0.70550,0.36848,25.35982,0.75360,1,-0.02074,0.02571,0.56577,0.00460,1,0.04281,0.02104,0.55442,0.00427,1,0,0.00000,7
0.72917,0.32616,3246.22388,0.07324,6685,1,0.69732,0.38517,1,0.71513,0.33532,1,0.70623,0.36024,1,0.40475,0.34420,26.43687,0.75360,1,0.70515,0.36844,25.08998,0.74961,1,-0.02074,0.02571,0.56577,0.00457,1,0.04281,0.02104,0.55442,0.00428,1,0,0.00000,7
0.72783,0.32895,3246.22388,0.08008,6685,1,0.70520,0.39168,1,0.71813,0.33324,1,0.71167,0.36246,1,0.40455,0.34421,26.41710,0.74961,1,0.70504,0.36856,25.16395,0.74563,1,-0.02074,0.02571,0.56577,0.00458,1,0.04281,0.02104,0.55442,0.00428,1,0,0.00000,7
0.72662,0.33162,3246.22388,0.08643,6685,1,0.70508,0.39535,1,0.71671,0.33719,1,0.71089,0.36627,1,0.40450,0.34401,25.65042,0.74563,1,0.70478,0.36854,25.25320,0.74164,1,-0.02094,0.02575,0.56659,0.00462,1,0.04243,0.02094,0.55170,0.00430,1,0,0.00000,7
0.72504,0.33469,3246.22388,0.09351,6685,1,0.69404,0.40280,1,0.71185,0.35254,1,0.70294,0.37767,1,0.40390,0.34433,26.33831,0.74164,1,0.70442,0.36860,25.20772,0.74164,1,-0.02094,0.02575,0.56659,0.00457,1,0.04243,0.02094,0.55170,0.00430,1,0,0.00000,7
0.72368,0.33768,3246.22388,0.10010,6685,1,0.70329,0.40951,1,0.70350,0.35554,1,0.70339,0.38252,1,0.40372,0.34435,26.20731,0.74164,1,0.70435,0.36861,25.04894,0.74164,1,-0.02094,0.02575,0.56659,0.00456,1,0.04243,0.02094,0.55170,0.00432,1,0,0.00000,7
0.72253,0.34020,3246.22388,0.10718,6685,1,0.70329,0.40951,1,0.70486,0.35168,1,0.70407,0.38059,1,0.40379,0.34418,25.56810,0.74164,1,0.70409,0.36867,25.27534,0.74563,1,-0.02144,0.02611,0.57539,0.00456,1,0.17896,0.09044,2.38317,0.00430,0,0,0.00000,7
0.72118,0.34181,3246.22388,0.11401,6685,1,0.68860,0.38332,1,0.70768,0.35474,1,0.69814,0.36903,1,0.40310,0.34458,26.28763,0.74563,1,0.70383,0.36885,25.22990,0.74961,1,-0.02144,0.02611,0.57539,0.00453,1,0.17896,0.09044,2.38317,0.00429,0,0,0.00000,7
0.71924,0.34260,3246.22388,0.12061,6685,1,0.67599,0.34726,1,0.69274,0.36665,1,0.68437,0.35695,1,0.40290,0.34467,26.31618,0.74961,1,0.70366,0.36886,25.19212,0.75360,1,-0.02144,0.02611,0.57539,0.00452,1,0.17896,0.09044,2.38317,0.00429,0,0,0.00000,7
0.71750,0.34332,3246.22388,0.12720,6685,1,0.67599,0.34717,1,0.69277,0.36656,1,0.68438,0.35687,1,0.40285,0.34448,25.59170,0.74971,1,0.70347,0.36896,25.43199,0.75369,1,-0.02057,0.02477,0.54867,0.00450,1,0.17915,0.08999,2.39027,0.00427,0,0,0.00000,7
0.71542,0.34335,3246.22388,0.13379,6685,1,0.66511,0.37965,1,0.68255,0.30849,1,0.67383,0.34407,1,0.40221,0.34509,26.27542,0.74980,1,0.70315,0.36918,25.39215,0.74980,1,-0.02057,0.02477,0.54867,0.00453,1,0.17915,0.08999,2.39027,0.00429,0,0,0.00000,7
0.71403,0.34411,3246.22388,0.14062,6685,1,0.67166,0.40826,1,0.69800,0.31199,1,0.68483,0.36012,1,0.40202,0.34522,26.14354,0.74590,1,0.70290,0.36933,25.53377,0.74590,1,-0.02057,0.02477,0.54867,0.00450,1,0.17915,0.08999,2.39027,0.00428,0,0,0.00000,7
0.69574,0.36491,3246.22388,0.14062,6685,0,0.67166,0.40826,1,0.69668,0.31605,1,0.68417,0.36216,1,0.40192,0.34511,25.45397,0.74590,1,0.70289,0.36944,25.46198,0.74192,1,-0.02137,0.02540,0.56451,0.00454,1,0.04225,0.02084,0.55358,0.00431,1,0,0.00000,7
0.68515,0.35926,3246.22388,0.14062,6685,0,0.65771,0.34649,1,0.69138,0.36072,1,0.67455,0.35361,1,0.40129,0.34570,26.05626,0.74581,1,0.70250,0.36967,25.38536,0.74182,1,-0.02137,0.02540,0.56451,0.00456,1,0.04225,0.02084,0.55358,0.00429,1,0,0.00000,7
0.68322,0.36176,3246.22388,0.14062,6685,0,0.68462,0.36691,1,0.67410,0.36658,1,0.67936,0.36675,1,0.40107,0.34583,26.43726,0.74572,1,0.70236,0.36976,25.22998,0.74173,1,-0.02137,0.02540,0.56451,0.00450,1,0.04225,0.02084,0.55358,0.00430,1,0,0.00000,7
0.68210,0.36395,3246.37036,0.02002,6686,1,0.68461,0.37071,1,0.67289,0.37040,1,0.67875,0.37055,1,0.40086,0.34591,26.27402,0.74173,1,0.70205,0.36987,25.37706,0.73775,1,-0.02112,0.02487,0.55456,0.00453,1,0.04251,0.02093,0.55927,0.00428,1,0,0.00000,7
0.67777,0.36274,3246.37036,0.02710,6686,1,0.65268,0.40600,1,0.66827,0.30975,1,0.66047,0.35788,1,0.40038,0.34611,26.41278,0.73385,1,0.70184,0.37000,25.11214,0.73385,1,-0.02112,0.02487,0.55456,0.00450,1,0.04251,0.02093,0.55927,0.00432,1,0,0.00000,7
0.67775,0.36508,3246.37036,0.03418,6686,1,0.68024,0.42430,1,0.67502,0.32931,1,0.67763,0.37681,1,0.40016,0.34622,26.37687,0.72996,1,0.70168,0.37000,25.04930,0.72996,1,-0.02112,0.02487,0.55456,0.00453,1,0.04251,0.02093,0.55927,0.00430,1,0,0.00000,7
0.67782,0.36647,3246.37036,0.04053,6686,1,0.68024,0.42430,1,0.67625,0.32524,1,0.67824,0.37477,1,0.39993,0.34633,26.44525,0.72996,1,0.70145,0.37015,24.97061,0.73394,1,-0.02158,0.02513,0.56114,0.00454,1,0.04275,0.02106,0.56398,0.00431,1,0,0.00000,7
0.67650,0.36517,3246.37036,0.04688,6686,1,0.66392,0.38623,1,0.67067,0.32589,1,0.66729,0.35606,1,0.39951,0.34652,26.42477,0.73784,1,0.70097,0.37027,25.48445,0.74182,1,-0.02158,0.02513,0.56114,0.00453,1,0.04275,0.02106,0.56398,0.00431,1,0,0.00000,7
0.67632,0.36174,3246.37036,0.05396,6686,1,0.66531,0.34177,1,0.68435,0.32696,1,0.67483,0.33437,1,0.39925,0.34665,26.31671,0.74572,1,0.70087,0.37035,25.21696,0.74971,1,-0.02158,0.02513,0.56114,0.00453,1,0.04275,0.02106,0.56398,0.00434,1,0,0.00000,7
0.67635,0.35801,3246.37036,0.06104,6686,1,0.66514,0.33404,1,0.68817,0.31478,1,0.67666,0.32441,1,0.39889,0.34654,26.22434,0.75360,1,0.70052,0.37044,25.55110,0.76193,1,-0.02196,0.02524,0.56653,0.00455,1,0.18490,0.09327,2.49718,0.00430,0,0,0.00000,7
0.67603,0.35692,3246.37036,0.06787,6686,1,0.66831,0.35635,1,0.67720,0.33563,1,0.67276,0.34599,1,0.39841,0.34681,26.19279,0.76193,1,0.70017,0.37056,25.50562,0.76628,1,-0.02196,0.02524,0.56653,0.00455,1,0.18490,0.09327,2.49718,0.00429,0,0,0.00000,7
0.67456,0.35630,3246.37036,0.07422,6686,1,0.64192,0.35444,1,0.67491,0.34469,1,0.65841,0.34957,1,0.39817,0.34696,26.34084,0.76628,1,0.69998,0.37068,25.09180,0.77063,1,-0.02196,0.02524,0.56653,0.00452,1,0.18490,0.09327,2.49718,0.00431,0,0,0.00000,7
0.67327,0.35591,3246.37036,0.08130,6686,1,0.64190,0.35402,1,0.67376,0.34838,1,0.65783,0.35120,1,0.39777,0.34714,26.40244,0.76673,1,0.69958,0.37070,25.32349,0.76673,1,-0.02146,0.02443,0.54843,0.00452,1,0.04365,0.02164,0.58051,0.00432,1,0,0.00000,7
0.67164,0.35569,3246.37036,0.08789,6686,1,0.64513,0.38745,1,0.65580,0.31820,1,0.65047,0.35283,1,0.39719,0.34734,26.33554,0.76284,1,0.69925,0.37084,25.11764,0.75849,1,-0.02146,0.02443,0.54843,0.00453,1,0.04365,0.02164,0.58051,0.00428,1,0,0.00000,7
0.67013,0.35415,3246.37036,0.09473,6686,1,0.64498,0.36597,1,0.65291,0.29925,1,0.64894,0.33261,1,0.39695,0.34741,26.51414,0.75460,1,0.69902,0.37092,25.10088,0.75025,1,-0.02146,0.02443,0.54843,0.00455,1,0.04365,0.02164,0.58051,0.00432,1,0,0.00000,7
0.66874,0.35320,3246.37036,0.10132,6686,1,0.64518,0.37003,1,0.65063,0.30788,1,0.64791,0.33895,1,0.39649,0.34756,26.44958,0.75025,1,0.69855,0.37105,25.38587,0.74192,1,-0.02376,0.02651,0.59919,0.00455,1,0.04140,0.02050,0.55336,0.00431,1,0,0.00000,7
0.66752,0.35241,3246.37036,0.10791,6686,1,0.64013,0.36585,1,0.65569,0.31345,1,0.64791,0.33965,1,0.39594,0.34783,26.42078,0.74581,1,0.69812,0.37125,25.49121,0.74182,1,-0.02376,0.02651,0.59919,0.00456,1,0.04140,0.02050,0.55336,0.00434,1,0,0.00000,7
0.66633,0.35266,3246.37036,0.11475,6686,1,0.63923,0.37859,1,0.65311,0.33535,1,0.64617,0.35697,1,0.39566,0.34792,26.37371,0.74572,1,0.69786,0.37111,25.24511,0.74173,1,-0.02376,0.02651,0.59919,0.00457,1,0.04140,0.02050,0.55336,0.00432,1,0,0.00000,7
0.66527,0.35298,3246.37036,0.12134,6686,1,0.63944,0.38229,1,0.65311,0.33535,1,0.64628,0.35882,1,0.39516,0.34811,26.51300,0.74173,1,0.69736,0.37143,25.80431,0.74173,1,-0.02212,0.02445,0.55247,0.00454,1,0.04227,0.02104,0.56775,0.00429,1,0,0.00000,7
0.66324,0.35388,3246.37036,0.12793,6686,1,0.62622,0.37948,1,0.62302,0.36251,1,0.62462,0.37100,1,0.39458,0.34835,26.67454,0.73784,1,0.69688,0.37147,25.42641,0.74182,1,-0.02212,0.02445,0.55247,0.00453,1,0.04227,0.02104,0.56775,0.00435,1,0,0.00000,7
0.66192,0.35426,3246.37036,0.13477,6686,1,0.61995,0.34589,1,0.65109,0.37760,1,0.63552,0.36175,1,0.39398,0.34815,25.63929,0.73793,1,0.69659,0.37153,25.20973,0.74192,1,-0.02212,0.02445,0.55247,0.00457,1,0.04227,0.02104,0.56775,0.00432,1,0,0.00000,7
0.66071,0.35451,3246.37036,0.14136,6686,1,0.61964,0.34200,1,0.65109,0.37760,1,0.63536,0.35980,1,0.39378,0.34863,26.35752,0.74192,1,0.69623,0.37162,25.32436,0.74192,1,-0.02305,0.02498,0.56830,0.00454,1,0.04060,0.02023,0.54930,0.00428,1,0,0.00000,7
0.65975,0.35382,3246.37036,0.14868,6686,1,0.63344,0.37265,1,0.64387,0.30466,1,0.63865,0.33866,1,0.39314,0.34892,26.75337,0.74581,1,0.69562,0.37187,25.52455,0.74182,1,-0.02305,0.02498,0.56830,0.00451,1,0.04060,0.02023,0.54930,0.00433,1,0,0.00000,7
0.65849,0.35375,3246.37036,0.15503,6686,1,0.62101,0.39159,1,0.63789,0.31246,1,0.62945,0.35202,1,0.39256,0.34884,26.01617,0.74572,1,0.69534,0.37189,25.20235,0.74173,1,-0.02305,0.02498,0.56830,0.00451,1,0.04060,0.02023,0.54930,0.00429,1,0,0.00000,7
0.65735,0.35360,3246.37036,0.16162,6686,1,0.62102,0.39167,1,0.63889,0.30844,1,0.62995,0.35006,1,0.39227,0.34930,26.60867,0.74563,1,0.69485,0.37204,25.47096,0.74563,1,-0.02362,0.02514,0.57390,0.00454,1,0.04179,0.02088,0.56826,0.00428,1,0,0.00000,7
0.65600,0.35272,3246.37036,0.16821,6686,1,0.60636,0.34387,1,0.63802,0.31774,1,0.62219,0.33081,1,0.39134,0.34918,25.91523,0.74563,1,0.69427,0.37220,25.44550,0.74961,1,-0.02362,0.02514,0.57390,0.00454,1,0.04179,0.02088,0.56826,0.00434,1,0,0.00000,7
0.65452,0.35251,3246.37036,0.17505,6686,1,0.60172,0.36391,1,0.63066,0.33003,1,0.61619,0.34697,1,0.39106,0.34941,25.82257,0.74961,1,0.69404,0.37216,25.52858,0.75360,1,-0.02362,0.02514,0.57390,0.00456,1,0.04179,0.02088,0.56826,0.00435,1,0,0.00000,7
0.65314,0.35238,3246.37036,0.18213,6686,1,0.60171,0.36382,1,0.62971,0.33390,1,0.61571,0.34886,1,0.39077,0.35003,26.53835,0.74971,1,0.69350,0.37232,25.50156,0.74971,1,-0.02327,0.02437,0.55820,0.00455,1,0.04021,0.02024,0.55072,0.00431,1,0,0.00000,7
0.65177,0.35305,3246.37036,0.18848,6686,1,0.60973,0.37159,1,0.61741,0.37184,1,0.61357,0.37172,1,0.38982,0.35013,26.00189,0.74581,1,0.69295,0.37251,25.64599,0.74182,1,-0.02327,0.02437,0.55820,0.00454,1,0.04021,0.02024,0.55072,0.00434,1,0,0.00000,7
0.65033,0.35286,3246.37036,0.19507,6686,1,0.60482,0.35284,1,0.61190,0.34212,1,0.60836,0.34748,1,0.38957,0.35031,26.16988,0.73793,1,0.69267,0.37261,25.31112,0.73394,1,-0.02327,0.02437,0.55820,0.00456,1,0.04021,0.02024,0.55072,0.00439,1,0,0.00000,7
0.62322,0.35219,3246.37036,0.19507,6686,0,0.60522,0.35668,1,0.61288,0.33775,1,0.60905,0.34721,1,0.38923,0.35082,26.77129,0.73394,1,0.69230,0.37262,25.31212,0.73829,1,-0.02381,0.02446,0.56421,0.00457,1,0.17778,0.09140,2.50231,0.00437,0,0,0.00000,7
0.61360,0.35287,3246.37036,0.19507,6686,0,0.58886,0.40043,1,0.61909,0.30666,1,0.60397,0.35355,1,0.38844,0.35087,26.29123,0.74219,1,0.69160,0.37288,25.76861,0.75052,1,-0.02381,0.02446,0.56421,0.00461,1,0.17778,0.09140,2.50231,0.00434,0,0,0.00000,7
0.61279,0.34648,3246.37036,0.19507,6686,0,0.61036,0.37020,1,0.61198,0.29720,1,0.61117,0.33370,1,0.38807,0.35103,26.36810,0.75442,1,0.69123,0.37292,25.49005,0.76275,1,-0.02381,0.02446,0.56421,0.00454,1,0.17778,0.09140,2.50231,0.00433,0,0,0.00000,7
0.61229,0.34232,3246.57227,0.02026,6687,1,0.60961,0.36252,1,0.61198,0.29720,1,0.61080,0.32986,1,0.38763,0.35125,26.12764,0.76275,1,0.69092,0.37303,25.39847,0.76275,1,-0.02394,0.02412,0.56030,0.00458,1,0.04026,0.02035,0.55831,0.00435,1,0,0.00000,7
0.60931,0.34311,3246.57227,0.02661,6687,1,0.59728,0.36235,1,0.59749,0.33013,1,0.59738,0.34624,1,0.38689,0.35164,26.11101,0.75885,1,0.69023,0.37328,25.69828,0.75052,1,-0.02394,0.02412,0.56030,0.00461,1,0.04026,0.02035,0.55831,0.00435,1,0,0.00000,7
0.60854,0.34477,3246.57227,0.03345,6687,1,0.58869,0.35611,1,0.62070,0.35006,1,0.60470,0.35308,1,0.38655,0.35186,26.25093,0.74663,1,0.69001,0.37308,25.46809,0.73829,1,-0.02394,0.02412,0.56030,0.00456,1,0.04026,0.02035,0.55831,0.00434,1,0,0.00000,7
0.60799,0.34683,3246.57227,0.03979,6687,1,0.58968,0.36398,1,0.61967,0.35435,1,0.60468,0.35917,1,0.38613,0.35197,26.01711,0.73829,1,0.68951,0.37325,25.63023,0.73394,1,-0.02459,0.02434,0.56835,0.00463,1,0.04075,0.02075,0.56920,0.00437,1,0,0.00000,7
0.60800,0.34828,3246.57227,0.04590,6687,1,0.59912,0.35303,1,0.61707,0.36386,1,0.60810,0.35845,1,0.38543,0.35244,26.32614,0.73784,1,0.68892,0.37343,25.76749,0.74183,1,-0.02459,0.02434,0.56835,0.00464,1,0.04075,0.02075,0.56920,0.00436,1,0,0.00000,7
0.60463,0.35004,3246.57227,0.05298,6687,1,0.56739,0.36811,1,0.58797,0.36019,1,0.57768,0.36415,1,0.38502,0.35258,26.49048,0.74572,1,0.68865,0.37345,25.58040,0.74971,1,-0.02459,0.02434,0.56835,0.00456,1,0.04075,0.02075,0.56920,0.00434,1,0,0.00000,7
0.60191,0.35127,3246.57227,0.06006,6687,1,0.56681,0.36442,1,0.58797,0.36019,1,0.57739,0.36231,1,0.38453,0.35268,25.92550,0.74971,1,0.68816,0.37346,25.86184,0.74971,1,-0.02427,0.02370,0.55432,0.00462,1,0.03962,0.02028,0.55635,0.00435,1,0,0.00000,7
0.60014,0.34995,3246.57227,0.06641,6687,1,0.58175,0.35433,1,0.58325,0.31924,1,0.58250,0.33679,1,0.38392,0.35294,26.07134,0.74581,1,0.68764,0.37357,25.66883,0.74183,1,-0.02427,0.02370,0.55432,0.00459,1,0.03962,0.02028,0.55635,0.00438,1,0,0.00000,7
0.59929,0.35188,3246.57227,0.07300,6687,1,0.57610,0.37254,1,0.60379,0.37372,1,0.58994,0.37313,1,0.38357,0.35300,26.44250,0.73793,1,0.68732,0.37348,25.86348,0.73394,1,-0.02427,0.02370,0.55432,0.00455,1,0.03962,0.02028,0.55635,0.00436,1,0,0.00000,7
0.59858,0.35394,3246.57227,0.07959,6687,1,0.57718,0.37988,1,0.60294,0.37747,1,0.59006,0.37867,1,0.38315,0.35307,26.23882,0.73005,1,0.68698,0.37342,25.78659,0.73005,1,-0.02426,0.02333,0.54860,0.00459,1,0.03980,0.02052,0.56305,0.00439,1,0,0.00000,7
0.59795,0.35345,3246.57227,0.08618,6687,1,0.57656,0.34380,1,0.60298,0.35025,1,0.58977,0.34703,1,0.38250,0.35316,25.86174,0.73005,1,0.68638,0.37324,25.66465,0.73404,1,-0.02426,0.02333,0.54860,0.00461,1,0.03980,0.02052,0.56305,0.00437,1,0,0.00000,7
0.59628,0.35292,3246.57227,0.09277,6687,1,0.56873,0.34278,1,0.57701,0.34832,1,0.57287,0.34555,1,0.38214,0.35315,25.92508,0.73404,1,0.68617,0.37323,25.74665,0.73802,1,-0.02426,0.02333,0.54860,0.00463,1,0.03980,0.02052,0.56305,0.00439,1,0,0.00000,7
0.59480,0.35210,3246.57227,0.09985,6687,1,0.56757,0.33511,1,0.57771,0.34444,1,0.57264,0.33978,1,0.38179,0.35332,26.24531,0.74192,1,0.68568,0.37325,25.92153,0.74192,1,-0.02539,0.02408,0.56724,0.00461,1,0.03859,0.02000,0.54873,0.00436,1,0,0.00000,7
0.59398,0.35095,3246.57227,0.10669,6687,1,0.58524,0.34683,1,0.57626,0.31802,1,0.58075,0.33243,1,0.38112,0.35335,26.26189,0.74581,1,0.68512,0.37300,25.48430,0.74183,1,-0.02539,0.02408,0.56724,0.00460,1,0.03859,0.02000,0.54873,0.00440,1,0,0.00000,7
0.59240,0.34949,3246.57227,0.11304,6687,1,0.55351,0.33857,1,0.57756,0.31105,1,0.56553,0.32481,1,0.38094,0.35334,26.31768,0.74572,1,0.68495,0.37305,25.75647,0.74173,1,-0.02539,0.02408,0.56724,0.00461,1,0.03859,0.02000,0.54873,0.00440,1,0,0.00000,7
0.59102,0.34818,3246.57227,0.11987,6687,1,0.55416,0.34240,1,0.57834,0.30653,1,0.56625,0.32446,1,0.38052,0.35344,26.50460,0.74173,1,0.68458,0.37288,25.83680,0.74608,1,-0.02472,0.02325,0.54769,0.00462,1,0.04043,0.02109,0.57867,0.00433,1,0,0.00000,7
0.58993,0.34659,3246.57227,0.12817,6687,1,0.55763,0.34616,1,0.58066,0.28677,1,0.56915,0.31647,1,0.38000,0.35345,26.63815,0.74219,1,0.68401,0.37282,25.90476,0.75052,1,-0.02472,0.02325,0.54769,0.00464,1,0.04043,0.02109,0.57867,0.00441,1,0,0.00000,7
0.58952,0.34564,3246.57227,0.13354,6687,1,0.58102,0.33908,1,0.58183,0.31409,1,0.58143,0.32658,1,0.37972,0.35344,26.45538,0.74663,1,0.68381,0.37265,25.86372,0.75496,1,-0.02472,0.02325,0.54769,0.00462,1,0.04043,0.02109,0.57867,0.00439,1,0,0.00000,7
0.58915,0.34450,3246.57227,0.14258,6687,1,0.57995,0.33104,1,0.58256,0.31004,1,0.58126,0.32054,1,0.37923,0.35329,26.40810,0.75496,1,0.68345,0.37251,26.01029,0.75894,1,-0.02598,0.02420,0.56900,0.00465,1,0.03948,0.02088,0.56813,0.00438,1,0,0.00000,7
0.58796,0.34345,3246.57227,0.14673,6687,1,0.55741,0.31136,1,0.56621,0.32946,1,0.56181,0.32041,1,0.37869,0.35328,26.43396,0.76284,1,0.68318,0.37229,25.63926,0.75849,1,-0.02598,0.02420,0.56900,0.00460,1,0.03948,0.02088,0.56813,0.00440,1,0,0.00000,7
0.58691,0.34308,3246.57227,0.15381,6687,1,0.55724,0.34599,1,0.56823,0.32307,1,0.56273,0.33453,1,0.37850,0.35320,26.37143,0.76239,1,0.68286,0.37222,25.85438,0.75804,1,-0.02598,0.02420,0.56900,0.00465,1,0.03948,0.02088,0.56813,0.00444,1,0,0.00000,7
0.58594,0.34290,3246.57227,0.16040,6687,1,0.55791,0.35003,1,0.56751,0.32742,1,0.56271,0.33873,1,0.37829,0.35314,26.65426,0.75804,1,0.68257,0.37217,26.02324,0.75369,1,-0.02535,0.02346,0.55081,0.00466,1,0.03907,0.02075,0.56468,0.00439,1,0,0.00000,7
0.58507,0.34217,3246.57227,0.16675,6687,1,0.55173,0.34485,1,0.57477,0.30302,1,0.56325,0.32394,1,0.37818,0.35296,26.19736,0.74980,1,0.68255,0.37196,26.01991,0.74980,1,-0.02535,0.02346,0.55081,0.00470,1,0.03907,0.02075,0.56468,0.00442,1,0,0.00000,7
0.58576,0.34238,3246.57227,0.17383,6687,1,0.59242,0.39173,1,0.61509,0.30399,1,0.60376,0.34786,1,0.37860,0.35300,26.57682,0.74590,1,0.68312,0.37195,26.00398,0.74590,1,-0.02535,0.02346,0.55081,0.00467,1,0.03907,0.02075,0.56468,0.00443,1,0,0.00000,7
0.58638,0.34279,3246.57227,0.18042,6687,1,0.59286,0.39524,1,0.61331,0.31218,1,0.60309,0.35371,1,0.37900,0.35286,26.35199,0.74201,1,0.68356,0.37180,25.95506,0.73802,1,-0.02544,0.02379,0.55641,0.00464,1,0.03842,0.02034,0.55345,0.00442,1,0,0.00000,7
0.58740,0.34301,3246.57227,0.18726,6687,1,0.59880,0.38878,1,0.63344,0.30952,1,0.61612,0.34915,1,0.37987,0.35305,27.11076,0.73802,1,0.68400,0.37189,25.91673,0.73404,1,-0.02544,0.02379,0.55641,0.00466,1,0.03842,0.02034,0.55345,0.00440,1,0,0.00000,7
0.58881,0.34373,3246.57227,0.19385,6687,1,0.61317,0.38338,1,0.64580,0.34598,1,0.62948,0.36468,1,0.37976,0.35296,27.11432,0.73404,1,0.68391,0.37175,25.80795,0.73005,1,-0.02544,0.02379,0.55641,0.00465,1,0.03842,0.02034,0.55345,0.00444,1,0,0.00000,7
0.59012,0.34447,3246.57227,0.20044,6687,1,0.61353,0.38709,1,0.64580,0.34598,1,0.62966,0.36653,1,0.37960,0.35295,27.09401,0.73005,1,0.68377,0.37161,25.82960,0.73005,1,-0.02534,0.02361,0.55226,0.00468,1,0.03909,0.02089,0.56372,0.00442,1,0,0.00000,7
0.59081,0.34514,3246.57227,0.20752,6687,1,0.59580,0.37641,1,0.62862,0.35585,1,0.61221,0.36613,1,0.37927,0.35285,27.31343,0.73005,1,0.68333,0.37144,25.83737,0.73404,1,-0.02534,0.02361,0.55226,0.00468,1,0.03909,0.02089,0.56372,0.00443,1,0,0.00000,7
0.59216,0.34557,3246.57227,0.21411,6687,1,0.62838,0.37777,1,0.64198,0.34081,1,0.63518,0.35929,1,0.37907,0.35286,27.29910,0.73404,1,0.68317,0.37143,25.92336,0.73802,1,-0.02534,0.02361,0.55226,0.00465,1,0.03909,0.02089,0.56372,0.00443,1,0,0.00000,7
0.59344,0.34586,3246.57227,0.22070,6687,1,0.62810,0.37402,1,0.64303,0.33683,1,0.63557,0.35542,1,0.37879,0.35273,27.38566,0.73802,1,0.68294,0.37127,26.17576,0.74201,1,-0.02582,0.02390,0.55917,0.00467,1,0.03890,0.02088,0.56346,0.00444,1,0,0.00000,7
0.59393,0.34526,3246.57227,0.22705,6687,1,0.59907,0.34843,1,0.62259,0.30119,1,0.61083,0.32481,1,0.37849,0.35263,27.31922,0.74201,1,0.68261,0.37096,26.17555,0.74201,1,-0.02582,0.02390,0.55917,0.00467,1,0.03890,0.02088,0.56346,0.00441,1,0,0.00000,7
0.59422,0.34442,3246.57227,0.23340,6687,1,0.58376,0.33891,1,0.62484,0.29078,1,0.60430,0.31485,1,0.37813,0.35236,26.95234,0.74201,1,0.68241,0.37092,26.04833,0.74201,1,-0.02582,0.02390,0.55917,0.00468,1,0.03890,0.02088,0.56346,0.00443,1,0,0.00000,7
0.59448,0.34367,3246.57227,0.24072,6687,1,0.58376,0.33891,1,0.62388,0.29501,1,0.60382,0.31696,1,0.37801,0.35257,27.27642,0.74201,1,0.68226,0.37078,26.05322,0.73802,1,-0.02551,0.02358,0.55056,0.00468,1,0.03829,0.02074,0.55642,0.00444,1,0,0.00000,7
0.59493,0.34425,3246.57227,0.24756,6687,1,0.60387,0.37464,1,0.61940,0.35636,1,0.61163,0.36550,1,0.37770,0.35241,27.37531,0.73802,1,0.68190,0.37044,26.25101,0.73404,1,-0.02551,0.02358,0.55056,0.00466,1,0.03829,0.02074,0.55642,0.00445,1,0,0.00000,7
0.59499,0.34473,3246.57227,0.25415,6687,1,0.58728,0.37271,1,0.60742,0.35323,1,0.59735,0.36297,1,0.37740,0.35217,26.80995,0.73404,1,0.68185,0.37043,26.11984,0.73005,1,-0.02551,0.02358,0.55056,0.00469,1,0.03829,0.02074,0.55642,0.00440,1,0,0.00000,7
0.59506,0.34523,3246.57227,0.26074,6687,1,0.58777,0.37645,1,0.60742,0.35323,1,0.59759,0.36484,1,0.37730,0.35231,27.28789,0.73005,1,0.68164,0.37040,26.29357,0.73005,1,-0.02578,0.02371,0.55278,0.00464,1,0.03875,0.02110,0.56488,0.00444,1,0,0.00000,7
0.59541,0.34548,3246.57227,0.26758,6687,1,0.60803,0.37139,1,0.61117,0.33978,1,0.60960,0.35558,1,0.37687,0.35198,26.61382,0.73005,1,0.68134,0.37027,26.18417,0.73404,1,-0.02578,0.02371,0.55278,0.00468,1,0.03875,0.02110,0.56488,0.00444,1,0,0.00000,7
0.59570,0.34551,3246.57227,0.27393,6687,1,0.59754,0.36527,1,0.61726,0.32762,1,0.60740,0.34644,1,0.37672,0.35203,26.59923,0.73404,1,0.68115,0.37017,26.23164,0.73802,1,-0.02578,0.02371,0.55278,0.00466,1,0.03875,0.02110,0.56488,0.00443,1,0,0.00000,7
0.59598,0.34535,3246.57227,0.28052,6687,1,0.59668,0.35778,1,0.61908,0.31960,1,0.60788,0.33869,1,0.37664,0.35219,27.23615,0.74192,1,0.68098,0.37010,26.19648,0.74590,1,-0.02689,0.02470,0.57379,0.00470,1,0.03929,0.02144,0.57399,0.00442,1,0,0.00000,7
0.59571,0.34527,3246.57227,0.28760,6687,1,0.57119,0.37653,1,0.59659,0.30724,1,0.58389,0.34189,1,0.37626,0.35187,26.76582,0.74980,1,0.68085,0.37000,26.02468,0.74980,1,-0.02689,0.02470,0.57379,0.00465,1,0.03929,0.02144,0.57399,0.00441,1,0,0.00000,7
0.59548,0.34510,3246.57227,0.29468,6687,1,0.58060,0.38702,1,0.59005,0.28859,1,0.58532,0.33780,1,0.37613,0.35193,26.63083,0.75369,1,0.68076,0.36992,25.94605,0.75369,1,-0.02689,0.02470,0.57379,0.00468,1,0.03929,0.02144,0.57399,0.00447,1,0,0.00000,7
0.59525,0.34499,3246.57227,0.30078,6687,1,0.58060,0.38702,1,0.58928,0.29278,1,0.58494,0.33990,1,0.37612,0.35208,27.21601,0.75369,1,0.68050,0.36989,26.16175,0.74971,1,-0.02601,0.02386,0.55414,0.00466,1,0.03687,0.02019,0.54049,0.00443,1,0,0.00000,7
0.59522,0.34502,3246.57227,0.30737,6687,1,0.58993,0.38499,1,0.59845,0.30804,1,0.59419,0.34652,1,0.37575,0.35183,26.54362,0.74581,1,0.68034,0.36986,26.40359,0.74182,1,-0.02601,0.02386,0.55414,0.00467,1,0.03687,0.02019,0.54049,0.00444,1,0,0.00000,7
0.59506,0.34529,3246.57227,0.31421,6687,1,0.58294,0.39609,1,0.59200,0.32013,1,0.58747,0.35811,1,0.37559,0.35185,26.42115,0.73793,1,0.68026,0.36989,26.34117,0.73394,1,-0.02601,0.02386,0.55414,0.00468,1,0.03687,0.02019,0.54049,0.00443,1,0,0.00000,7
0.59432,0.34550,3246.57227,0.32056,6687,1,0.58345,0.39969,1,0.59121,0.32426,1,0.58733,0.36197,1,0.37548,0.35188,26.58143,0.73394,1,0.68019,0.36996,26.30743,0.72996,1,-0.02674,0.02441,0.56697,0.00466,1,0.03687,0.02019,0.54049,0.00443,1,0,0.00000,7
0.59392,0.34523,3246.57227,0.32739,6687,1,0.57006,0.36611,1,0.60019,0.31487,1,0.58513,0.34049,1,0.37532,0.35195,26.62286,0.73385,1,0.68010,0.36994,25.87434,0.73385,1,-0.02674,0.02441,0.56697,0.00468,1,0.03687,0.02019,0.54049,0.00442,1,0,0.00000,7
0.59318,0.34554,3246.57227,0.33447,6687,1,0.56001,0.36578,1,0.59123,0.33215,1,0.57562,0.34896,1,0.37529,0.35197,26.66380,0.73775,1,0.68004,0.36996,25.77140,0.73775,1,-0.02674,0.02441,0.56697,0.00465,1,0.03687,0.02019,0.54049,0.00444,1,0,0.00000,7
0.59246,0.34590,3246.57227,0.34106,6687,1,0.56001,0.36578,1,0.59202,0.32810,1,0.57601,0.34694,1,0.37522,0.35209,26.75462,0.73775,1,0.67986,0.37012,26.25418,0.74173,1,-0.02632,0.02390,0.55718,0.00465,1,0.03845,0.02107,0.56424,0.00445,1,0,0.00000,7
0.59202,0.34573,3246.57227,0.34766,6687,1,0.57032,0.33489,1,0.58237,0.34081,1,0.57635,0.33785,1,0.37507,0.35229,26.78957,0.73784,1,0.67975,0.37029,26.21555,0.74182,1,-0.02632,0.02390,0.55718,0.00470,1,0.03845,0.02107,0.56424,0.00446,1,0,0.00000,7
0.59134,0.34559,3246.57227,0.35449,6687,1,0.56544,0.34866,1,0.57836,0.34441,1,0.57190,0.34653,1,0.37502,0.35227,26.85635,0.73793,1,0.67973,0.37033,26.19240,0.74192,1,-0.02632,0.02390,0.55718,0.00470,1,0.03845,0.02107,0.56424,0.00446,1,0,0.00000,7
0.59065,0.34532,3246.57227,0.36230,6687,1,0.56543,0.34857,1,0.57837,0.34432,1,0.57190,0.34644,1,0.37488,0.35240,26.73526,0.73802,1,0.67961,0.37038,26.05288,0.74201,1,-0.02605,0.02358,0.55162,0.00466,1,0.03845,0.02107,0.56424,0.00445,1,0,0.00000,7
0.58979,0.34543,3246.57227,0.36792,6687,1,0.55737,0.35992,1,0.57559,0.36691,1,0.56648,0.36341,1,0.37476,0.35256,26.53304,0.74201,1,0.67966,0.37052,25.99523,0.74201,1,-0.02605,0.02358,0.55162,0.00471,1,0.03845,0.02107,0.56424,0.00448,1,0,0.00000,7
0.58955,0.34512,3246.57227,0.37451,6687,1,0.55672,0.36781,1,0.57567,0.33073,1,0.56620,0.34927,1,0.37470,0.35260,26.61810,0.74201,1,0.67958,0.37066,26.14051,0.74201,1,-0.02605,0.02358,0.55162,0.00468,1,0.03845,0.02107,0.56424,0.00447,1,0,0.00000,7
0.58932,0.34480,3246.57227,0.38086,6687,1,0.55672,0.36781,1,0.57645,0.32632,1,0.56658,0.34707,1,0.37464,0.35265,26.56260,0.74201,1,0.67946,0.37070,26.36761,0.74635,1,-0.02605,0.02358,0.55162,0.00468,1,0.03935,0.02142,0.57806,0.00443,1,0,0.00000,7
0.58882,0.34479,3246.57227,0.38770,6687,1,0.55050,0.38198,1,0.56629,0.29035,1,0.55839,0.33617,1,0.37460,0.35284,26.58393,0.74635,1,0.67946,0.37083,26.38402,0.75070,1,-0.02605,0.02358,0.55162,0.00464,1,0.03935,0.02142,0.57806,0.00443,1,0,0.00000,7
0.58839,0.34375,3246.57227,0.39502,6687,1,0.55702,0.34508,1,0.58165,0.30152,1,0.56933,0.32330,1,0.37474,0.35293,26.70608,0.75070,1,0.67954,0.37097,26.41541,0.75505,1,-0.02605,0.02358,0.55162,0.00467,1,0.03935,0.02142,0.57806,0.00442,1,0,0.00000,7
0.58794,0.34260,3246.57227,0.40210,6687,1,0.55633,0.34096,1,0.58092,0.30564,1,0.56863,0.32330,1,0.37510,0.35316,26.75733,0.75505,1,0.67997,0.37102,26.00387,0.75106,1,-0.02608,0.02363,0.55564,0.00466,1,0.03901,0.02114,0.57050,0.00443,1,0,0.00000,7
0.58852,0.34252,3246.57227,0.40991,6687,1,0.62017,0.32925,1,0.61512,0.35770,1,0.61765,0.34348,1,0.37672,0.35342,27.31707,0.75106,1,0.68133,0.37153,26.18086,0.74273,1,-0.02608,0.02363,0.55564,0.00470,1,0.03901,0.02114,0.57050,0.00442,1,0,0.00000,7
0.58982,0.34182,3246.57227,0.41650,6687,1,0.63316,0.33812,1,0.63735,0.28543,1,0.63525,0.31178,1,0.37737,0.35339,26.94978,0.74273,1,0.68182,0.37172,26.36846,0.73440,1,-0.02608,0.02363,0.55564,0.00469,1,0.03901,0.02114,0.57050,0.00441,1,0,0.00000,7
0.59112,0.34137,3246.57227,0.42212,6687,1,0.63367,0.34632,1,0.63622,0.29011,1,0.63495,0.31822,1,0.37834,0.35342,27.30006,0.73440,1,0.68266,0.37176,26.26181,0.73005,1,-0.02551,0.02337,0.55056,0.00469,1,0.03925,0.02094,0.56971,0.00442,1,0,0.00000,7
0.59229,0.34141,3246.57227,0.42969,6687,1,0.62663,0.35475,1,0.64674,0.31414,1,0.63668,0.33445,1,0.37883,0.35354,27.20703,0.73005,1,0.68307,0.37208,26.28640,0.73404,1,-0.02551,0.02337,0.55056,0.00467,1,0.03925,0.02094,0.56971,0.00440,1,0,0.00000,7
0.59373,0.34176,3246.57227,0.43604,6687,1,0.62123,0.36200,1,0.64812,0.32100,1,0.63468,0.34150,1,0.37874,0.35365,27.31472,0.73404,1,0.68298,0.37210,26.10729,0.73802,1,-0.02551,0.02337,0.55056,0.00466,1,0.03925,0.02094,0.56971,0.00442,1,0,0.00000,7
0.59515,0.34207,3246.57227,0.44287,6687,1,0.62092,0.35817,1,0.64812,0.32100,1,0.63452,0.33959,1,0.37871,0.35366,27.29815,0.73802,1,0.68304,0.37214,26.11061,0.73802,1,-0.02551,0.02337,0.55056,0.00464,1,0.03826,0.02038,0.55468,0.00441,1,0,0.00000,7
0.59646,0.34272,3246.57227,0.44873,6687,1,0.61746,0.36863,1,0.64705,0.32602,1,0.63226,0.34732,1,0.37867,0.35378,27.16766,0.73802,1,0.68304,0.37216,26.06004,0.73404,1,-0.02551,0.02337,0.55056,0.00464,1,0.03826,0.02038,0.55468,0.00441,1,0,0.00000,7
0.59750,0.34338,3246.57227,0.45557,6687,1,0.61816,0.37502,1,0.64439,0.34160,1,0.63127,0.35831,1,0.37868,0.35379,27.15694,0.73404,1,0.68301,0.37222,26.03860,0.73005,1,-0.02551,0.02337,0.55056,0.00464,1,0.03826,0.02038,0.55468,0.00441,1,0,0.00000,7
0.59856,0.34412,3246.57227,0.46216,6687,1,0.61817,0.37510,1,0.64544,0.33768,1,0.63180,0.35639,1,0.37871,0.35381,27.17117,0.73394,1,0.68300,0.37230,26.14669,0.73394,1,-0.02602,0.02388,0.56257,0.00465,1,0.03887,0.02069,0.56300,0.00439,1,0,0.00000,7
0.60004,0.34469,3246.57227,0.46875,6687,1,0.61736,0.36386,1,0.64847,0.33114,1,0.63291,0.34750,1,0.37873,0.35369,27.40185,0.73784,1,0.68300,0.37228,26.16617,0.74183,1,-0.02602,0.02388,0.56257,0.00462,1,0.03887,0.02069,0.56300,0.00440,1,0,0.00000,7
0.62680,0.33846,3246.57227,0.46875,6687,0,0.61800,0.35919,1,0.64411,0.32024,1,0.63105,0.33971,1,0.37872,0.35374,27.32750,0.74572,1,0.68300,0.37230,26.14669,0.74971,1,-0.02602,0.02388,0.56257,0.00463,1,0.03887,0.02069,0.56300,0.00439,1,0,0.00000,7
0.62929,0.33523,3246.57227,0.46875,6687,0,0.61736,0.35172,1,0.64617,0.31229,1,0.63177,0.33200,1,0.37871,0.35375,27.29402,0.75360,1,0.68300,0.37222,26.02903,0.75759,1,-0.02602,0.02388,0.56257,0.00464,1,0.03887,0.02069,0.56300,0.00439,1,0,0.00000,7
0.62966,0.32866,3246.57227,0.46875,6687,0,0.61632,0.33423,1,0.64448,0.29680,1,0.63040,0.31552,1,0.37868,0.35355,27.11668,0.75759,1,0.68297,0.37212,26.06374,0.75759,1,-0.02602,0.02388,0.56257,0.00466,1,0.03887,0.02069,0.56300,0.00441,1,0,0.00000,7
0.63026,0.32135,3247.04834,0.01929,6688,1,0.61783,0.31583,1,0.64632,0.28305,1,0.63207,0.29944,1,0.37865,0.35352,27.08841,0.75759,1,0.68296,0.37209,26.06732,0.75759,1,-0.02602,0.02388,0.56257,0.00464,1,0.03887,0.02069,0.56300,0.00442,1,0,0.00000,7
0.63045,0.31818,3247.04834,0.02612,6688,1,0.61814,0.31968,1,0.64426,0.29130,1,0.63120,0.30549,1,0.37874,0.35343,26.95840,0.75369,1,0.68284,0.37198,26.18652,0.74971,1,-0.02582,0.02378,0.55917,0.00466,1,0.03834,0.02038,0.55466,0.00439,1,0,0.00000,7
0.63065,0.31990,3247.04834,0.03247,6688,1,0.62285,0.36428,1,0.64046,0.29266,1,0.63165,0.32847,1,0.37870,0.35329,27.15118,0.74581,1,0.68297,0.37172,25.70563,0.74183,1,-0.02582,0.02378,0.55917,0.00470,1,0.03834,0.02038,0.55466,0.00440,1,0,0.00000,7
0.62923,0.32202,3247.04834,0.03931,6688,1,0.62375,0.36729,1,0.61771,0.30218,1,0.62073,0.33473,1,0.37870,0.35324,27.19829,0.73793,1,0.68297,0.37172,25.70563,0.73394,1,-0.02582,0.02378,0.55917,0.00471,1,0.03834,0.02038,0.55466,0.00440,1,0,0.00000,7
0.62813,0.32411,3247.04834,0.04614,6688,1,0.62405,0.37107,1,0.61678,0.30640,1,0.62042,0.33873,1,0.37875,0.35319,27.23639,0.73394,1,0.68295,0.37169,26.09167,0.72996,1,-0.02594,0.02406,0.56270,0.00465,1,0.03842,0.02047,0.55579,0.00439,1,0,0.00000,7
0.62673,0.32840,3247.04834,0.05249,6688,1,0.62141,0.39742,1,0.60969,0.32807,1,0.61555,0.36275,1,0.37877,0.35312,27.33676,0.73385,1,0.68292,0.37167,25.88031,0.73385,1,-0.02594,0.02406,0.56270,0.00467,1,0.03842,0.02047,0.55579,0.00441,1,0,0.00000,7
0.62590,0.33015,3247.04834,0.05884,6688,1,0.62458,0.39599,1,0.61225,0.29580,1,0.61842,0.34589,1,0.37873,0.35314,27.43120,0.73775,1,0.68294,0.37169,25.89748,0.73775,1,-0.02594,0.02406,0.56270,0.00465,1,0.03842,0.02047,0.55579,0.00440,1,0,0.00000,7
0.62522,0.33158,3247.04834,0.06641,6688,1,0.62458,0.39599,1,0.61225,0.29580,1,0.61842,0.34589,1,0.37874,0.35305,27.19364,0.73775,1,0.68292,0.37170,25.83346,0.73775,1,-0.02535,0.02355,0.55081,0.00467,1,0.03834,0.02047,0.55466,0.00440,1,0,0.00000,7
0.62356,0.33406,3247.04834,0.07251,6688,1,0.60137,0.38242,1,0.60926,0.34018,1,0.60531,0.36130,1,0.37871,0.35302,27.29176,0.73385,1,0.68288,0.37169,25.89507,0.73385,1,-0.02535,0.02355,0.55081,0.00464,1,0.03834,0.02047,0.55466,0.00441,1,0,0.00000,7
0.62205,0.33633,3247.04834,0.07935,6688,1,0.59898,0.38780,1,0.60890,0.33954,1,0.60394,0.36367,1,0.37869,0.35298,27.14659,0.72996,1,0.68287,0.37167,25.90774,0.72996,1,-0.02535,0.02355,0.55081,0.00465,1,0.03834,0.02047,0.55466,0.00441,1,0,0.00000,7
0.62074,0.33856,3247.04834,0.08643,6688,1,0.59940,0.39141,1,0.60803,0.34349,1,0.60371,0.36745,1,0.37871,0.35295,27.08386,0.72606,1,0.68286,0.37166,25.92338,0.72606,1,-0.02535,0.02355,0.55081,0.00465,1,0.03842,0.02055,0.55579,0.00440,1,0,0.00000,7
0.61976,0.34158,3247.04834,0.09253,6688,1,0.60309,0.38804,1,0.60894,0.37991,1,0.60601,0.38397,1,0.37854,0.35268,26.51963,0.72606,1,0.68285,0.37162,25.93676,0.72606,1,-0.02535,0.02355,0.55081,0.00465,1,0.03842,0.02055,0.55579,0.00439,1,0,0.00000,7
0.61800,0.34342,3247.04834,0.09985,6688,1,0.57597,0.37304,1,0.60711,0.36880,1,0.59154,0.37092,1,0.37842,0.35257,26.36861,0.72606,1,0.68285,0.37157,26.11237,0.72606,1,-0.02535,0.02355,0.55081,0.00466,1,0.03842,0.02055,0.55579,0.00440,1,0,0.00000,7
0.61644,0.34504,3247.04834,0.10645,6688,1,0.57597,0.37304,1,0.60711,0.36880,1,0.59154,0.37092,1,0.37879,0.35271,27.33433,0.72606,1,0.68286,0.37150,26.07834,0.72606,1,-0.02535,0.02355,0.55081,0.00468,1,0.03834,0.02055,0.55466,0.00438,1,0,0.00000,7
0.61448,0.34522,3247.04834,0.11426,6688,1,0.58180,0.34686,1,0.58053,0.34994,1,0.58116,0.34840,1,0.37844,0.35227,26.25955,0.72606,1,0.68286,0.37127,25.98174,0.72606,1,-0.02535,0.02355,0.55081,0.00472,1,0.03834,0.02055,0.55466,0.00443,1,0,0.00000,7
0.61278,0.34616,3247.04834,0.11987,6688,1,0.57790,0.37994,1,0.58627,0.34628,1,0.58209,0.36311,1,0.37851,0.35204,26.03297,0.72606,1,0.68287,0.37126,26.01105,0.72606,1,-0.02535,0.02355,0.55081,0.00468,1,0.03834,0.02055,0.55466,0.00443,1,0,0.00000,7
0.61126,0.34691,3247.04834,0.12646,6688,1,0.57790,0.37994,1,0.58705,0.34224,1,0.58248,0.36109,1,0.37863,0.35202,26.53441,0.72606,1,0.68286,0.37105,25.92791,0.73005,1,-0.02535,0.02363,0.55081,0.00465,1,0.03907,0.02092,0.56468,0.00439,1,0,0.00000,7
0.61040,0.34731,3247.04834,0.13306,6688,1,0.58179,0.39955,1,0.60471,0.31121,1,0.59325,0.35538,1,0.37864,0.35189,26.62193,0.73005,1,0.68282,0.37092,26.09718,0.73404,1,-0.02535,0.02363,0.55081,0.00465,1,0.03907,0.02092,0.56468,0.00440,1,0,0.00000,7
0.60948,0.34698,3247.04834,0.13989,6688,1,0.57635,0.37616,1,0.60398,0.30378,1,0.59016,0.33997,1,0.37865,0.35186,26.54793,0.73404,1,0.68284,0.37087,25.93168,0.73802,1,-0.02535,0.02363,0.55081,0.00465,1,0.03907,0.02092,0.56468,0.00441,1,0,0.00000,7
0.60864,0.34643,3247.04834,0.14648,6688,1,0.57527,0.36882,1,0.60481,0.29968,1,0.59004,0.33425,1,0.37844,0.35162,26.45757,0.74192,1,0.68277,0.37072,25.98766,0.74192,1,-0.02593,0.02429,0.56424,0.00466,1,0.03842,0.02063,0.55579,0.00440,1,0,0.00000,7
0.60724,0.34599,3247.04834,0.15308,6688,1,0.57223,0.34808,1,0.57784,0.32365,1,0.57504,0.33586,1,0.37848,0.35136,26.49948,0.74581,1,0.68274,0.37064,26.00669,0.74183,1,-0.02593,0.02429,0.56424,0.00471,1,0.03842,0.02063,0.55579,0.00440,1,0,0.00000,7
0.60594,0.34634,3247.04834,0.15991,6688,1,0.57235,0.34266,1,0.57744,0.36720,1,0.57489,0.35493,1,0.37846,0.35136,26.42847,0.74572,1,0.68265,0.37058,26.06189,0.74173,1,-0.02593,0.02429,0.56424,0.00469,1,0.03842,0.02063,0.55579,0.00438,1,0,0.00000,7
0.60476,0.34660,3247.04834,0.16602,6688,1,0.57236,0.34275,1,0.57814,0.36344,1,0.57525,0.35309,1,0.37851,0.35131,26.55085,0.74563,1,0.68266,0.37053,25.84187,0.74563,1,-0.02620,0.02459,0.57016,0.00469,1,0.03907,0.02109,0.56468,0.00440,1,0,0.00000,7
0.60341,0.34694,3247.04834,0.17334,6688,1,0.56670,0.36872,1,0.56991,0.34266,1,0.56830,0.35569,1,0.37849,0.35112,26.39438,0.74563,1,0.68263,0.37041,25.82499,0.74961,1,-0.02620,0.02459,0.57016,0.00471,1,0.03907,0.02109,0.56468,0.00440,1,0,0.00000,7
0.60208,0.34686,3247.04834,0.18018,6688,1,0.56364,0.35771,1,0.56866,0.33195,1,0.56615,0.34483,1,0.37852,0.35117,26.40293,0.74961,1,0.68262,0.37036,25.91654,0.75360,1,-0.02620,0.02459,0.57016,0.00467,1,0.03907,0.02109,0.56468,0.00440,1,0,0.00000,7
0.60084,0.34666,3247.04834,0.18701,6688,1,0.56305,0.35399,1,0.56932,0.32798,1,0.56618,0.34098,1,0.37843,0.35109,26.57762,0.75360,1,0.68259,0.37029,25.93067,0.75759,1,-0.02593,0.02438,0.56424,0.00466,1,0.03907,0.02109,0.56468,0.00439,1,0,0.00000,7
0.59941,0.34611,3247.04834,0.19336,6688,1,0.55439,0.33834,1,0.56098,0.32165,1,0.55769,0.32999,1,0.37825,0.35094,26.27209,0.75759,1,0.68251,0.37020,25.89432,0.75759,1,-0.02593,0.02438,0.56424,0.00465,1,0.03907,0.02109,0.56468,0.00439,1,0,0.00000,7
0.59796,0.34562,3247.04834,0.20044,6688,1,0.55089,0.34453,1,0.55829,0.31725,1,0.55459,0.33089,1,0.37819,0.35094,26.26418,0.75759,1,0.68247,0.37018,25.83160,0.75759,1,-0.02593,0.02438,0.56424,0.00464,1,0.03907,0.02109,0.56468,0.00441,1,0,0.00000,7
0.59660,0.34534,3247.04834,0.20679,6688,1,0.55154,0.34819,1,0.55709,0.32522,1,0.55431,0.33671,1,0.37819,0.35101,26.22578,0.75369,1,0.68242,0.37019,25.57987,0.74971,1,-0.02535,0.02380,0.55081,0.00467,1,0.03834,0.02072,0.55466,0.00438,1,0,0.00000,7
0.56919,0.34234,3247.04834,0.20679,6688,0,0.54415,0.35730,1,0.57118,0.34450,1,0.55766,0.35090,1,0.37815,0.35106,26.29659,0.74581,1,0.68229,0.37025,25.82676,0.74183,1,-0.02535,0.02380,0.55081,0.00471,1,0.03834,0.02072,0.55466,0.00441,1,0,0.00000,7
0.56579,0.35608,3247.04834,0.20679,6688,0,0.56632,0.37794,1,0.55847,0.36169,1,0.56239,0.36981,1,0.37812,0.35107,26.09234,0.73793,1,0.68222,0.37043,26.03432,0.73394,1,-0.02535,0.02380,0.55081,0.00474,1,0.03834,0.02072,0.55466,0.00438,1,0,0.00000,7
0.56465,0.36316,3247.04834,0.20679,6688,0,0.56749,0.38521,1,0.55722,0.36944,1,0.56236,0.37733,1,0.37793,0.35123,26.51322,0.73005,1,0.68217,0.37049,25.98792,0.72606,1,-0.02535,0.02375,0.55081,0.00463,1,0.03834,0.02072,0.55466,0.00442,1,0,0.00000,7
0.56131,0.36572,3247.26270,0.01929,6689,1,0.55581,0.35604,1,0.54679,0.39078,1,0.55130,0.37341,1,0.37781,0.35140,26.44938,0.72606,1,0.68205,0.37051,25.58155,0.72606,1,-0.02535,0.02375,0.55081,0.00467,1,0.03834,0.02072,0.55466,0.00442,1,0,0.00000,7
0.56121,0.36382,3247.26270,0.02563,6689,1,0.55047,0.36660,1,0.57114,0.34586,1,0.56081,0.35623,1,0.37773,0.35142,26.53838,0.72606,1,0.68206,0.37056,25.60817,0.72606,1,-0.02535,0.02375,0.55081,0.00469,1,0.03834,0.02072,0.55466,0.00444,1,0,0.00000,7
0.56120,0.36158,3247.26270,0.03271,6689,1,0.54980,0.36291,1,0.57252,0.33786,1,0.56116,0.35038,1,0.37765,0.35150,26.22967,0.72996,1,0.68180,0.37073,26.19829,0.73394,1,-0.02594,0.02422,0.56270,0.00468,1,0.03890,0.02088,0.56346,0.00438,1,0,0.00000,7
0.56022,0.35815,3247.26270,0.03931,6689,1,0.55378,0.37500,1,0.55491,0.30008,1,0.55435,0.33754,1,0.37748,0.35161,26.19958,0.73784,1,0.68164,0.37090,25.95013,0.74183,1,-0.02594,0.02422,0.56270,0.00469,1,0.03890,0.02088,0.56346,0.00440,1,0,0.00000,7
0.55793,0.35643,3247.26270,0.04590,6689,1,0.54011,0.38071,1,0.54363,0.30813,1,0.54187,0.34442,1,0.37739,0.35172,26.22790,0.74572,1,0.68161,0.37096,26.01498,0.74971,1,-0.02594,0.02422,0.56270,0.00466,1,0.03890,0.02088,0.56346,0.00439,1,0,0.00000,7
0.55610,0.35490,3247.26270,0.05249,6689,1,0.53939,0.37711,1,0.54363,0.30813,1,0.54151,0.34262,1,0.37708,0.35187,26.06351,0.74971,1,0.68142,0.37102,25.88924,0.74971,1,-0.02551,0.02366,0.55056,0.00466,1,0.03822,0.02057,0.55533,0.00441,1,0,0.00000,7
0.55479,0.35456,3247.26270,0.05957,6689,1,0.54202,0.36581,1,0.54394,0.33727,1,0.54298,0.35154,1,0.37687,0.35207,26.13549,0.74581,1,0.68111,0.37114,25.78775,0.74183,1,-0.02551,0.02366,0.55056,0.00470,1,0.03822,0.02057,0.55533,0.00439,1,0,0.00000,7
0.55471,0.35522,3247.26270,0.06592,6689,1,0.55495,0.35163,1,0.55286,0.37193,1,0.55390,0.36178,1,0.37677,0.35231,26.34094,0.73793,1,0.68107,0.37125,25.51840,0.73394,1,-0.02551,0.02366,0.55056,0.00465,1,0.03822,0.02057,0.55533,0.00442,1,0,0.00000,7
0.55467,0.35624,3247.26270,0.07251,6689,1,0.55624,0.35915,1,0.55227,0.37572,1,0.55426,0.36743,1,0.37656,0.35244,26.27993,0.73005,1,0.68082,0.37149,25.96037,0.73005,1,-0.02559,0.02353,0.55049,0.00469,1,0.03830,0.02064,0.55712,0.00438,1,0,0.00000,7
0.55292,0.35624,3247.26270,0.07886,6689,1,0.53180,0.38010,1,0.53208,0.33239,1,0.53194,0.35624,1,0.37623,0.35276,26.33427,0.73005,1,0.68054,0.37156,25.79364,0.73404,1,-0.02559,0.02353,0.55049,0.00465,1,0.03830,0.02064,0.55712,0.00442,1,0,0.00000,7
0.55130,0.35697,3247.26270,0.08667,6689,1,0.51383,0.39313,1,0.54643,0.33992,1,0.53013,0.36653,1,0.37617,0.35283,26.39268,0.73404,1,0.68048,0.37156,25.71626,0.73802,1,-0.02559,0.02353,0.55049,0.00464,1,0.03830,0.02064,0.55712,0.00445,1,0,0.00000,7
0.54986,0.35749,3247.26270,0.09326,6689,1,0.51295,0.38957,1,0.54643,0.33992,1,0.52969,0.36474,1,0.37590,0.35293,26.28826,0.73802,1,0.68021,0.37164,25.91796,0.73802,1,-0.02590,0.02367,0.55553,0.00465,1,0.03809,0.02047,0.55592,0.00441,1,0,0.00000,7
0.54960,0.35626,3247.26270,0.09961,6689,1,0.54443,0.37130,1,0.54710,0.30417,1,0.54576,0.33773,1,0.37575,0.35308,26.25352,0.73802,1,0.68013,0.37169,25.58360,0.73404,1,-0.02590,0.02367,0.55553,0.00470,1,0.03809,0.02047,0.55592,0.00439,1,0,0.00000,7
0.54875,0.35510,3247.26270,0.10620,6689,1,0.53390,0.34885,1,0.53629,0.32435,1,0.53510,0.33660,1,0.37548,0.35337,26.64883,0.73404,1,0.67998,0.37168,25.73632,0.73005,1,-0.02590,0.02367,0.55553,0.00461,1,0.03809,0.02047,0.55592,0.00438,1,0,0.00000,7
0.54803,0.35405,3247.26270,0.11304,6689,1,0.53467,0.35267,1,0.53685,0.31982,1,0.53576,0.33624,1,0.37542,0.35338,26.58332,0.73005,1,0.67967,0.37185,26.10473,0.73440,1,-0.02603,0.02362,0.55635,0.00469,1,0.03970,0.02134,0.58058,0.00441,1,0,0.00000,7
0.54639,0.35326,3247.26270,0.11987,6689,1,0.51766,0.36098,1,0.51608,0.31685,1,0.51687,0.33892,1,0.37527,0.35359,26.54390,0.73440,1,0.67955,0.37187,25.73590,0.74273,1,-0.02603,0.02362,0.55635,0.00465,1,0.03970,0.02134,0.58058,0.00443,1,0,0.00000,7
0.54513,0.35288,3247.26270,0.12573,6689,1,0.50357,0.37307,1,0.53886,0.31843,1,0.52121,0.34575,1,0.37514,0.35365,26.40605,0.74273,1,0.67950,0.37194,25.71124,0.75106,1,-0.02603,0.02362,0.55635,0.00468,1,0.03970,0.02134,0.58058,0.00443,1,0,0.00000,7
0.54394,0.35236,3247.26270,0.13257,6689,1,0.50166,0.36550,1,0.53886,0.31843,1,0.52026,0.34196,1,0.37500,0.35361,26.31881,0.75106,1,0.67932,0.37192,25.79470,0.75106,1,-0.02601,0.02352,0.55414,0.00467,1,0.03687,0.01986,0.54049,0.00440,1,0,0.00000,7
0.54208,0.35215,3247.26270,0.14014,6689,1,0.49727,0.35745,1,0.50848,0.33809,1,0.50288,0.34777,1,0.37504,0.35371,26.38382,0.75106,1,0.67935,0.37198,25.77145,0.74273,1,-0.02601,0.02352,0.55414,0.00469,1,0.03687,0.01986,0.54049,0.00440,1,0,0.00000,7
0.54242,0.35274,3247.26270,0.14648,6689,1,0.54454,0.37558,1,0.55553,0.35577,1,0.55004,0.36567,1,0.37542,0.35378,26.20714,0.74273,1,0.67982,0.37223,25.88185,0.73440,1,-0.02601,0.02352,0.55414,0.00467,1,0.03687,0.01986,0.54049,0.00443,1,0,0.00000,7
0.54276,0.35353,3247.26270,0.15332,6689,1,0.54602,0.38320,1,0.55486,0.36008,1,0.55044,0.37164,1,0.37598,0.35379,26.30198,0.73440,1,0.68049,0.37231,25.70097,0.73005,1,-0.02592,0.02367,0.55770,0.00471,1,0.03875,0.02076,0.56488,0.00446,1,0,0.00000,7
0.54446,0.35410,3247.26270,0.16089,6689,1,0.57129,0.37284,1,0.59919,0.36291,1,0.58524,0.36788,1,0.37742,0.35354,26.19852,0.73005,1,0.68166,0.37244,25.84231,0.73404,1,-0.02592,0.02367,0.55770,0.00471,1,0.03875,0.02076,0.56488,0.00444,1,0,0.00000,7
0.54706,0.35437,3247.26270,0.16650,6689,1,0.61331,0.36588,1,0.61129,0.35633,1,0.61230,0.36111,1,0.37806,0.35374,26.95270,0.73404,1,0.68199,0.37249,25.73175,0.73802,1,-0.02592,0.02367,0.55770,0.00469,1,0.03875,0.02076,0.56488,0.00441,1,0,0.00000,7
0.54949,0.35448,3247.26270,0.17310,6689,1,0.61296,0.36208,1,0.61219,0.35242,1,0.61257,0.35725,1,0.37842,0.35325,26.42290,0.73802,1,0.68258,0.37236,25.57332,0.74201,1,-0.02535,0.02338,0.55081,0.00472,1,0.03887,0.02069,0.56300,0.00441,1,0,0.00000,7
0.55168,0.35451,3247.26270,0.17993,6689,1,0.60464,0.37088,1,0.61710,0.33980,1,0.61087,0.35534,1,0.37853,0.35313,26.31731,0.74201,1,0.68259,0.37236,25.94189,0.74201,1,-0.02535,0.02338,0.55081,0.00467,1,0.03887,0.02069,0.56300,0.00439,1,0,0.00000,7
0.55355,0.35440,3247.26270,0.18750,6689,1,0.60291,0.36633,1,0.60884,0.33639,1,0.60588,0.35136,1,0.37857,0.35301,26.25774,0.74201,1,0.68258,0.37235,25.94292,0.74201,1,-0.02535,0.02338,0.55081,0.00465,1,0.03887,0.02069,0.56300,0.00440,1,0,0.00000,7
0.55530,0.35430,3247.26270,0.19336,6689,1,0.60291,0.36633,1,0.60884,0.33639,1,0.60588,0.35136,1,0.37872,0.35329,27.10546,0.74201,1,0.68249,0.37217,25.79465,0.74201,1,-0.02535,0.02346,0.55081,0.00466,1,0.03887,0.02069,0.56300,0.00440,1,0,0.00000,7
0.55685,0.35428,3247.26270,0.19995,6689,1,0.59800,0.38912,1,0.60908,0.31823,1,0.60354,0.35368,1,0.37861,0.35283,26.50804,0.74201,1,0.68247,0.37214,25.96059,0.74201,1,-0.02535,0.02346,0.55081,0.00466,1,0.03887,0.02069,0.56300,0.00440,1,0,0.00000,7
0.55797,0.35434,3247.26270,0.20679,6689,1,0.57529,0.38657,1,0.60980,0.32626,1,0.59254,0.35642,1,0.37861,0.35283,26.45137,0.74201,1,0.68247,0.37210,26.05128,0.74201,1,-0.02535,0.02346,0.55081,0.00466,1,0.03887,0.02069,0.56300,0.00440,1,0,0.00000,7
0.58536,0.35816,3247.26270,0.20679,6689,0,0.57529,0.38657,1,0.60892,0.33031,1,0.59210,0.35844,1,0.37849,0.35271,26.52995,0.74201,1,0.68247,0.37209,26.04259,0.73802,1,-0.02535,0.02355,0.55081,0.00466,1,0.03834,0.02038,0.55466,0.00441,1,0,0.00000,7
0.58863,0.35093,3247.26270,0.20679,6689,0,0.57580,0.36711,1,0.60800,0.32029,1,0.59190,0.34370,1,0.37850,0.35267,26.38959,0.73802,1,0.68240,0.37203,26.07454,0.73404,1,-0.02535,0.02355,0.55081,0.00469,1,0.03834,0.02038,0.55466,0.00439,1,0,0.00000,7
0.59045,0.35014,3247.26270,0.20679,6689,0,0.57820,0.37560,1,0.60999,0.32150,1,0.59409,0.34855,1,0.37847,0.35263,26.33379,0.73404,1,0.68239,0.37198,25.94764,0.73005,1,-0.02535,0.02355,0.55081,0.00467,1,0.03834,0.02038,0.55466,0.00440,1,0,0.00000,7
0.59136,0.34976,3247.47656,0.02002,6690,1,0.57821,0.37568,1,0.60997,0.32159,1,0.59409,0.34864,1,0.37847,0.35246,26.41546,0.73394,1,0.68239,0.37198,25.94764,0.72996,1,-0.02593,0.02412,0.56424,0.00469,1,0.03834,0.02038,0.55466,0.00440,1,0,0.00000,7
0.58901,0.34671,3247.47656,0.02710,6690,1,0.57680,0.35592,1,0.58241,0.31314,1,0.57960,0.33453,1,0.37847,0.35233,26.43007,0.73385,1,0.68239,0.37190,26.01779,0.73385,1,-0.02593,0.02412,0.56424,0.00471,1,0.03834,0.02038,0.55466,0.00440,1,0,0.00000,7
0.58757,0.34427,3247.47656,0.03345,6690,1,0.57863,0.34585,1,0.58210,0.31824,1,0.58036,0.33204,1,0.37847,0.35233,26.40858,0.73775,1,0.68240,0.37193,25.99593,0.73775,1,-0.02593,0.02412,0.56424,0.00470,1,0.03834,0.02038,0.55466,0.00439,1,0,0.00000,7
0.58654,0.34252,3247.47656,0.04004,6690,1,0.57863,0.34585,1,0.58210,0.31824,1,0.58036,0.33204,1,0.37844,0.35228,26.33804,0.73775,1,0.68241,0.37190,25.92968,0.73775,1,-0.02534,0.02361,0.55226,0.00472,1,0.03834,0.02038,0.55466,0.00439,1,0,0.00000,7
0.58530,0.34316,3247.47656,0.04688,6690,1,0.57519,0.37840,1,0.57804,0.31684,1,0.57662,0.34762,1,0.37849,0.35208,26.16899,0.73385,1,0.68241,0.37187,25.94764,0.73385,1,-0.02534,0.02361,0.55226,0.00470,1,0.03834,0.02038,0.55466,0.00440,1,0,0.00000,7
0.58437,0.34384,3247.47656,0.05347,6690,1,0.57452,0.37984,1,0.57932,0.31877,1,0.57692,0.34930,1,0.37844,0.35226,26.38294,0.72996,1,0.68242,0.37187,25.95013,0.72996,1,-0.02534,0.02361,0.55226,0.00471,1,0.03834,0.02038,0.55466,0.00440,1,0,0.00000,7
0.58362,0.34439,3247.47656,0.06030,6690,1,0.57452,0.37984,1,0.57932,0.31877,1,0.57692,0.34930,1,0.37853,0.35223,26.46164,0.72996,1,0.68242,0.37187,25.95013,0.72996,1,-0.02587,0.02419,0.56486,0.00471,1,0.03834,0.02038,0.55466,0.00441,1,0,0.00000,7
0.58320,0.34513,3247.47656,0.06714,6690,1,0.57731,0.37755,1,0.58064,0.32748,1,0.57898,0.35251,1,0.37851,0.35214,26.37532,0.73385,1,0.68241,0.37198,25.99498,0.73385,1,-0.02587,0.02419,0.56486,0.00472,1,0.03834,0.02038,0.55466,0.00442,1,0,0.00000,7
0.58091,0.34613,3247.47656,0.07349,6690,1,0.55428,0.38174,1,0.55720,0.33251,1,0.55574,0.35712,1,0.37853,0.35215,26.39767,0.73775,1,0.68242,0.37198,26.04580,0.73775,1,-0.02587,0.02419,0.56486,0.00470,1,0.03834,0.02038,0.55466,0.00441,1,0,0.00000,7
0.57900,0.34682,3247.47656,0.08081,6690,1,0.55428,0.38174,1,0.55782,0.32845,1,0.55605,0.35509,1,0.37853,0.35218,26.41806,0.73775,1,0.68243,0.37201,25.98506,0.74173,1,-0.02519,0.02359,0.55078,0.00469,1,0.03907,0.02075,0.56468,0.00441,1,0,0.00000,7
0.57737,0.34718,3247.47656,0.08716,6690,1,0.55396,0.37348,1,0.55854,0.33027,1,0.55625,0.35188,1,0.37854,0.35225,26.43602,0.73784,1,0.68243,0.37200,26.01998,0.74183,1,-0.02519,0.02359,0.55078,0.00470,1,0.03907,0.02075,0.56468,0.00439,1,0,0.00000,7
0.57602,0.34737,3247.47656,0.09375,6690,1,0.55771,0.36897,1,0.55632,0.33104,1,0.55701,0.35001,1,0.37854,0.35222,26.30541,0.73793,1,0.68247,0.37199,25.86661,0.74192,1,-0.02519,0.02359,0.55078,0.00469,1,0.03907,0.02075,0.56468,0.00440,1,0,0.00000,7
0.57483,0.34753,3247.47656,0.10034,6690,1,0.55769,0.36888,1,0.55633,0.33095,1,0.55701,0.34992,1,0.37859,0.35216,26.33615,0.73802,1,0.68246,0.37210,25.70437,0.74201,1,-0.02519,0.02359,0.55078,0.00468,1,0.03909,0.02072,0.56372,0.00438,1,0,0.00000,7
0.57386,0.34788,3247.47656,0.10718,6690,1,0.55865,0.36852,1,0.55808,0.33860,1,0.55837,0.35356,1,0.37864,0.35220,26.48383,0.74201,1,0.68245,0.37213,25.58400,0.74201,1,-0.02519,0.02359,0.55078,0.00464,1,0.03909,0.02072,0.56372,0.00439,1,0,0.00000,7
0.57233,0.34811,3247.47656,0.11377,6690,1,0.53494,0.36585,1,0.55754,0.33801,1,0.54624,0.35193,1,0.37864,0.35213,26.37141,0.74201,1,0.68238,0.37218,25.62636,0.74201,1,-0.02519,0.02359,0.55078,0.00468,1,0.03909,0.02072,0.56372,0.00440,1,0,0.00000,7
0.57095,0.34831,3247.47656,0.12036,6690,1,0.53494,0.36585,1,0.55754,0.33801,1,0.54624,0.35193,1,0.37857,0.35207,26.20456,0.74201,1,0.68248,0.37216,25.46396,0.74201,1,-0.02544,0.02387,0.55641,0.00468,1,0.03909,0.02072,0.56372,0.00443,1,0,0.00000,7
0.56973,0.34840,3247.47656,0.12695,6690,1,0.53425,0.35847,1,0.55884,0.34172,1,0.54654,0.35010,1,0.37860,0.35205,26.24137,0.74201,1,0.68248,0.37215,25.48387,0.74201,1,-0.02544,0.02387,0.55641,0.00465,1,0.03909,0.02072,0.56372,0.00442,1,0,0.00000,7
0.56877,0.34848,3247.47656,0.13306,6690,1,0.53893,0.35470,1,0.56003,0.34575,1,0.54948,0.35023,1,0.37861,0.35203,26.23158,0.74201,1,0.68251,0.37211,25.37259,0.74201,1,-0.02544,0.02387,0.55641,0.00464,1,0.03909,0.02072,0.56372,0.00442,1,0,0.00000,7
0.56788,0.34848,3247.47656,0.13965,6690,1,0.53821,0.35104,1,0.56001,0.34584,1,0.54911,0.34844,1,0.37863,0.35201,26.31310,0.74590,1,0.68251,0.37213,25.41173,0.74192,1,-0.02576,0.02420,0.56415,0.00464,1,0.03842,0.02034,0.55345,0.00443,1,0,0.00000,7
0.56692,0.34866,3247.47656,0.14673,6690,1,0.53520,0.35224,1,0.55655,0.35304,1,0.54588,0.35264,1,0.37863,0.35203,26.33459,0.74581,1,0.68253,0.37232,25.60824,0.74183,1,-0.02576,0.02420,0.56415,0.00466,1,0.03842,0.02034,0.55345,0.00445,1,0,0.00000,7
0.56547,0.34890,3247.47656,0.15503,6690,1,0.53230,0.35111,1,0.53190,0.35762,1,0.53210,0.35436,1,0.37865,0.35202,26.35954,0.74572,1,0.68253,0.37234,25.72479,0.74173,1,-0.02576,0.02420,0.56415,0.00465,1,0.03842,0.02034,0.55345,0.00443,1,0,0.00000,7
0.56414,0.34927,3247.47656,0.16162,6690,1,0.53306,0.35485,1,0.53142,0.36153,1,0.53224,0.35819,1,0.37863,0.35203,26.33459,0.74173,1,0.68252,0.37234,25.59416,0.73775,1,-0.02516,0.02368,0.55205,0.00466,1,0.03842,0.02034,0.55345,0.00443,1,0,0.00000,7
0.56312,0.35014,3247.47656,0.16650,6690,1,0.53952,0.37025,1,0.53582,0.37343,1,0.53767,0.37184,1,0.37852,0.35196,26.03981,0.73385,1,0.68252,0.37228,25.64706,0.73385,1,-0.02516,0.02368,0.55205,0.00463,1,0.03842,0.02034,0.55345,0.00445,1,0,0.00000,7
0.56195,0.35106,3247.47656,0.17358,6690,1,0.53389,0.36878,1,0.52926,0.38116,1,0.53158,0.37497,1,0.37857,0.35200,26.14555,0.72996,1,0.68248,0.37229,25.57654,0.72996,1,-0.02516,0.02368,0.55205,0.00463,1,0.03842,0.02034,0.55345,0.00444,1,0,0.00000,7
0.56087,0.35205,3247.47656,0.18066,6690,1,0.53464,0.37243,1,0.52879,0.38493,1,0.53172,0.37868,1,0.37852,0.35197,25.95086,0.72606,1,0.68245,0.37233,25.46199,0.72606,1,-0.02516,0.02364,0.55205,0.00464,1,0.03842,0.02030,0.55345,0.00445,1,0,0.00000,7
0.55984,0.35256,3247.47656,0.18799,6690,1,0.53521,0.38829,1,0.52694,0.34566,1,0.53108,0.36698,1,0.37846,0.35206,25.85983,0.72606,1,0.68240,0.37254,25.46796,0.72606,1,-0.02516,0.02364,0.55205,0.00465,1,0.03842,0.02030,0.55345,0.00437,1,0,0.00000,7
0.55874,0.35173,3247.47656,0.19409,6690,1,0.52918,0.34583,1,0.52451,0.30938,1,0.52684,0.32760,1,0.37845,0.35213,25.84400,0.72606,1,0.68239,0.37254,25.46680,0.72606,1,-0.02516,0.02364,0.55205,0.00464,1,0.03842,0.02030,0.55345,0.00438,1,0,0.00000,7
0.55772,0.35095,3247.47656,0.20093,6690,1,0.52918,0.34583,1,0.52451,0.30938,1,0.52684,0.32760,1,0.37848,0.35241,26.35951,0.72606,1,0.68235,0.37266,25.73434,0.72606,1,-0.02516,0.02360,0.55205,0.00466,1,0.03842,0.02021,0.55345,0.00435,1,0,0.00000,7
0.55667,0.35102,3247.47656,0.20801,6690,1,0.52765,0.37197,1,0.52107,0.33421,1,0.52436,0.35309,1,0.37848,0.35260,26.01898,0.72606,1,0.68233,0.37272,25.33559,0.72606,1,-0.02516,0.02360,0.55205,0.00463,1,0.03842,0.02021,0.55345,0.00436,1,0,0.00000,7
0.55589,0.35135,3247.47656,0.21436,6690,1,0.53214,0.37762,1,0.52980,0.34666,1,0.53097,0.36214,1,0.37856,0.35262,26.21422,0.72606,1,0.68244,0.37275,25.51090,0.72606,1,-0.02516,0.02360,0.55205,0.00462,1,0.03842,0.02021,0.55345,0.00439,1,0,0.00000,7
0.55516,0.35150,3247.47656,0.22095,6690,1,0.53137,0.37400,1,0.53075,0.33863,1,0.53106,0.35632,1,0.37889,0.35270,26.17433,0.72996,1,0.68274,0.37294,25.27645,0.73394,1,-0.02568,0.02420,0.56616,0.00461,1,0.03957,0.02071,0.56817,0.00440,1,0,0.00000,7
0.55545,0.35181,3247.47656,0.22754,6690,1,0.56480,0.37930,1,0.56523,0.34528,1,0.56502,0.36229,1,0.37974,0.35276,25.85977,0.73784,1,0.68345,0.37320,25.80047,0.74183,1,-0.02568,0.02420,0.56616,0.00461,1,0.03957,0.02071,0.56817,0.00438,1,0,0.00000,7
0.55549,0.35203,3247.47656,0.23438,6690,1,0.55719,0.37157,1,0.55719,0.34811,1,0.55719,0.35984,1,0.37997,0.35271,26.00452,0.74572,1,0.68375,0.37314,25.20127,0.74971,1,-0.02568,0.02420,0.56616,0.00459,1,0.03957,0.02071,0.56817,0.00436,1,0,0.00000,7
0.55554,0.35214,3247.47656,0.24121,6690,1,0.55655,0.36791,1,0.55780,0.34420,1,0.55718,0.35605,1,0.38017,0.35276,26.00730,0.74971,1,0.68397,0.37324,25.63269,0.75369,1,-0.02496,0.02365,0.55312,0.00461,1,0.03942,0.02059,0.56478,0.00435,1,0,0.00000,7
0.55563,0.35231,3247.47656,0.24756,6690,1,0.54766,0.37592,1,0.57033,0.34150,1,0.55900,0.35871,1,0.38018,0.35278,25.91247,0.74980,1,0.68385,0.37332,25.18380,0.74980,1,-0.02496,0.02365,0.55312,0.00462,1,0.03942,0.02059,0.56478,0.00440,1,0,0.00000,7
0.55584,0.35250,3247.47656,0.25439,6690,1,0.56497,0.37897,1,0.56260,0.34003,1,0.56379,0.35950,1,0.38003,0.35275,25.90328,0.74590,1,0.68375,0.37334,25.30613,0.74590,1,-0.02496,0.02365,0.55312,0.00462,1,0.03942,0.02059,0.56478,0.00437,1,0,0.00000,7
0.55603,0.35282,3247.47656,0.26099,6690,1,0.56555,0.38252,1,0.56134,0.34789,1,0.56345,0.36520,1,0.37991,0.35280,25.72332,0.74201,1,0.68368,0.37324,25.21705,0.73802,1,-0.02496,0.02365,0.55312,0.00460,1,0.03830,0.02002,0.54936,0.00436,1,0,0.00000,7
0.55620,0.35332,3247.47656,0.26782,6690,1,0.55424,0.39243,1,0.57201,0.35469,1,0.56313,0.37356,1,0.37973,0.35288,25.83231,0.73802,1,0.68345,0.37321,25.29562,0.73404,1,-0.02496,0.02365,0.55312,0.00467,1,0.03830,0.02002,0.54936,0.00434,1,0,0.00000,7
0.55627,0.35373,3247.47656,0.27417,6690,1,0.54693,0.38959,1,0.57094,0.35158,1,0.55894,0.37058,1,0.37963,0.35289,25.86630,0.73404,1,0.68337,0.37316,25.32364,0.73005,1,-0.02496,0.02365,0.55312,0.00463,1,0.03830,0.02002,0.54936,0.00433,1,0,0.00000,7
0.55634,0.35417,3247.47656,0.28101,6690,1,0.54763,0.39321,1,0.57094,0.35158,1,0.55929,0.37239,1,0.37950,0.35283,25.76757,0.73005,1,0.68325,0.37318,25.57203,0.73005,1,-0.02550,0.02408,0.56317,0.00455,1,0.03957,0.02071,0.56817,0.00435,1,0,0.00000,7
0.55599,0.35411,3247.47656,0.28760,6690,1,0.53401,0.35865,1,0.54824,0.34437,1,0.54112,0.35151,1,0.37947,0.35290,25.80767,0.73005,1,0.68320,0.37319,25.48989,0.73404,1,-0.02550,0.02408,0.56317,0.00460,1,0.03957,0.02071,0.56817,0.00436,1,0,0.00000,7
0.55558,0.35401,3247.47656,0.29541,6690,1,0.52719,0.36263,1,0.54806,0.33711,1,0.53762,0.34987,1,0.37940,0.35298,25.84570,0.73404,1,0.68321,0.37310,25.31642,0.73802,1,-0.02550,0.02408,0.56317,0.00458,1,0.03957,0.02071,0.56817,0.00437,1,0,0.00000,7
0.55519,0.35384,3247.47656,0.30103,6690,1,0.52639,0.35889,1,0.54863,0.33307,1,0.53751,0.34598,1,0.37927,0.35298,25.90275,0.73802,1,0.68295,0.37320,25.22631,0.74201,1,-0.02500,0.02344,0.55021,0.00459,1,0.03957,0.02071,0.56817,0.00434,1,0,0.00000,7
0.55458,0.35366,3247.47656,0.30762,6690,1,0.51747,0.35768,1,0.53586,0.33365,1,0.52667,0.34567,1,0.37919,0.35298,25.87919,0.74201,1,0.68287,0.37318,25.40358,0.74201,1,-0.02500,0.02344,0.55021,0.00460,1,0.03957,0.02071,0.56817,0.00432,1,0,0.00000,7
0.55416,0.35358,3247.47656,0.31445,6690,1,0.53942,0.36162,1,0.52938,0.33796,1,0.53440,0.34979,1,0.37917,0.35296,25.89084,0.74201,1,0.68289,0.37316,25.07202,0.74201,1,-0.02500,0.02344,0.55021,0.00460,1,0.03957,0.02071,0.56817,0.00431,1,0,0.00000,7
0.55310,0.35345,3247.47656,0.32129,6690,1,0.53942,0.36162,1,0.52891,0.34198,1,0.53417,0.35180,1,0.37910,0.35304,25.88374,0.74201,1,0.68276,0.37316,25.21673,0.73802,1,-0.02500,0.02344,0.55021,0.00465,1,0.03842,0.02017,0.55345,0.00434,1,0,0.00000,7
0.55185,0.35351,3247.47656,0.32764,6690,1,0.52005,0.35459,1,0.54353,0.33845,1,0.53179,0.34652,1,0.37883,0.35311,26.02884,0.73802,1,0.68254,0.37304,25.36043,0.73404,1,-0.02500,0.02344,0.55021,0.00453,1,0.03842,0.02017,0.55345,0.00434,1,0,0.00000,7
0.55038,0.35353,3247.47656,0.33472,6690,1,0.51582,0.36364,1,0.53205,0.33514,1,0.52394,0.34939,1,0.37882,0.35309,25.98875,0.73404,1,0.68254,0.37304,25.36043,0.73005,1,-0.02500,0.02344,0.55021,0.00455,1,0.03842,0.02017,0.55345,0.00434,1,0,0.00000,7
0.54893,0.35362,3247.47656,0.34253,6690,1,0.51669,0.36737,1,0.53156,0.33924,1,0.52412,0.35330,1,0.37869,0.35307,26.07631,0.73005,1,0.68249,0.37295,25.12215,0.72606,1,-0.02500,0.02344,0.55021,0.00456,1,0.03842,0.02017,0.55345,0.00435,1,0,0.00000,7
0.54780,0.35388,3247.47656,0.34766,6690,1,0.53008,0.36183,1,0.52139,0.33229,1,0.52574,0.34706,1,0.37864,0.35309,26.11576,0.72606,1,0.68235,0.37283,25.15459,0.72606,1,-0.02500,0.02344,0.55021,0.00457,1,0.03842,0.02017,0.55345,0.00434,1,0,0.00000,7
0.54665,0.35417,3247.47656,0.35449,6690,1,0.52990,0.37081,1,0.51976,0.32029,1,0.52483,0.34555,1,0.37864,0.35309,26.11576,0.72606,1,0.68231,0.37267,25.22211,0.72606,1,-0.02500,0.02344,0.55021,0.00457,1,0.03842,0.02017,0.55345,0.00435,1,0,0.00000,7
0.54549,0.35445,3247.47656,0.36084,6690,1,0.52990,0.37081,1,0.51976,0.32029,1,0.52483,0.34555,1,0.37851,0.35303,25.92620,0.72606,1,0.68230,0.37259,25.11603,0.72606,1,-0.02516,0.02360,0.55205,0.00459,1,0.03842,0.02021,0.55345,0.00433,1,0,0.00000,7
0.54430,0.35497,3247.47656,0.36792,6690,1,0.52531,0.40061,1,0.51335,0.34463,1,0.51933,0.37262,1,0.37852,0.35302,26.14470,0.72606,1,0.68225,0.37247,25.06531,0.72606,1,-0.02516,0.02360,0.55205,0.00458,1,0.03842,0.02021,0.55345,0.00431,1,0,0.00000,7
0.54301,0.35600,3247.47656,0.37451,6690,1,0.52043,0.40328,1,0.51004,0.39441,1,0.51524,0.39885,1,0.37846,0.35294,25.91861,0.72606,1,0.68222,0.37244,24.96191,0.72606,1,-0.02516,0.02360,0.55205,0.00460,1,0.03842,0.02021,0.55345,0.00430,1,0,0.00000,7
0.54172,0.35696,3247.47656,0.38135,6690,1,0.51960,0.39980,1,0.51042,0.39069,1,0.51501,0.39525,1,0.37843,0.35296,26.00812,0.72996,1,0.68219,0.37225,24.66192,0.72996,1,-0.02544,0.02390,0.55915,0.00458,1,0.03842,0.02030,0.55345,0.00435,1,0,0.00000,7
0.54037,0.35753,3247.47656,0.38940,6690,1,0.51880,0.38202,1,0.50986,0.37787,1,0.51433,0.37995,1,0.37837,0.35289,26.02139,0.73385,1,0.68223,0.37222,24.77228,0.73385,1,-0.02544,0.02390,0.55915,0.00457,1,0.03842,0.02030,0.55345,0.00435,1,0,0.00000,7
0.53953,0.35793,3247.47656,0.39502,6690,1,0.51910,0.38389,1,0.51147,0.36836,1,0.51528,0.37613,1,0.37835,0.35286,25.73527,0.73775,1,0.68224,0.37222,24.69857,0.73775,1,-0.02544,0.02390,0.55915,0.00458,1,0.03842,0.02030,0.55345,0.00435,1,0,0.00000,7
0.53868,0.35836,3247.47656,0.40112,6690,1,0.51910,0.38389,1,0.51147,0.36836,1,0.51528,0.37613,1,0.37845,0.35296,26.09655,0.73775,1,0.68215,0.37221,24.91911,0.73775,1,-0.02500,0.02352,0.55021,0.00458,1,0.03842,0.02034,0.55345,0.00433,1,0,0.00000,7
0.53759,0.35889,3247.47656,0.40845,6690,1,0.49806,0.38253,1,0.50966,0.37186,1,0.50386,0.37720,1,0.37848,0.35289,26.09452,0.73385,1,0.68218,0.37217,24.83804,0.73385,1,-0.02500,0.02352,0.55021,0.00458,1,0.03842,0.02034,0.55345,0.00433,1,0,0.00000,7
0.53622,0.35938,3247.47656,0.41528,6690,1,0.47346,0.37656,1,0.50861,0.37043,1,0.49103,0.37349,1,0.37845,0.35280,26.03113,0.72996,1,0.68213,0.37212,24.90164,0.72996,1,-0.02500,0.02352,0.55021,0.00459,1,0.03842,0.02034,0.55345,0.00435,1,0,0.00000,7
0.53485,0.35991,3247.47656,0.42188,6690,1,0.47452,0.38012,1,0.50862,0.37034,1,0.49157,0.37523,1,0.37856,0.35279,26.27652,0.72606,1,0.68222,0.37214,24.92894,0.73005,1,-0.02500,0.02352,0.55021,0.00458,1,0.03948,0.02088,0.56813,0.00434,1,0,0.00000,7
0.51003,0.37342,3247.47656,0.42188,6690,0,0.48553,0.36646,1,0.49387,0.36383,1,0.48970,0.36514,1,0.37861,0.35269,26.24086,0.73005,1,0.68220,0.37216,24.98510,0.73404,1,-0.02500,0.02352,0.55021,0.00460,1,0.03948,0.02088,0.56813,0.00435,1,0,0.00000,7
0.49882,0.36610,3247.47656,0.42188,6690,0,0.48163,0.35315,1,0.49359,0.36440,1,0.48761,0.35877,1,0.37865,0.35265,26.23197,0.73404,1,0.68223,0.37223,24.97304,0.73802,1,-0.02500,0.02352,0.55021,0.00457,1,0.03948,0.02088,0.56813,0.00435,1,0,0.00000,7
0.49496,0.36238,3247.47656,0.42188,6690,0,0.48059,0.34940,1,0.49389,0.36049,1,0.48724,0.35494,1,0.37869,0.35241,25.99141,0.73802,1,0.68238,0.37222,24.89160,0.74201,1,-0.02550,0.02408,0.56317,0.00457,1,0.03957,0.02088,0.56817,0.00440,1,0,0.00000,7
0.49707,0.35736,3247.90503,0.02393,6691,1,0.49750,0.32863,1,0.50936,0.35597,1,0.50343,0.34230,1,0.37879,0.35236,26.00597,0.74201,1,0.68247,0.37209,25.22541,0.74201,1,-0.02550,0.02408,0.56317,0.00459,1,0.03957,0.02088,0.56817,0.00437,1,0,0.00000,7
0.49469,0.35520,3247.90503,0.02832,6691,1,0.48126,0.31835,1,0.48901,0.37475,1,0.48514,0.34655,1,0.37885,0.35236,25.91525,0.74201,1,0.68248,0.37225,25.17305,0.74201,1,-0.02550,0.02408,0.56317,0.00458,1,0.03957,0.02088,0.56817,0.00434,1,0,0.00000,7
0.49312,0.35341,3247.90503,0.03320,6691,1,0.48126,0.31835,1,0.48931,0.37057,1,0.48528,0.34446,1,0.37913,0.35226,26.04895,0.74201,1,0.68276,0.37220,25.00075,0.74635,1,-0.02507,0.02387,0.55730,0.00464,1,0.04043,0.02127,0.57867,0.00438,1,0,0.00000,7
0.49606,0.34802,3247.90503,0.04004,6691,1,0.50190,0.34861,1,0.52550,0.28277,1,0.51370,0.31569,1,0.38016,0.35217,26.29089,0.74635,1,0.68397,0.37259,25.54806,0.75070,1,-0.02507,0.02387,0.55730,0.00460,1,0.04043,0.02127,0.57867,0.00434,1,0,0.00000,7
0.50426,0.34535,3247.90503,0.04663,6691,1,0.54441,0.37084,1,0.57898,0.28239,1,0.56170,0.32662,1,0.38109,0.35194,25.76888,0.75070,1,0.68471,0.37259,25.20828,0.75505,1,-0.02507,0.02387,0.55730,0.00457,1,0.04043,0.02127,0.57867,0.00433,1,0,0.00000,7
0.51056,0.34285,3247.90503,0.05371,6691,1,0.54297,0.36334,1,0.57897,0.28249,1,0.56097,0.32291,1,0.38231,0.35181,25.85142,0.75894,1,0.68570,0.37271,25.30531,0.75496,1,-0.02484,0.02421,0.56246,0.00460,1,0.03885,0.02005,0.55014,0.00437,1,0,0.00000,7
0.51796,0.33961,3247.90503,0.06055,6691,1,0.58465,0.34237,1,0.58437,0.27844,1,0.58451,0.31040,1,0.38322,0.35158,25.87574,0.75885,1,0.68648,0.37270,25.41567,0.75052,1,-0.02484,0.02421,0.56246,0.00465,1,0.03885,0.02005,0.55014,0.00435,1,0,0.00000,7
0.52314,0.33721,3247.90503,0.06714,6691,1,0.56823,0.34308,1,0.58167,0.28343,1,0.57495,0.31325,1,0.38331,0.35151,25.88114,0.75442,1,0.68650,0.37274,25.33422,0.74608,1,-0.02484,0.02421,0.56246,0.00459,1,0.03885,0.02005,0.55014,0.00435,1,0,0.00000,7
0.52747,0.33574,3247.90503,0.07373,6691,1,0.56942,0.35097,1,0.58087,0.28808,1,0.57514,0.31953,1,0.38346,0.35133,25.83467,0.74608,1,0.68667,0.37273,25.23652,0.74173,1,-0.02486,0.02436,0.56582,0.00462,1,0.04005,0.02060,0.56525,0.00438,1,0,0.00000,7
0.53074,0.33437,3247.90503,0.08057,6691,1,0.55248,0.34598,1,0.58751,0.28981,1,0.56999,0.31789,1,0.38353,0.35125,25.90395,0.73784,1,0.68677,0.37270,25.42845,0.74183,1,-0.02486,0.02436,0.56582,0.00460,1,0.04005,0.02060,0.56525,0.00438,1,0,0.00000,7
0.53285,0.33314,3247.90503,0.08716,6691,1,0.55402,0.34110,1,0.56649,0.29336,1,0.56026,0.31723,1,0.38366,0.35121,25.82784,0.73793,1,0.68693,0.37272,25.38516,0.74192,1,-0.02486,0.02436,0.56582,0.00458,1,0.04005,0.02060,0.56525,0.00438,1,0,0.00000,7
0.53466,0.33222,3247.90503,0.09375,6691,1,0.55400,0.34101,1,0.56585,0.29750,1,0.55993,0.31926,1,0.38370,0.35121,25.43895,0.73802,1,0.68692,0.37287,25.48240,0.73802,1,-0.02427,0.02386,0.55432,0.00467,1,0.03914,0.02011,0.55183,0.00435,1,0,0.00000,7
0.53690,0.33244,3247.90503,0.10107,6691,1,0.56763,0.34894,1,0.57361,0.32268,1,0.57062,0.33581,1,0.38374,0.35120,25.44912,0.73802,1,0.68693,0.37289,25.47029,0.73404,1,-0.02427,0.02386,0.55432,0.00467,1,0.03914,0.02011,0.55183,0.00435,1,0,0.00000,7
0.53821,0.33264,3247.90503,0.10742,6691,1,0.56595,0.34721,1,0.55219,0.32428,1,0.55907,0.33574,1,0.38376,0.35120,25.33165,0.73404,1,0.68695,0.37294,25.45022,0.73005,1,-0.02427,0.02386,0.55432,0.00467,1,0.03914,0.02011,0.55183,0.00434,1,0,0.00000,7
0.56252,0.32267,3247.90503,0.10742,6691,0,0.56655,0.35107,1,0.55219,0.32428,1,0.55937,0.33767,1,0.38389,0.35124,25.66624,0.73005,1,0.68706,0.37306,25.45539,0.73005,1,-0.02377,0.02345,0.54470,0.00460,1,0.03996,0.02052,0.56291,0.00436,1,0,0.00000,7
0.55680,0.32831,3247.90503,0.10742,6691,0,0.55124,0.34262,1,0.55093,0.32529,1,0.55109,0.33395,1,0.38387,0.35119,25.81524,0.73005,1,0.68714,0.37300,25.18366,0.73404,1,-0.02377,0.02345,0.54470,0.00459,1,0.03996,0.02052,0.56291,0.00440,1,0,0.00000,7
0.55393,0.32905,3247.90503,0.10742,6691,0,0.54575,0.33211,1,0.55065,0.32898,1,0.54820,0.33054,1,0.38394,0.35114,25.74880,0.73404,1,0.68707,0.37303,25.31349,0.73802,1,-0.02377,0.02345,0.54470,0.00460,1,0.03996,0.02052,0.56291,0.00437,1,0,0.00000,7
0.55256,0.32787,3248.01880,0.02026,6692,1,0.54505,0.32819,1,0.55187,0.32045,1,0.54846,0.32432,1,0.38389,0.35120,25.94026,0.73802,1,0.68704,0.37307,25.29403,0.74635,1,-0.02377,0.02345,0.54470,0.00456,1,0.04146,0.02127,0.58340,0.00437,1,0,0.00000,7
0.55042,0.32923,3248.01880,0.02637,6692,1,0.53804,0.34006,1,0.54563,0.32924,1,0.54183,0.33465,1,0.38380,0.35132,25.70937,0.74635,1,0.68703,0.37310,25.23504,0.75070,1,-0.02377,0.02345,0.54470,0.00463,1,0.04146,0.02127,0.58340,0.00437,1,0,0.00000,7
0.55082,0.32943,3248.01880,0.03467,6692,1,0.55831,0.33153,1,0.54737,0.32937,1,0.55284,0.33045,1,0.38378,0.35134,25.79461,0.75070,1,0.68701,0.37309,25.46513,0.75505,1,-0.02377,0.02345,0.54470,0.00461,1,0.04146,0.02127,0.58340,0.00436,1,0,0.00000,7
0.55111,0.32897,3248.01880,0.04468,6692,1,0.55763,0.32734,1,0.54798,0.32502,1,0.55280,0.32618,1,0.38370,0.35135,25.74650,0.75505,1,0.68690,0.37324,25.18382,0.75940,1,-0.02377,0.02345,0.54470,0.00459,1,0.04146,0.02127,0.58340,0.00438,1,0,0.00000,7
0.55036,0.32986,3248.01880,0.05054,6692,1,0.54777,0.34066,1,0.54258,0.33154,1,0.54517,0.33610,1,0.38361,0.35144,25.71961,0.75940,1,0.68680,0.37328,25.30512,0.75940,1,-0.02377,0.02345,0.54470,0.00456,1,0.04146,0.02127,0.58340,0.00436,1,0,0.00000,7
0.55013,0.32979,3248.01880,0.05347,6692,1,0.53657,0.35565,1,0.55993,0.30283,1,0.54825,0.32924,1,0.38357,0.35162,25.75307,0.75940,1,0.68679,0.37327,25.32624,0.75940,1,-0.02377,0.02345,0.54470,0.00458,1,0.04146,0.02127,0.58340,0.00436,1,0,0.00000,7
0.54988,0.33016,3248.01880,0.06030,6692,1,0.53657,0.35565,1,0.55865,0.31139,1,0.54761,0.33352,1,0.38344,0.35163,25.65749,0.75940,1,0.68664,0.37339,25.54355,0.75106,1,-0.02427,0.02386,0.55432,0.00457,1,0.03914,0.02003,0.55183,0.00435,1,0,0.00000,7
0.54886,0.32949,3248.01880,0.06714,6692,1,0.53260,0.36461,1,0.54485,0.28088,1,0.53873,0.32274,1,0.38338,0.35182,25.81585,0.75106,1,0.68652,0.37362,25.25729,0.74273,1,-0.02427,0.02386,0.55432,0.00458,1,0.03914,0.02003,0.55183,0.00437,1,0,0.00000,7
0.54737,0.32914,3248.01880,0.07373,6692,1,0.52632,0.34337,1,0.53556,0.30715,1,0.53094,0.32526,1,0.38328,0.35190,25.80245,0.74273,1,0.68643,0.37365,25.43739,0.73440,1,-0.02427,0.02386,0.55432,0.00460,1,0.03914,0.02003,0.55183,0.00437,1,0,0.00000,7
0.54612,0.32918,3248.01880,0.08057,6692,1,0.52720,0.34760,1,0.53499,0.31186,1,0.53110,0.32973,1,0.38319,0.35194,25.78659,0.73829,1,0.68639,0.37374,25.51867,0.72996,1,-0.02498,0.02444,0.56963,0.00459,1,0.03914,0.01995,0.55183,0.00439,1,0,0.00000,7
0.54524,0.32936,3248.01880,0.08789,6692,1,0.51819,0.33454,1,0.54951,0.32886,1,0.53385,0.33170,1,0.38309,0.35215,25.70495,0.73385,1,0.68623,0.37378,25.12728,0.73385,1,-0.02498,0.02444,0.56963,0.00457,1,0.03914,0.01995,0.55183,0.00436,1,0,0.00000,7
0.54391,0.32995,3248.01880,0.09399,6692,1,0.50771,0.34531,1,0.54286,0.33113,1,0.52528,0.33822,1,0.38294,0.35222,25.58212,0.73775,1,0.68621,0.37385,25.02011,0.73775,1,-0.02498,0.02444,0.56963,0.00462,1,0.03914,0.01995,0.55183,0.00436,1,0,0.00000,7
0.54276,0.33034,3248.01880,0.10083,6692,1,0.50771,0.34531,1,0.54340,0.32705,1,0.52555,0.33618,1,0.38291,0.35240,25.97648,0.73775,1,0.68606,0.37406,25.41698,0.74173,1,-0.02486,0.02419,0.56582,0.00456,1,0.04005,0.02043,0.56525,0.00433,1,0,0.00000,7
0.54098,0.33143,3248.01880,0.10742,6692,1,0.49703,0.35912,1,0.52788,0.33861,1,0.51245,0.34886,1,0.38281,0.35266,25.83008,0.73784,1,0.68598,0.37411,25.19304,0.74183,1,-0.02486,0.02419,0.56582,0.00456,1,0.04005,0.02043,0.56525,0.00432,1,0,0.00000,7
0.53993,0.33284,3248.01880,0.11426,6692,1,0.51982,0.36610,1,0.52442,0.34759,1,0.52212,0.35685,1,0.38279,0.35280,26.16231,0.73793,1,0.68601,0.37408,25.00576,0.74192,1,-0.02486,0.02419,0.56582,0.00453,1,0.04005,0.02043,0.56525,0.00432,1,0,0.00000,7
0.53901,0.33399,3248.01880,0.12085,6692,1,0.51980,0.36602,1,0.52492,0.34317,1,0.52236,0.35459,1,0.38269,0.35285,26.01373,0.73802,1,0.68587,0.37410,24.95167,0.74635,1,-0.02422,0.02349,0.55136,0.00456,1,0.04074,0.02081,0.57560,0.00436,1,0,0.00000,7
0.53814,0.33481,3248.01880,0.12842,6692,1,0.52981,0.34877,1,0.51358,0.35207,1,0.52169,0.35042,1,0.38261,0.35298,26.02358,0.74635,1,0.68568,0.37423,24.75559,0.75070,1,-0.02422,0.02349,0.55136,0.00454,1,0.04074,0.02081,0.57560,0.00435,1,0,0.00000,7
0.53778,0.33431,3248.01880,0.13428,6692,1,0.52156,0.34024,1,0.53933,0.30846,1,0.53045,0.32435,1,0.38254,0.35310,26.11214,0.75070,1,0.68562,0.37437,25.11389,0.75505,1,-0.02422,0.02349,0.55136,0.00456,1,0.04074,0.02081,0.57560,0.00434,1,0,0.00000,7
0.53741,0.33386,3248.01880,0.14111,6692,1,0.52067,0.33613,1,0.53882,0.31256,1,0.52975,0.32435,1,0.38245,0.35312,25.96939,0.75505,1,0.68551,0.37447,25.43603,0.75106,1,-0.02391,0.02315,0.54437,0.00457,1,0.03885,0.01976,0.55014,0.00434,1,0,0.00000,7
0.53667,0.33408,3248.01880,0.14746,6692,1,0.51730,0.35360,1,0.52329,0.32450,1,0.52030,0.33905,1,0.38234,0.35310,26.10331,0.75106,1,0.68540,0.37449,25.40778,0.74273,1,-0.02391,0.02315,0.54437,0.00458,1,0.03885,0.01976,0.55014,0.00432,1,0,0.00000,7
0.53574,0.33418,3248.01880,0.15430,6692,1,0.51006,0.34945,1,0.51898,0.32314,1,0.51452,0.33630,1,0.38225,0.35308,25.82512,0.74273,1,0.68536,0.37442,25.33942,0.73440,1,-0.02391,0.02315,0.54437,0.00457,1,0.03885,0.01976,0.55014,0.00432,1,0,0.00000,7
0.53491,0.33459,3248.01880,0.16113,6692,1,0.51190,0.35730,1,0.51809,0.33181,1,0.51500,0.34455,1,0.38208,0.35301,25.48772,0.73440,1,0.68535,0.37423,24.95984,0.72606,1,-0.02431,0.02345,0.55141,0.00459,1,0.03885,0.01989,0.55014,0.00440,1,0,0.00000,7
0.53374,0.33590,3248.01880,0.16772,6692,1,0.50351,0.35984,1,0.50550,0.37749,1,0.50451,0.36867,1,0.38197,0.35306,25.62660,0.72606,1,0.68526,0.37405,24.79481,0.72606,1,-0.02431,0.02345,0.55141,0.00455,1,0.03885,0.01989,0.55014,0.00434,1,0,0.00000,7
0.53253,0.33705,3248.01880,0.17529,6692,1,0.49882,0.35630,1,0.50310,0.37769,1,0.50096,0.36700,1,0.38193,0.35305,25.67666,0.72606,1,0.68525,0.37408,24.72530,0.72606,1,-0.02431,0.02345,0.55141,0.00456,1,0.03885,0.01989,0.55014,0.00433,1,0,0.00000,7
0.53139,0.33799,3248.01880,0.18091,6692,1,0.49788,0.35260,1,0.50344,0.37388,1,0.50066,0.36324,1,0.38194,0.35303,25.72492,0.72996,1,0.68513,0.37412,24.63868,0.72996,1,-0.02504,0.02420,0.56715,0.00454,1,0.03885,0.01989,0.55014,0.00436,1,0,0.00000,7
0.53034,0.33898,3248.01880,0.18726,6692,1,0.49145,0.35541,1,0.51050,0.37779,1,0.50098,0.36660,1,0.38195,0.35308,25.85153,0.73385,1,0.68488,0.37426,24.90097,0.73385,1,-0.02504,0.02420,0.56715,0.00454,1,0.03885,0.01989,0.55014,0.00434,1,0,0.00000,7
0.52921,0.33973,3248.01880,0.19360,6692,1,0.48648,0.35260,1,0.50642,0.37044,1,0.49645,0.36152,1,0.38191,0.35313,25.83912,0.73775,1,0.68488,0.37429,24.77077,0.73775,1,-0.02504,0.02420,0.56715,0.00452,1,0.03885,0.01989,0.55014,0.00436,1,0,0.00000,7
0.52816,0.34043,3248.01880,0.20044,6692,1,0.48648,0.35260,1,0.50642,0.37044,1,0.49645,0.36152,1,0.38181,0.35324,25.91076,0.73775,1,0.68484,0.37425,24.77600,0.73775,1,-0.02459,0.02369,0.55602,0.00455,1,0.03885,0.01980,0.55014,0.00436,1,0,0.00000,7
0.52688,0.34007,3248.01880,0.20776,6692,1,0.47934,0.32420,1,0.49537,0.33388,1,0.48735,0.32904,1,0.38174,0.35325,25.82147,0.73385,1,0.68473,0.37434,24.90632,0.73385,1,-0.02459,0.02369,0.55602,0.00458,1,0.03885,0.01980,0.55014,0.00434,1,0,0.00000,7
0.52558,0.33943,3248.01880,0.21362,6692,1,0.47641,0.33503,1,0.49123,0.30272,1,0.48382,0.31887,1,0.38169,0.35333,25.75388,0.72996,1,0.68471,0.37427,24.78477,0.72996,1,-0.02459,0.02369,0.55602,0.00453,1,0.03885,0.01980,0.55014,0.00434,1,0,0.00000,7
0.50046,0.34789,3248.01880,0.21362,6692,0,0.47745,0.33880,1,0.49154,0.29794,1,0.48450,0.31837,1,0.38167,0.35335,25.80654,0.72606,1,0.68463,0.37454,25.22744,0.73440,1,-0.02426,0.02333,0.54860,0.00455,1,0.04100,0.02090,0.58172,0.00434,1,0,0.00000,7
0.48825,0.33318,3248.01880,0.21362,6692,0,0.46485,0.34129,1,0.48723,0.29565,1,0.47604,0.31847,1,0.38157,0.35339,25.74490,0.73440,1,0.68455,0.37447,25.07237,0.74273,1,-0.02426,0.02333,0.54860,0.00456,1,0.04100,0.02090,0.58172,0.00432,1,0,0.00000,7
0.48732,0.32570,3248.01880,0.21362,6692,0,0.46096,0.33175,1,0.50995,0.28973,1,0.48546,0.31074,1,0.38141,0.35343,25.74468,0.74273,1,0.68440,0.37458,25.18383,0.75106,1,-0.02426,0.02333,0.54860,0.00451,1,0.04100,0.02090,0.58172,0.00435,1,0,0.00000,7
0.48665,0.31986,3248.23999,0.01978,6693,1,0.45860,0.32382,1,0.51072,0.28088,1,0.48466,0.30235,1,0.38137,0.35347,25.85107,0.75106,1,0.68430,0.37464,25.05930,0.75940,1,-0.02450,0.02351,0.55393,0.00454,1,0.04072,0.02072,0.57785,0.00436,1,0,0.00000,7
0.48438,0.31841,3248.23999,0.02637,6693,1,0.47493,0.33082,1,0.47559,0.29438,1,0.47526,0.31260,1,0.38132,0.35351,25.97682,0.75940,1,0.68426,0.37466,25.02931,0.75940,1,-0.02450,0.02351,0.55393,0.00454,1,0.04072,0.02072,0.57785,0.00436,1,0,0.00000,7
0.48261,0.31775,3248.23999,0.03320,6693,1,0.47400,0.32541,1,0.47355,0.30346,1,0.47377,0.31444,1,0.38137,0.35358,25.88207,0.75940,1,0.68422,0.37470,25.11462,0.75940,1,-0.02450,0.02351,0.55393,0.00453,1,0.04072,0.02072,0.57785,0.00435,1,0,0.00000,7
0.48133,0.31760,3248.23999,0.04004,6693,1,0.47400,0.32541,1,0.47335,0.30797,1,0.47367,0.31669,1,0.38128,0.35368,26.09597,0.75940,1,0.68424,0.37473,25.02832,0.75505,1,-0.02450,0.02351,0.55393,0.00451,1,0.03975,0.02024,0.56462,0.00435,1,0,0.00000,7
0.47856,0.31882,3248.23999,0.04736,6693,1,0.44663,0.33742,1,0.47163,0.31742,1,0.45913,0.32742,1,0.38128,0.35376,26.04563,0.75505,1,0.68421,0.37483,24.87840,0.75070,1,-0.02450,0.02351,0.55393,0.00449,1,0.03975,0.02024,0.56462,0.00438,1,0,0.00000,7
0.47603,0.32062,3248.23999,0.05347,6693,1,0.44536,0.34390,1,0.46629,0.32599,1,0.45582,0.33494,1,0.38128,0.35376,26.04563,0.75070,1,0.68418,0.37479,24.95891,0.74635,1,-0.02450,0.02351,0.55393,0.00449,1,0.03975,0.02024,0.56462,0.00438,1,0,0.00000,7
0.47402,0.32209,3248.23999,0.06030,6693,1,0.44549,0.34432,1,0.46627,0.32645,1,0.45588,0.33539,1,0.38130,0.35372,26.02293,0.75025,1,0.68413,0.37498,25.13856,0.74590,1,-0.02484,0.02388,0.56246,0.00451,1,0.03960,0.02013,0.56140,0.00433,1,0,0.00000,7
0.47555,0.32354,3248.23999,0.06665,6693,1,0.48096,0.33789,1,0.50075,0.33815,1,0.49085,0.33802,1,0.38193,0.35362,25.79455,0.74980,1,0.68482,0.37499,25.20857,0.74980,1,-0.02484,0.02388,0.56246,0.00455,1,0.03960,0.02013,0.56140,0.00435,1,0,0.00000,7
0.48085,0.32441,3248.23999,0.07373,6693,1,0.52697,0.32949,1,0.55129,0.33836,1,0.53913,0.33392,1,0.38264,0.35350,25.66749,0.75369,1,0.68554,0.37513,25.42060,0.75369,1,-0.02484,0.02388,0.56246,0.00461,1,0.03960,0.02013,0.56140,0.00436,1,0,0.00000,7
0.48533,0.32514,3248.23999,0.08032,6693,1,0.52697,0.32949,1,0.55129,0.33836,1,0.53913,0.33392,1,0.38376,0.35329,25.81108,0.75369,1,0.68650,0.37505,25.36555,0.75369,1,-0.02398,0.02341,0.55144,0.00460,1,0.04105,0.02068,0.57696,0.00437,1,0,0.00000,7
0.49039,0.32627,3248.23999,0.08716,6693,1,0.55088,0.35384,1,0.56163,0.32816,1,0.55625,0.34100,1,0.38468,0.35303,25.76237,0.74980,1,0.68733,0.37500,25.20659,0.74980,1,-0.02398,0.02341,0.55144,0.00458,1,0.04105,0.02068,0.57696,0.00437,1,0,0.00000,7
0.49446,0.32670,3248.23999,0.09351,6693,1,0.53415,0.34391,1,0.56852,0.32151,1,0.55133,0.33271,1,0.38476,0.35290,25.67005,0.74590,1,0.68740,0.37500,25.06413,0.74590,1,-0.02398,0.02341,0.55144,0.00465,1,0.04105,0.02068,0.57696,0.00439,1,0,0.00000,7
0.49799,0.32744,3248.23999,0.10010,6693,1,0.53489,0.34761,1,0.56720,0.32955,1,0.55104,0.33858,1,0.38496,0.35288,25.67781,0.74201,1,0.68762,0.37501,25.22657,0.73802,1,-0.02412,0.02376,0.55667,0.00457,1,0.03962,0.01995,0.55635,0.00432,1,0,0.00000,7
0.50059,0.32895,3248.23999,0.10669,6693,1,0.53370,0.37940,1,0.55040,0.32688,1,0.54205,0.35314,1,0.38485,0.35279,25.80565,0.73802,1,0.68738,0.37491,25.38453,0.73404,1,-0.02412,0.02376,0.55667,0.00462,1,0.03962,0.01995,0.55635,0.00438,1,0,0.00000,7
0.50270,0.32978,3248.23999,0.11328,6693,1,0.52805,0.37118,1,0.54908,0.31643,1,0.53856,0.34381,1,0.38485,0.35276,25.77335,0.73404,1,0.68736,0.37495,25.56950,0.73005,1,-0.02412,0.02376,0.55667,0.00463,1,0.03962,0.01995,0.55635,0.00437,1,0,0.00000,7
0.50459,0.33073,3248.23999,0.12012,6693,1,0.52885,0.37488,1,0.54850,0.32062,1,0.53867,0.34775,1,0.38480,0.35273,25.80076,0.73005,1,0.68738,0.37494,25.53867,0.72606,1,-0.02396,0.02364,0.55304,0.00462,1,0.03962,0.01995,0.55635,0.00440,1,0,0.00000,7
0.50618,0.33142,3248.23999,0.12646,6693,1,0.52944,0.36696,1,0.54333,0.32227,1,0.53638,0.34462,1,0.38482,0.35257,26.03627,0.72606,1,0.68727,0.37482,25.58059,0.72606,1,-0.02396,0.02364,0.55304,0.00460,1,0.03962,0.01995,0.55635,0.00435,1,0,0.00000,7
0.53124,0.34005,3248.23999,0.12646,6693,0,0.52669,0.35522,1,0.54437,0.32030,1,0.53553,0.33776,1,0.38479,0.35254,25.88220,0.72606,1,0.68727,0.37488,25.61229,0.72606,1,-0.02396,0.02364,0.55304,0.00462,1,0.03962,0.01995,0.55635,0.00438,1,0,0.00000,7
0.53338,0.33891,3248.23999,0.12646,6693,0,0.52669,0.35522,1,0.54437,0.32030,1,0.53553,0.33776,1,0.38475,0.35240,25.72657,0.72606,1,0.68722,0.37481,25.52370,0.72606,1,-0.02396,0.02364,0.55304,0.00462,1,0.03962,0.01995,0.55635,0.00440,1,0,0.00000,7
0.53315,0.33725,3248.23999,0.12646,6693,0,0.52306,0.35223,1,0.54234,0.31567,1,0.53270,0.33395,1,0.38462,0.35241,25.85237,0.72606,1,0.68718,0.37470,25.49245,0.72606,1,-0.02396,0.02364,0.55304,0.00465,1,0.03962,0.01995,0.55635,0.00439,1,0,0.00000,7
0.53179,0.33590,3248.37329,0.02002,6694,1,0.51513,0.34831,1,0.54023,0.31540,1,0.52768,0.33185,1,0.38461,0.35238,25.99571,0.72606,1,0.68717,0.37469,25.47284,0.72606,1,-0.02396,0.02364,0.55304,0.00464,1,0.03962,0.01995,0.55635,0.00440,1,0,0.00000,7
0.53097,0.33509,3248.37329,0.02710,6694,1,0.51513,0.34831,1,0.54023,0.31540,1,0.52768,0.33185,1,0.38456,0.35232,25.73421,0.72606,1,0.68712,0.37467,25.58824,0.72606,1,-0.02396,0.02364,0.55304,0.00466,1,0.03962,0.01995,0.55635,0.00441,1,0,0.00000,7
0.52876,0.33526,3248.37329,0.03394,6694,1,0.50751,0.34509,1,0.52790,0.32703,1,0.51771,0.33606,1,0.38457,0.35231,26.12516,0.72606,1,0.68712,0.37467,25.41157,0.72606,1,-0.02396,0.02364,0.55304,0.00458,1,0.03962,0.01995,0.55635,0.00441,1,0,0.00000,7
0.52830,0.33495,3248.37329,0.04028,6694,1,0.52755,0.34903,1,0.52365,0.31715,1,0.52560,0.33309,1,0.38455,0.35237,26.18083,0.72606,1,0.68715,0.37463,25.50931,0.72606,1,-0.02396,0.02364,0.55304,0.00460,1,0.03962,0.01995,0.55635,0.00442,1,0,0.00000,7
0.52797,0.33471,3248.37329,0.04712,6694,1,0.52755,0.34903,1,0.52365,0.31715,1,0.52560,0.33309,1,0.38441,0.35239,26.23908,0.72606,1,0.68701,0.37465,25.36119,0.72606,1,-0.02396,0.02364,0.55304,0.00461,1,0.03962,0.01995,0.55635,0.00437,1,0,0.00000,7
0.52835,0.33513,3248.37329,0.05347,6694,1,0.52151,0.35191,1,0.54131,0.32500,1,0.53141,0.33846,1,0.38431,0.35238,26.27675,0.72606,1,0.68695,0.37469,25.40180,0.72606,1,-0.02396,0.02364,0.55304,0.00461,1,0.03962,0.01995,0.55635,0.00439,1,0,0.00000,7
0.52781,0.33561,3248.37329,0.06030,6694,1,0.51114,0.35574,1,0.53470,0.32419,1,0.52292,0.33997,1,0.38428,0.35241,26.27742,0.72606,1,0.68685,0.37472,25.53645,0.72606,1,-0.02396,0.02364,0.55304,0.00461,1,0.03962,0.01995,0.55635,0.00442,1,0,0.00000,7
0.52739,0.33582,3248.37329,0.06714,6694,1,0.51114,0.35574,1,0.53521,0.32002,1,0.52318,0.33788,1,0.38417,0.35237,26.15811,0.72606,1,0.68676,0.37483,25.60538,0.73005,1,-0.02396,0.02364,0.55304,0.00461,1,0.04105,0.02068,0.57696,0.00442,1,0,0.00000,7
0.52709,0.33644,3248.37329,0.07397,6694,1,0.52514,0.36074,1,0.52254,0.32570,1,0.52384,0.34322,1,0.38404,0.35256,26.09680,0.73005,1,0.68668,0.37484,25.30209,0.73404,1,-0.02396,0.02364,0.55304,0.00463,1,0.04105,0.02068,0.57696,0.00441,1,0,0.00000,7
0.52667,0.33690,3248.37329,0.08032,6694,1,0.52104,0.35870,1,0.52225,0.32630,1,0.52164,0.34250,1,0.38400,0.35266,26.24747,0.73404,1,0.68661,0.37483,25.27193,0.73802,1,-0.02396,0.02364,0.55304,0.00463,1,0.04105,0.02068,0.57696,0.00441,1,0,0.00000,7
0.52630,0.33702,3248.37329,0.08716,6694,1,0.52021,0.35495,1,0.52269,0.32220,1,0.52145,0.33857,1,0.38386,0.35256,26.12440,0.73802,1,0.68655,0.37481,25.23116,0.74201,1,-0.02398,0.02357,0.55144,0.00464,1,0.04105,0.02068,0.57696,0.00441,1,0,0.00000,7
0.52498,0.33750,3248.37329,0.09448,6694,1,0.50472,0.35406,1,0.50828,0.33425,1,0.50650,0.34415,1,0.38374,0.35268,26.13510,0.74201,1,0.68641,0.37489,25.37309,0.74201,1,-0.02398,0.02357,0.55144,0.00461,1,0.04105,0.02068,0.57696,0.00441,1,0,0.00000,7
0.52336,0.33835,3248.37329,0.10034,6694,1,0.49747,0.36964,1,0.50063,0.33276,1,0.49905,0.35120,1,0.38368,0.35284,26.09627,0.74201,1,0.68641,0.37497,25.40288,0.74201,1,-0.02398,0.02357,0.55144,0.00462,1,0.04105,0.02068,0.57696,0.00440,1,0,0.00000,7
0.52191,0.33889,3248.37329,0.10767,6694,1,0.49655,0.36608,1,0.50095,0.32880,1,0.49875,0.34744,1,0.38354,0.35277,26.03719,0.74590,1,0.68630,0.37506,25.25295,0.74590,1,-0.02465,0.02419,0.56590,0.00461,1,0.03996,0.02018,0.56291,0.00443,1,0,0.00000,7
0.52054,0.33957,3248.37329,0.11401,6694,1,0.48474,0.36313,1,0.50984,0.33934,1,0.49729,0.35124,1,0.38341,0.35280,26.19831,0.74980,1,0.68607,0.37493,25.19089,0.74980,1,-0.02465,0.02419,0.56590,0.00459,1,0.03996,0.02018,0.56291,0.00439,1,0,0.00000,7
0.51881,0.34029,3248.37329,0.12085,6694,1,0.47198,0.36206,1,0.50315,0.34428,1,0.48756,0.35317,1,0.38333,0.35286,26.03278,0.75369,1,0.68598,0.37500,24.83542,0.75369,1,-0.02465,0.02419,0.56590,0.00463,1,0.03996,0.02018,0.56291,0.00443,1,0,0.00000,7
0.51724,0.34103,3248.37329,0.12720,6694,1,0.47198,0.36206,1,0.50281,0.34821,1,0.48740,0.35513,1,0.38320,0.35304,26.31384,0.75369,1,0.68583,0.37503,24.90837,0.74971,1,-0.02377,0.02320,0.54470,0.00460,1,0.03922,0.01983,0.55303,0.00442,1,0,0.00000,7
0.51585,0.34155,3248.37329,0.13428,6694,1,0.48948,0.34099,1,0.48693,0.36280,1,0.48821,0.35190,1,0.38302,0.35312,26.14506,0.74581,1,0.68576,0.37513,25.12427,0.74183,1,-0.02377,0.02320,0.54470,0.00461,1,0.03922,0.01983,0.55303,0.00441,1,0,0.00000,7
0.51489,0.34257,3248.37329,0.14087,6694,1,0.48629,0.35393,1,0.50313,0.37413,1,0.49471,0.36403,1,0.38302,0.35313,26.14689,0.73793,1,0.68562,0.37525,25.55618,0.73394,1,-0.02377,0.02320,0.54470,0.00463,1,0.03922,0.01983,0.55303,0.00435,1,0,0.00000,7
0.51405,0.34375,3248.37329,0.14819,6694,1,0.48829,0.36131,1,0.50280,0.37792,1,0.49554,0.36961,1,0.38290,0.35322,26.11060,0.73005,1,0.68558,0.37527,25.60168,0.73005,1,-0.02377,0.02316,0.54470,0.00458,1,0.04059,0.02050,0.57294,0.00437,1,0,0.00000,7
0.51316,0.34335,3248.37329,0.15454,6694,1,0.49338,0.33770,1,0.49184,0.33055,1,0.49261,0.33412,1,0.38268,0.35331,26.02687,0.73005,1,0.68541,0.37539,25.30968,0.73404,1,-0.02377,0.02316,0.54470,0.00460,1,0.04059,0.02050,0.57294,0.00442,1,0,0.00000,7
0.51208,0.34306,3248.37329,0.16089,6694,1,0.48838,0.34106,1,0.48393,0.33120,1,0.48615,0.33613,1,0.38267,0.35333,26.08706,0.73404,1,0.68528,0.37533,25.21375,0.73802,1,-0.02377,0.02316,0.54470,0.00461,1,0.04059,0.02050,0.57294,0.00444,1,0,0.00000,7
0.51107,0.34255,3248.37329,0.16772,6694,1,0.48737,0.33724,1,0.48443,0.32264,1,0.48590,0.32994,1,0.38266,0.35341,26.17717,0.73802,1,0.68520,0.37540,25.47055,0.74635,1,-0.02427,0.02353,0.55432,0.00461,1,0.04074,0.02055,0.57560,0.00442,1,0,0.00000,7
0.50975,0.34221,3248.37329,0.17480,6694,1,0.47457,0.34311,1,0.47644,0.32362,1,0.47550,0.33337,1,0.38255,0.35355,26.26483,0.74635,1,0.68507,0.37539,25.48470,0.75070,1,-0.02427,0.02353,0.55432,0.00459,1,0.04074,0.02055,0.57560,0.00441,1,0,0.00000,7
0.50887,0.34161,3248.37329,0.18164,6694,1,0.47203,0.33800,1,0.49773,0.31284,1,0.48488,0.32542,1,0.38246,0.35359,26.07532,0.75070,1,0.68503,0.37538,25.47946,0.75505,1,-0.02427,0.02353,0.55432,0.00461,1,0.04074,0.02055,0.57560,0.00440,1,0,0.00000,7
0.50800,0.34092,3248.37329,0.18872,6694,1,0.46984,0.33028,1,0.49773,0.31293,1,0.48378,0.32160,1,0.38243,0.35362,26.11267,0.75894,1,0.68496,0.37541,25.30566,0.75496,1,-0.02498,0.02418,0.56963,0.00459,1,0.03885,0.01964,0.55014,0.00441,1,0,0.00000,7
0.50685,0.34041,3248.37329,0.19604,6694,1,0.45888,0.33632,1,0.48807,0.31481,1,0.47348,0.32557,1,0.38235,0.35372,26.17121,0.75885,1,0.68488,0.37537,25.11778,0.75052,1,-0.02498,0.02418,0.56963,0.00457,1,0.03885,0.01964,0.55014,0.00439,1,0,0.00000,7
0.50574,0.34024,3248.37329,0.20190,6694,1,0.45915,0.34471,1,0.48607,0.32549,1,0.47261,0.33510,1,0.38228,0.35371,26.16565,0.75442,1,0.68477,0.37534,25.10082,0.74608,1,-0.02498,0.02418,0.56963,0.00459,1,0.03885,0.01964,0.55014,0.00437,1,0,0.00000,7
0.50472,0.34021,3248.37329,0.20850,6694,1,0.46040,0.34880,1,0.48579,0.33003,1,0.47310,0.33942,1,0.38215,0.35374,26.22266,0.74998,1,0.68478,0.37534,25.06809,0.74164,1,-0.02498,0.02418,0.56963,0.00455,1,0.03885,0.01968,0.55014,0.00437,1,0,0.00000,7
0.50363,0.34083,3248.37329,0.21509,6694,1,0.45732,0.34640,1,0.47982,0.37486,1,0.46857,0.36063,1,0.38210,0.35372,26.13672,0.74164,1,0.68479,0.37527,24.96829,0.74164,1,-0.02498,0.02418,0.56963,0.00453,1,0.03885,0.01968,0.55014,0.00437,1,0,0.00000,7
0.50260,0.34141,3248.37329,0.22168,6694,1,0.45819,0.35456,1,0.47940,0.36666,1,0.46879,0.36061,1,0.38208,0.35369,26.06366,0.74164,1,0.68479,0.37526,24.83485,0.74164,1,-0.02498,0.02418,0.56963,0.00453,1,0.03885,0.01968,0.55014,0.00439,1,0,0.00000,7
0.50164,0.34196,3248.37329,0.22852,6694,1,0.45819,0.35456,1,0.47940,0.36666,1,0.46879,0.36061,1,0.38207,0.35371,26.09543,0.74164,1,0.68478,0.37524,24.89071,0.74164,1,-0.02498,0.02418,0.56963,0.00450,1,0.03885,0.01964,0.55014,0.00439,1,0,0.00000,7
0.47503,0.34014,3248.37329,0.22852,6694,0,0.44751,0.34014,1,0.47017,0.36646,1,0.45884,0.35330,1,0.38202,0.35365,25.83330,0.74164,1,0.68463,0.37519,24.78962,0.74164,1,-0.02498,0.02418,0.56963,0.00455,1,0.03885,0.01964,0.55014,0.00436,1,0,0.00000,7
0.46667,0.34815,3248.37329,0.22852,6694,0,0.44611,0.34374,1,0.47051,0.36858,1,0.45831,0.35616,1,0.38202,0.35361,25.67761,0.74164,1,0.68467,0.37522,24.86004,0.74164,1,-0.02498,0.02418,0.56963,0.00455,1,0.03885,0.01964,0.55014,0.00437,1,0,0.00000,7
0.46405,0.35206,3248.37329,0.22852,6694,0,0.44729,0.34739,1,0.47034,0.37237,1,0.45882,0.35988,1,0.38194,0.35358,25.72959,0.73775,1,0.68462,0.37525,24.95716,0.73775,1,-0.02486,0.02402,0.56582,0.00453,1,0.03885,0.01968,0.55014,0.00433,1,0,0.00000,7
0.46150,0.35409,3248.60864,0.02002,6695,1,0.44259,0.34484,1,0.46506,0.37552,1,0.45382,0.36018,1,0.38195,0.35360,25.80062,0.73385,1,0.68458,0.37514,24.81957,0.73385,1,-0.02486,0.02402,0.56582,0.00454,1,0.03885,0.01968,0.55014,0.00432,1,0,0.00000,7
0.46039,0.35558,3248.60864,0.02661,6695,1,0.44618,0.34670,1,0.46570,0.37638,1,0.45594,0.36154,1,0.38191,0.35355,25.80802,0.72996,1,0.68457,0.37523,24.88548,0.72996,1,-0.02486,0.02402,0.56582,0.00453,1,0.03885,0.01968,0.55014,0.00429,1,0,0.00000,7
0.45964,0.35657,3248.60864,0.03345,6695,1,0.44618,0.34670,1,0.46570,0.37638,1,0.45594,0.36154,1,0.38183,0.35347,25.71928,0.72996,1,0.68459,0.37515,24.70539,0.72996,1,-0.02498,0.02418,0.56963,0.00452,1,0.03885,0.01968,0.55014,0.00433,1,0,0.00000,7
0.45838,0.35600,3248.60864,0.03955,6695,1,0.43599,0.33419,1,0.46562,0.37093,1,0.45080,0.35256,1,0.38181,0.35347,25.80798,0.73385,1,0.68450,0.37517,24.90948,0.73385,1,-0.02498,0.02418,0.56963,0.00453,1,0.03885,0.01968,0.55014,0.00431,1,0,0.00000,7
0.45730,0.35549,3248.60864,0.04639,6695,1,0.43649,0.32951,1,0.46304,0.37428,1,0.44976,0.35190,1,0.38185,0.35349,25.77193,0.73775,1,0.68450,0.37516,24.59565,0.73775,1,-0.02498,0.02418,0.56963,0.00453,1,0.03885,0.01968,0.55014,0.00433,1,0,0.00000,7
0.45641,0.35446,3248.60864,0.05298,6695,1,0.43525,0.32579,1,0.46331,0.36663,1,0.44928,0.34621,1,0.38184,0.35350,25.78835,0.74164,1,0.68450,0.37516,24.59565,0.74563,1,-0.02460,0.02386,0.56100,0.00452,1,0.03980,0.02010,0.56305,0.00433,1,0,0.00000,7
0.45548,0.35341,3248.60864,0.06006,6695,1,0.43231,0.32758,1,0.46185,0.36046,1,0.44708,0.34402,1,0.38179,0.35349,25.80061,0.74563,1,0.68441,0.37524,24.82944,0.74962,1,-0.02460,0.02386,0.56100,0.00453,1,0.03980,0.02010,0.56305,0.00431,1,0,0.00000,7
0.45448,0.35087,3248.60864,0.06689,6695,1,0.43064,0.32165,1,0.45825,0.32935,1,0.44445,0.32550,1,0.38182,0.35350,25.76653,0.74962,1,0.68436,0.37535,24.82237,0.75360,1,-0.02460,0.02386,0.56100,0.00452,1,0.03980,0.02010,0.56305,0.00432,1,0,0.00000,7
0.45364,0.34875,3248.60864,0.07349,6695,1,0.43061,0.32156,1,0.45825,0.32926,1,0.44443,0.32541,1,0.38181,0.35348,25.83454,0.74971,1,0.68439,0.37534,24.62192,0.75369,1,-0.02427,0.02353,0.55432,0.00452,1,0.03980,0.02010,0.56305,0.00429,1,0,0.00000,7
0.45228,0.34560,3248.60864,0.08008,6695,1,0.41894,0.31633,1,0.45300,0.29919,1,0.43597,0.30776,1,0.38196,0.35348,25.84637,0.74980,1,0.68467,0.37536,24.60291,0.74980,1,-0.02427,0.02353,0.55432,0.00448,1,0.03980,0.02010,0.56305,0.00435,1,0,0.00000,7
0.45370,0.34295,3248.60864,0.08643,6695,1,0.46019,0.31465,1,0.48404,0.30237,1,0.47212,0.30851,1,0.38251,0.35330,25.35201,0.74590,1,0.68512,0.37566,24.93276,0.74590,1,-0.02427,0.02353,0.55432,0.00453,1,0.03980,0.02010,0.56305,0.00433,1,0,0.00000,7
0.45492,0.34079,3248.60864,0.09326,6695,1,0.46019,0.31465,1,0.48380,0.30657,1,0.47200,0.31061,1,0.38345,0.35342,25.75698,0.74590,1,0.68602,0.37568,24.71035,0.74192,1,-0.02459,0.02417,0.56835,0.00449,1,0.03962,0.01978,0.55635,0.00429,1,0,0.00000,7
0.45819,0.34103,3248.60864,0.10010,6695,1,0.49612,0.36176,1,0.51834,0.32743,1,0.50723,0.34460,1,0.38446,0.35321,25.86863,0.74581,1,0.68702,0.37585,25.20492,0.74183,1,-0.02459,0.02417,0.56835,0.00448,1,0.03962,0.01978,0.55635,0.00433,1,0,0.00000,7
0.46141,0.34093,3248.60864,0.10645,6695,1,0.49353,0.35552,1,0.53240,0.32297,1,0.51297,0.33925,1,0.38473,0.35323,25.44413,0.74572,1,0.68712,0.37589,25.13567,0.74173,1,-0.02459,0.02417,0.56835,0.00458,1,0.03962,0.01978,0.55635,0.00433,1,0,0.00000,7
0.46430,0.34094,3248.60864,0.11353,6695,1,0.49449,0.35921,1,0.53240,0.32297,1,0.51345,0.34109,1,0.38505,0.35315,25.99708,0.74173,1,0.68744,0.37585,24.78200,0.74173,1,-0.02384,0.02360,0.55393,0.00452,1,0.04028,0.02004,0.56381,0.00430,1,0,0.00000,7
0.46687,0.34104,3248.60864,0.12036,6695,1,0.50532,0.35273,1,0.52096,0.33322,1,0.51314,0.34298,1,0.38501,0.35313,25.92138,0.73784,1,0.68726,0.37592,24.93837,0.74183,1,-0.02384,0.02360,0.55393,0.00451,1,0.04028,0.02004,0.56381,0.00431,1,0,0.00000,7
0.46913,0.34135,3248.60864,0.12695,6695,1,0.50690,0.36116,1,0.51717,0.33333,1,0.51203,0.34724,1,0.38501,0.35313,25.91552,0.73793,1,0.68728,0.37592,24.91701,0.74192,1,-0.02384,0.02360,0.55393,0.00451,1,0.04028,0.02004,0.56381,0.00433,1,0,0.00000,7
0.47117,0.34163,3248.60864,0.13330,6695,1,0.50688,0.36108,1,0.51718,0.33323,1,0.51203,0.34716,1,0.38498,0.35322,25.93019,0.73802,1,0.68729,0.37596,24.81744,0.74201,1,-0.02386,0.02358,0.55455,0.00451,1,0.04028,0.02004,0.56381,0.00434,1,0,0.00000,7
0.47233,0.34224,3248.60864,0.13989,6695,1,0.47768,0.36630,1,0.51544,0.34377,1,0.49656,0.35504,1,0.38489,0.35333,25.81412,0.74201,1,0.68727,0.37597,24.79114,0.74201,1,-0.02386,0.02358,0.55455,0.00452,1,0.04028,0.02004,0.56381,0.00434,1,0,0.00000,7
0.47317,0.34251,3248.60864,0.14746,6695,1,0.47426,0.32906,1,0.50931,0.36792,1,0.49179,0.34849,1,0.38488,0.35334,25.80349,0.74201,1,0.68729,0.37601,24.78926,0.74201,1,-0.02386,0.02358,0.55455,0.00453,1,0.04028,0.02004,0.56381,0.00436,1,0,0.00000,7
0.47395,0.34276,3248.60864,0.15405,6695,1,0.47426,0.32906,1,0.50931,0.36792,1,0.49179,0.34849,1,0.38489,0.35342,25.70999,0.74201,1,0.68725,0.37609,24.48168,0.74201,1,-0.02386,0.02358,0.55455,0.00454,1,0.04028,0.02004,0.56381,0.00438,1,0,0.00000,7
0.47448,0.34277,3248.60864,0.16113,6695,1,0.47161,0.33014,1,0.50286,0.35601,1,0.48724,0.34308,1,0.38483,0.35347,25.81567,0.74201,1,0.68717,0.37610,24.40729,0.74201,1,-0.02386,0.02358,0.55455,0.00453,1,0.04028,0.02004,0.56381,0.00438,1,0,0.00000,7
0.47490,0.34284,3248.60864,0.16724,6695,1,0.47034,0.33482,1,0.50030,0.35426,1,0.48532,0.34454,1,0.38479,0.35354,25.90123,0.74201,1,0.68707,0.37617,24.67093,0.74201,1,-0.02386,0.02358,0.55455,0.00450,1,0.04028,0.02004,0.56381,0.00433,1,0,0.00000,7
0.50074,0.34554,3248.60864,0.16724,6695,0,0.47034,0.33482,1,0.50030,0.35426,1,0.48532,0.34454,1,0.38474,0.35361,25.93378,0.74201,1,0.68700,0.37613,24.72795,0.74201,1,-0.02386,0.02354,0.55455,0.00449,1,0.04028,0.02004,0.56381,0.00430,1,0,0.00000,7
0.49124,0.34538,3248.60864,0.16724,6695,0,0.46734,0.35916,1,0.49616,0.33127,1,0.48175,0.34521,1,0.38461,0.35376,25.90286,0.74201,1,0.68696,0.37627,24.74684,0.74201,1,-0.02386,0.02354,0.55455,0.00452,1,0.04028,0.02004,0.56381,0.00431,1,0,0.00000,7
0.48656,0.33907,3248.60864,0.16724,6695,0,0.46215,0.35672,1,0.49222,0.29620,1,0.47718,0.32646,1,0.38455,0.35378,25.68368,0.74201,1,0.68693,0.37628,24.73439,0.74201,1,-0.02386,0.02354,0.55455,0.00452,1,0.04028,0.02004,0.56381,0.00431,1,0,0.00000,7
0.48425,0.33534,3248.78271,0.02002,6696,1,0.46215,0.35672,1,0.49253,0.29156,1,0.47734,0.32414,1,0.38456,0.35387,25.83412,0.74201,1,0.68687,0.37666,24.88281,0.74635,1,-0.02386,0.02354,0.55455,0.00451,1,0.04131,0.02040,0.57883,0.00428,1,0,0.00000,7
0.48364,0.33695,3248.78271,0.02661,6696,1,0.47981,0.37866,1,0.48254,0.30812,1,0.48118,0.34339,1,0.38445,0.35393,25.72171,0.74635,1,0.68682,0.37670,24.75863,0.75070,1,-0.02386,0.02354,0.55455,0.00448,1,0.04131,0.02040,0.57883,0.00427,1,0,0.00000,7
0.48217,0.33847,3248.78271,0.03345,6696,1,0.47216,0.37969,1,0.47756,0.31249,1,0.47486,0.34609,1,0.38442,0.35400,25.79254,0.75070,1,0.68675,0.37678,24.93457,0.75505,1,-0.02386,0.02354,0.55455,0.00448,1,0.04131,0.02040,0.57883,0.00427,1,0,0.00000,7
0.48106,0.33897,3248.78271,0.04028,6696,1,0.47100,0.37585,1,0.47778,0.30801,1,0.47439,0.34193,1,0.38433,0.35414,25.68843,0.75505,1,0.68662,0.37682,24.83881,0.75940,1,-0.02386,0.02346,0.55455,0.00453,1,0.04131,0.02040,0.57883,0.00433,1,0,0.00000,7
0.47913,0.33745,3248.78271,0.04712,6696,1,0.46239,0.33192,1,0.46876,0.32179,1,0.46557,0.32685,1,0.38430,0.35413,25.79138,0.75940,1,0.68657,0.37685,24.78469,0.75940,1,-0.02386,0.02346,0.55455,0.00452,1,0.04131,0.02040,0.57883,0.00432,1,0,0.00000,7
0.47719,0.33663,3248.78271,0.05347,6696,1,0.45721,0.33721,1,0.46622,0.32288,1,0.46172,0.33004,1,0.38427,0.35419,25.73538,0.75940,1,0.68656,0.37683,24.73820,0.75940,1,-0.02386,0.02346,0.55455,0.00449,1,0.04131,0.02040,0.57883,0.00435,1,0,0.00000,7
0.47564,0.33619,3248.78271,0.06030,6696,1,0.45721,0.33721,1,0.46606,0.32727,1,0.46164,0.33224,1,0.38428,0.35424,25.78435,0.75940,1,0.68652,0.37689,24.67884,0.75505,1,-0.02386,0.02346,0.55455,0.00448,1,0.04052,0.02003,0.56830,0.00436,1,0,0.00000,7
0.47476,0.33617,3248.78271,0.06689,6696,1,0.45276,0.33489,1,0.47927,0.33713,1,0.46601,0.33601,1,0.38422,0.35414,25.86472,0.75505,1,0.68641,0.37692,24.78891,0.75070,1,-0.02386,0.02346,0.55455,0.00451,1,0.04052,0.02003,0.56830,0.00434,1,0,0.00000,7
0.47452,0.33625,3248.78271,0.07324,6696,1,0.46863,0.33957,1,0.47501,0.33456,1,0.47182,0.33707,1,0.38413,0.35423,25.87390,0.75070,1,0.68636,0.37686,24.80320,0.74635,1,-0.02386,0.02346,0.55455,0.00447,1,0.04052,0.02003,0.56830,0.00431,1,0,0.00000,7
0.47434,0.33679,3248.78271,0.07983,6696,1,0.46981,0.34364,1,0.47460,0.34299,1,0.47221,0.34332,1,0.38394,0.35421,25.55921,0.74635,1,0.68632,0.37687,24.73794,0.73802,1,-0.02386,0.02346,0.55455,0.00449,1,0.03937,0.01949,0.55283,0.00430,1,0,0.00000,7
0.47374,0.33816,3248.78271,0.08618,6696,1,0.46406,0.35527,1,0.46778,0.35672,1,0.46592,0.35599,1,0.38383,0.35426,25.60341,0.73802,1,0.68621,0.37681,24.69893,0.73404,1,-0.02386,0.02346,0.55455,0.00449,1,0.03937,0.01949,0.55283,0.00433,1,0,0.00000,7
0.47314,0.33980,3248.78271,0.09277,6696,1,0.46302,0.36017,1,0.46638,0.36521,1,0.46470,0.36269,1,0.38383,0.35427,25.58710,0.73404,1,0.68619,0.37685,24.57306,0.73005,1,-0.02386,0.02346,0.55455,0.00450,1,0.03937,0.01949,0.55283,0.00433,1,0,0.00000,7
0.47264,0.34147,3248.78271,0.09985,6696,1,0.46416,0.36387,1,0.46623,0.36917,1,0.46519,0.36652,1,0.38381,0.35424,25.70004,0.73005,1,0.68610,0.37689,24.55450,0.72606,1,-0.02480,0.02434,0.57440,0.00449,1,0.03937,0.01949,0.55283,0.00434,1,0,0.00000,7
0.47159,0.34316,3248.78271,0.10620,6696,1,0.45826,0.37026,1,0.45122,0.37003,1,0.45474,0.37014,1,0.38373,0.35419,25.67834,0.72606,1,0.68588,0.37681,24.70111,0.72606,1,-0.02480,0.02434,0.57440,0.00449,1,0.03937,0.01949,0.55283,0.00432,1,0,0.00000,7
0.47114,0.34463,3248.78271,0.11401,6696,1,0.45095,0.37456,1,0.47602,0.36497,1,0.46349,0.36976,1,0.38369,0.35421,25.63456,0.72606,1,0.68587,0.37684,24.83800,0.72606,1,-0.02480,0.02434,0.57440,0.00452,1,0.03937,0.01949,0.55283,0.00431,1,0,0.00000,7
0.47071,0.34576,3248.78271,0.12061,6696,1,0.44976,0.37099,1,0.47622,0.36108,1,0.46299,0.36603,1,0.38361,0.35425,25.66391,0.72996,1,0.68594,0.37676,24.55946,0.72996,1,-0.02429,0.02383,0.56338,0.00450,1,0.03937,0.01949,0.55283,0.00433,1,0,0.00000,7
0.47071,0.34659,3248.78271,0.12671,6696,1,0.46932,0.35884,1,0.47206,0.36577,1,0.47069,0.36231,1,0.38407,0.35428,25.33027,0.73385,1,0.68640,0.37696,24.59532,0.73385,1,-0.02429,0.02383,0.56338,0.00454,1,0.03937,0.01949,0.55283,0.00435,1,0,0.00000,7
0.47204,0.34740,3248.78271,0.13379,6696,1,0.49661,0.36451,1,0.50068,0.36284,1,0.49865,0.36368,1,0.38455,0.35418,25.39969,0.73775,1,0.68695,0.37714,24.94893,0.73775,1,-0.02429,0.02383,0.56338,0.00449,1,0.03937,0.01949,0.55283,0.00429,1,0,0.00000,7
0.47326,0.34795,3248.78271,0.14038,6696,1,0.49661,0.36451,1,0.50137,0.35465,1,0.49899,0.35958,1,0.38534,0.35419,25.73191,0.73775,1,0.68767,0.37716,24.80613,0.74608,1,-0.02394,0.02370,0.56030,0.00449,1,0.04156,0.02044,0.57982,0.00431,1,0,0.00000,7
0.47532,0.34840,3248.78271,0.14722,6696,1,0.50596,0.34565,1,0.53503,0.37091,1,0.52049,0.35828,1,0.38588,0.35412,25.66832,0.74219,1,0.68819,0.37720,24.36256,0.75052,1,-0.02394,0.02370,0.56030,0.00453,1,0.04156,0.02044,0.57982,0.00435,1,0,0.00000,7
0.47732,0.34761,3248.78271,0.15356,6696,1,0.50971,0.34714,1,0.53708,0.31149,1,0.52340,0.32932,1,0.38595,0.35412,25.61753,0.74663,1,0.68820,0.37722,24.37604,0.75496,1,-0.02394,0.02370,0.56030,0.00454,1,0.04156,0.02044,0.57982,0.00435,1,0,0.00000,7
0.47914,0.34679,3248.78271,0.16089,6696,1,0.50873,0.34298,1,0.53710,0.31140,1,0.52291,0.32719,1,0.38604,0.35410,25.49549,0.75106,1,0.68828,0.37723,24.24809,0.75505,1,-0.02340,0.02325,0.54960,0.00450,1,0.04089,0.01996,0.56987,0.00434,1,0,0.00000,7
0.48031,0.34587,3248.78271,0.16699,6696,1,0.50018,0.35653,1,0.51886,0.28935,1,0.50952,0.32294,1,0.38595,0.35420,25.37979,0.75505,1,0.68810,0.37737,24.61909,0.75070,1,-0.02340,0.02325,0.54960,0.00454,1,0.04089,0.01996,0.56987,0.00433,1,0,0.00000,7
0.48131,0.34452,3248.78271,0.17358,6696,1,0.50014,0.32115,1,0.51429,0.29763,1,0.50721,0.30939,1,0.38597,0.35426,25.33828,0.75070,1,0.68805,0.37742,24.52136,0.74635,1,-0.02340,0.02325,0.54960,0.00451,1,0.04089,0.01996,0.56987,0.00434,1,0,0.00000,7
0.48225,0.34334,3248.78271,0.18066,6696,1,0.50115,0.32535,1,0.51429,0.29763,1,0.50772,0.31149,1,0.38597,0.35443,25.51495,0.74635,1,0.68798,0.37769,24.93106,0.74635,1,-0.02340,0.02317,0.54961,0.00451,1,0.04156,0.02026,0.57982,0.00433,1,0,0.00000,7
0.48301,0.34257,3248.78271,0.18677,6696,1,0.49774,0.33365,1,0.51091,0.30827,1,0.50432,0.32096,1,0.38597,0.35445,25.54198,0.74635,1,0.68798,0.37778,24.94825,0.75070,1,-0.02340,0.02317,0.54961,0.00451,1,0.04156,0.02026,0.57982,0.00435,1,0,0.00000,7
0.48371,0.34182,3248.78271,0.19385,6696,1,0.49574,0.33167,1,0.51239,0.30833,1,0.50407,0.32000,1,0.38592,0.35446,25.54465,0.75070,1,0.68791,0.37779,25.00027,0.75505,1,-0.02340,0.02317,0.54961,0.00448,1,0.04156,0.02026,0.57982,0.00431,1,0,0.00000,7
0.48436,0.34098,3248.78271,0.20020,6696,1,0.49471,0.32754,1,0.51280,0.30385,1,0.50376,0.31569,1,0.38598,0.35448,25.64999,0.75505,1,0.68787,0.37776,25.04281,0.75940,1,-0.02340,0.02317,0.54961,0.00449,1,0.04156,0.02026,0.57982,0.00432,1,0,0.00000,7
0.50816,0.33003,3248.78271,0.20020,6696,0,0.49251,0.33265,1,0.50128,0.31107,1,0.49690,0.32186,1,0.38601,0.35454,25.49553,0.75940,1,0.68787,0.37775,24.94918,0.75940,1,-0.02340,0.02317,0.54961,0.00449,1,0.04156,0.02026,0.57982,0.00433,1,0,0.00000,7
0.50260,0.33071,3248.78271,0.20020,6696,0,0.48753,0.33727,1,0.50654,0.32551,1,0.49703,0.33139,1,0.38600,0.35455,25.51366,0.75940,1,0.68786,0.37782,24.81378,0.75940,1,-0.02340,0.02317,0.54961,0.00448,1,0.04156,0.02026,0.57982,0.00432,1,0,0.00000,7
0.50074,0.33094,3248.78271,0.20020,6696,0,0.48753,0.33727,1,0.50654,0.32551,1,0.49703,0.33139,1,0.38594,0.35460,25.50030,0.75940,1,0.68784,0.37788,24.65369,0.75940,1,-0.02340,0.02317,0.54961,0.00448,1,0.04156,0.02026,0.57982,0.00432,1,0,0.00000,7
0.49786,0.33159,3248.98950,0.02051,6697,1,0.48091,0.34049,1,0.49753,0.32662,1,0.48922,0.33356,1,0.38586,0.35456,25.61821,0.75940,1,0.68775,0.37792,24.56341,0.75940,1,-0.02340,0.02317,0.54961,0.00449,1,0.04156,0.02026,0.57982,0.00435,1,0,0.00000,7
0.49486,0.33104,3248.98950,0.02734,6697,1,0.47309,0.33649,1,0.49264,0.32116,1,0.48286,0.32883,1,0.38581,0.35460,25.59445,0.75940,1,0.68776,0.37790,24.56003,0.75940,1,-0.02340,0.02317,0.54961,0.00448,1,0.04156,0.02026,0.57982,0.00432,1,0,0.00000,7
0.49280,0.33004,3248.98950,0.03369,6697,1,0.47207,0.33287,1,0.49291,0.31723,1,0.48249,0.32505,1,0.38573,0.35470,25.47126,0.76329,1,0.68771,0.37790,24.71399,0.76329,1,-0.02428,0.02399,0.56910,0.00449,1,0.04156,0.02026,0.57982,0.00431,1,0,0.00000,7
0.49065,0.32939,3248.98950,0.04053,6697,1,0.47031,0.33041,1,0.48520,0.32059,1,0.47776,0.32550,1,0.38569,0.35468,25.55826,0.76719,1,0.68762,0.37794,24.81342,0.76719,1,-0.02428,0.02399,0.56910,0.00445,1,0.04156,0.02026,0.57982,0.00432,1,0,0.00000,7
0.48856,0.32826,3248.98950,0.04785,6697,1,0.46482,0.33077,1,0.48307,0.30984,1,0.47394,0.32030,1,0.38558,0.35474,25.37298,0.77108,1,0.68753,0.37790,24.83812,0.77108,1,-0.02428,0.02399,0.56910,0.00443,1,0.04156,0.02026,0.57982,0.00427,1,0,0.00000,7
0.48688,0.32720,3248.98950,0.05444,6697,1,0.46377,0.32719,1,0.48304,0.31030,1,0.47341,0.31874,1,0.38555,0.35474,25.35599,0.77498,1,0.68750,0.37787,24.85531,0.77063,1,-0.02428,0.02399,0.56910,0.00445,1,0.04075,0.01989,0.56920,0.00428,1,0,0.00000,7
0.48625,0.32710,3248.98950,0.06055,6697,1,0.46409,0.32969,1,0.49701,0.32266,1,0.48055,0.32618,1,0.38550,0.35477,25.42902,0.77063,1,0.68734,0.37792,24.61377,0.76628,1,-0.02428,0.02399,0.56910,0.00443,1,0.04075,0.01989,0.56920,0.00432,1,0,0.00000,7
0.48515,0.32797,3248.98950,0.06738,6697,1,0.45827,0.35422,1,0.49019,0.31916,1,0.47423,0.33669,1,0.38548,0.35474,25.49352,0.76628,1,0.68733,0.37795,24.55689,0.76193,1,-0.02428,0.02399,0.56910,0.00443,1,0.04075,0.01989,0.56920,0.00433,1,0,0.00000,7
0.48427,0.32921,3248.98950,0.07446,6697,1,0.45949,0.35811,1,0.48964,0.32758,1,0.47456,0.34284,1,0.38539,0.35480,25.64865,0.76193,1,0.68730,0.37792,24.49342,0.75360,1,-0.02428,0.02399,0.56910,0.00442,1,0.03962,0.01936,0.55398,0.00435,1,0,0.00000,7
0.48307,0.33061,3248.98950,0.08130,6697,1,0.45490,0.35215,1,0.48232,0.34279,1,0.46861,0.34747,1,0.38533,0.35487,25.59661,0.75360,1,0.68720,0.37785,24.54933,0.74962,1,-0.02428,0.02399,0.56910,0.00444,1,0.03962,0.01936,0.55398,0.00430,1,0,0.00000,7
0.48190,0.33179,3248.98950,0.08789,6697,1,0.45681,0.34716,1,0.47663,0.34706,1,0.46672,0.34711,1,0.38533,0.35487,25.59661,0.74962,1,0.68712,0.37791,24.39928,0.74563,1,-0.02428,0.02399,0.56910,0.00444,1,0.03962,0.01936,0.55398,0.00431,1,0,0.00000,7
0.48092,0.33307,3248.98950,0.09497,6697,1,0.45795,0.35084,1,0.47643,0.35103,1,0.46719,0.35094,1,0.38530,0.35480,25.35171,0.74563,1,0.68706,0.37794,24.43157,0.74164,1,-0.02428,0.02399,0.56910,0.00446,1,0.03962,0.01936,0.55398,0.00431,1,0,0.00000,7
0.47993,0.33443,3248.98950,0.10156,6697,1,0.45409,0.36503,1,0.47620,0.34481,1,0.46515,0.35492,1,0.38523,0.35487,25.37512,0.74164,1,0.68707,0.37793,24.47436,0.74164,1,-0.02428,0.02399,0.56910,0.00448,1,0.03962,0.01936,0.55398,0.00432,1,0,0.00000,7
0.47878,0.33600,3248.98950,0.10864,6697,1,0.44834,0.37063,1,0.47217,0.35143,1,0.46025,0.36103,1,0.38522,0.35487,25.39667,0.74164,1,0.68704,0.37791,24.43311,0.74164,1,-0.02428,0.02399,0.56910,0.00446,1,0.03962,0.01936,0.55398,0.00430,1,0,0.00000,7
0.47777,0.33759,3248.98950,0.11450,6697,1,0.44951,0.37415,1,0.47199,0.35531,1,0.46075,0.36473,1,0.38520,0.35487,25.39632,0.73775,1,0.68700,0.37792,24.51407,0.73775,1,-0.02394,0.02362,0.56030,0.00447,1,0.03962,0.01936,0.55398,0.00428,1,0,0.00000,7
0.47670,0.33856,3248.98950,0.12134,6697,1,0.44627,0.36810,1,0.46860,0.34367,1,0.45743,0.35589,1,0.38508,0.35483,25.23359,0.73385,1,0.68702,0.37788,24.46909,0.73385,1,-0.02394,0.02362,0.56030,0.00446,1,0.03962,0.01936,0.55398,0.00426,1,0,0.00000,7
0.47572,0.33976,3248.98950,0.12817,6697,1,0.44838,0.37724,1,0.46587,0.34816,1,0.45713,0.36270,1,0.38512,0.35489,25.44057,0.72996,1,0.68700,0.37787,24.43181,0.72996,1,-0.02394,0.02362,0.56030,0.00445,1,0.03962,0.01936,0.55398,0.00426,1,0,0.00000,7
0.47486,0.34103,3248.98950,0.13477,6697,1,0.44958,0.38077,1,0.46572,0.35212,1,0.45765,0.36645,1,0.38507,0.35484,25.24997,0.72606,1,0.68692,0.37784,24.45181,0.72606,1,-0.02394,0.02362,0.56030,0.00445,1,0.03962,0.01936,0.55398,0.00424,1,0,0.00000,7
0.47371,0.34154,3248.98950,0.14160,6697,1,0.44049,0.36452,1,0.45841,0.33975,1,0.44945,0.35214,1,0.38504,0.35482,25.18415,0.72606,1,0.68676,0.37775,24.58987,0.72606,1,-0.02394,0.02362,0.56030,0.00445,1,0.03962,0.01936,0.55398,0.00429,1,0,0.00000,7
0.47245,0.34233,3248.98950,0.14844,6697,1,0.43904,0.37169,1,0.45056,0.34788,1,0.44480,0.35978,1,0.38504,0.35480,25.22501,0.72606,1,0.68676,0.37778,24.54391,0.72606,1,-0.02394,0.02362,0.56030,0.00445,1,0.03962,0.01936,0.55398,0.00428,1,0,0.00000,7
0.47130,0.34306,3248.98950,0.15479,6697,1,0.43904,0.37169,1,0.45056,0.34788,1,0.44480,0.35978,1,0.38500,0.35479,25.19465,0.72606,1,0.68671,0.37777,24.54295,0.72606,1,-0.02394,0.02362,0.56030,0.00444,1,0.03962,0.01936,0.55398,0.00429,1,0,0.00000,7
0.47008,0.34383,3248.98950,0.16162,6697,1,0.43614,0.37345,1,0.44534,0.35096,1,0.44074,0.36220,1,0.38483,0.35484,25.21690,0.72606,1,0.68662,0.37783,24.48982,0.72606,1,-0.02394,0.02362,0.56030,0.00445,1,0.03962,0.01936,0.55398,0.00433,1,0,0.00000,7
0.46922,0.34458,3248.98950,0.16797,6697,1,0.44243,0.37453,1,0.45339,0.35238,1,0.44791,0.36346,1,0.38493,0.35485,25.22047,0.72606,1,0.68671,0.37779,24.48898,0.72606,1,-0.02394,0.02362,0.56030,0.00445,1,0.03962,0.01936,0.55398,0.00428,1,0,0.00000,7
0.46842,0.34498,3248.98950,0.17456,6697,1,0.44120,0.37097,1,0.45366,0.33993,1,0.44743,0.35545,1,0.38515,0.35486,25.37032,0.72996,1,0.68695,0.37790,24.53264,0.73829,1,-0.02410,0.02389,0.56686,0.00448,1,0.04156,0.02026,0.57982,0.00428,1,0,0.00000,7
0.46955,0.34521,3248.98950,0.18140,6697,1,0.49898,0.36348,1,0.50147,0.33902,1,0.50022,0.35125,1,0.38633,0.35467,25.33255,0.74219,1,0.68807,0.37806,24.85394,0.75052,1,-0.02410,0.02389,0.56686,0.00446,1,0.04156,0.02026,0.57982,0.00430,1,0,0.00000,7
0.47163,0.34462,3248.98950,0.18872,6697,1,0.51885,0.33172,1,0.54051,0.32442,1,0.52968,0.32807,1,0.38708,0.35452,25.18249,0.75442,1,0.68880,0.37815,24.77549,0.76275,1,-0.02410,0.02389,0.56686,0.00453,1,0.04156,0.02026,0.57982,0.00431,1,0,0.00000,7
0.47354,0.34374,3248.98950,0.19507,6697,1,0.51633,0.32011,1,0.54153,0.31656,1,0.52893,0.31833,1,0.38820,0.35443,25.43915,0.76664,1,0.68994,0.37813,24.79532,0.77063,1,-0.02371,0.02398,0.56784,0.00451,1,0.04097,0.01979,0.56631,0.00429,1,0,0.00000,7
0.47666,0.34308,3248.98950,0.20264,6697,1,0.54708,0.32755,1,0.59352,0.31893,1,0.57030,0.32324,1,0.38928,0.35418,25.17603,0.77063,1,0.69083,0.37818,24.77420,0.76628,1,-0.02371,0.02398,0.56784,0.00451,1,0.04097,0.01979,0.56631,0.00428,1,0,0.00000,7
0.48002,0.34293,3248.98950,0.20947,6697,1,0.58284,0.34479,1,0.58592,0.33173,1,0.58438,0.33826,1,0.38962,0.35405,25.18050,0.76628,1,0.69103,0.37816,24.74290,0.76193,1,-0.02371,0.02398,0.56784,0.00452,1,0.04097,0.01979,0.56631,0.00426,1,0,0.00000,7
0.48319,0.34296,3248.98950,0.21533,6697,1,0.58385,0.35248,1,0.58519,0.33556,1,0.58452,0.34402,1,0.38993,0.35410,25.20402,0.75804,1,0.69135,0.37814,24.81772,0.75804,1,-0.02294,0.02337,0.55243,0.00451,1,0.17732,0.08724,2.49601,0.00425,0,0,0.00000,7
0.48592,0.34298,3248.98950,0.22192,6697,1,0.57334,0.37804,1,0.57849,0.30931,1,0.57591,0.34367,1,0.38991,0.35396,25.29516,0.75414,1,0.69132,0.37794,24.79225,0.75849,1,-0.02294,0.02337,0.55243,0.00452,1,0.17732,0.08724,2.49601,0.00426,0,0,0.00000,7
0.51970,0.34347,3248.98950,0.22192,6697,0,0.56903,0.37755,1,0.59414,0.29030,1,0.58159,0.33393,1,0.38981,0.35388,25.25763,0.75460,1,0.69125,0.37788,24.78486,0.75894,1,-0.02294,0.02337,0.55243,0.00451,1,0.17732,0.08724,2.49601,0.00425,0,0,0.00000,7
0.55044,0.33961,3248.98950,0.22192,6697,0,0.56896,0.37714,1,0.59338,0.29436,1,0.58117,0.33575,1,0.38970,0.35381,25.25171,0.75505,1,0.69116,0.37777,24.72057,0.75505,1,-0.02301,0.02352,0.55406,0.00451,1,0.04110,0.01981,0.56689,0.00424,1,0,0.00000,7
0.55698,0.33606,3248.98950,0.22192,6697,0,0.55954,0.35968,1,0.58058,0.29822,1,0.57006,0.32895,1,0.38970,0.35377,25.15206,0.75505,1,0.69095,0.37769,24.67638,0.75070,1,-0.02301,0.02352,0.55406,0.00451,1,0.04110,0.01981,0.56689,0.00427,1,0,0.00000,7
0.56100,0.33344,3249.21802,0.02026,6698,1,0.57296,0.36249,1,0.57319,0.28865,1,0.57308,0.32557,1,0.38962,0.35372,25.00687,0.75070,1,0.69092,0.37765,24.77001,0.74635,1,-0.02301,0.02352,0.55406,0.00451,1,0.04110,0.01981,0.56689,0.00427,1,0,0.00000,7
0.56335,0.33238,3249.21802,0.02686,6698,1,0.57302,0.36291,1,0.57243,0.29337,1,0.57272,0.32814,1,0.38951,0.35353,24.93774,0.75025,1,0.69079,0.37762,24.74127,0.74192,1,-0.02373,0.02421,0.57026,0.00453,1,0.04007,0.01938,0.55331,0.00426,1,0,0.00000,7
0.56356,0.33724,3249.21802,0.03345,6698,1,0.56376,0.35578,1,0.56544,0.36734,1,0.56460,0.36156,1,0.38936,0.35351,24.90723,0.74581,1,0.69069,0.37743,24.75786,0.74182,1,-0.02373,0.02421,0.57026,0.00453,1,0.04007,0.01938,0.55331,0.00426,1,0,0.00000,7
0.56283,0.34062,3249.21802,0.04028,6698,1,0.55889,0.36408,1,0.55808,0.35774,1,0.55849,0.36091,1,0.38934,0.35350,24.93148,0.74572,1,0.69066,0.37742,24.74488,0.74173,1,-0.02373,0.02421,0.57026,0.00453,1,0.04007,0.01938,0.55331,0.00426,1,0,0.00000,7
0.56233,0.34292,3249.21802,0.04688,6698,1,0.55891,0.36416,1,0.55869,0.35392,1,0.55880,0.35904,1,0.38917,0.35350,25.00495,0.74563,1,0.69056,0.37733,24.79128,0.74563,1,-0.02359,0.02398,0.56484,0.00448,1,0.04097,0.01996,0.56631,0.00422,1,0,0.00000,7
0.56173,0.34322,3249.21802,0.05371,6698,1,0.54406,0.34655,1,0.56988,0.34457,1,0.55697,0.34556,1,0.38910,0.35351,24.89332,0.74563,1,0.69050,0.37725,24.75330,0.74961,1,-0.02359,0.02398,0.56484,0.00453,1,0.04097,0.01996,0.56631,0.00429,1,0,0.00000,7
0.56065,0.34261,3249.21802,0.06030,6698,1,0.53877,0.34671,1,0.56295,0.32764,1,0.55086,0.33718,1,0.38892,0.35352,24.99345,0.74961,1,0.69040,0.37716,24.48160,0.75360,1,-0.02359,0.02398,0.56484,0.00451,1,0.04097,0.01996,0.56631,0.00427,1,0,0.00000,7
0.55976,0.34211,3249.21802,0.06714,6698,1,0.53876,0.34662,1,0.56297,0.32755,1,0.55086,0.33709,1,0.38889,0.35351,25.24032,0.74971,1,0.69024,0.37707,24.53311,0.75369,1,-0.02312,0.02346,0.55262,0.00447,1,0.04097,0.01996,0.56631,0.00427,1,0,0.00000,7
0.55893,0.34159,3249.21802,0.07373,6698,1,0.54129,0.34166,1,0.55830,0.32997,1,0.54980,0.33581,1,0.38873,0.35352,25.16531,0.74980,1,0.69014,0.37708,24.72294,0.74980,1,-0.02312,0.02346,0.55262,0.00450,1,0.04097,0.01996,0.56631,0.00429,1,0,0.00000,7
0.55755,0.34157,3249.21802,0.08032,6698,1,0.53898,0.34645,1,0.54304,0.33637,1,0.54101,0.34141,1,0.38860,0.35357,25.31828,0.74590,1,0.69008,0.37706,24.76695,0.74590,1,-0.02312,0.02346,0.55262,0.00448,1,0.04097,0.01996,0.56631,0.00428,1,0,0.00000,7
0.55639,0.34168,3249.21802,0.08667,6698,1,0.53969,0.35014,1,0.54310,0.33592,1,0.54140,0.34303,1,0.38852,0.35349,25.40157,0.74201,1,0.69003,0.37708,24.87628,0.74635,1,-0.02312,0.02346,0.55262,0.00448,1,0.04191,0.02044,0.57984,0.00426,1,0,0.00000,7
0.55504,0.34092,3249.21802,0.09326,6698,1,0.53054,0.33258,1,0.54157,0.32805,1,0.53606,0.33032,1,0.38847,0.35345,25.45502,0.74635,1,0.68995,0.37703,24.97226,0.75070,1,-0.02312,0.02346,0.55262,0.00448,1,0.04191,0.02044,0.57984,0.00428,1,0,0.00000,7
0.55347,0.33967,3249.21802,0.09961,6698,1,0.52317,0.32247,1,0.53685,0.31955,1,0.53001,0.32101,1,0.38845,0.35341,25.46700,0.75070,1,0.68986,0.37696,24.93523,0.75505,1,-0.02312,0.02346,0.55262,0.00448,1,0.04191,0.02044,0.57984,0.00428,1,0,0.00000,7
0.55207,0.33845,3249.21802,0.10718,6698,1,0.52230,0.31826,1,0.53685,0.31955,1,0.52957,0.31891,1,0.38814,0.35323,24.87930,0.75505,1,0.68984,0.37692,24.88243,0.75505,1,-0.02333,0.02372,0.55777,0.00455,1,0.04090,0.01997,0.56652,0.00427,1,0,0.00000,7
0.55170,0.33773,3249.21802,0.11304,6698,1,0.53497,0.34528,1,0.55610,0.30565,1,0.54553,0.32547,1,0.38809,0.35319,25.06437,0.75505,1,0.68982,0.37686,24.88166,0.75070,1,-0.02333,0.02372,0.55777,0.00453,1,0.04090,0.01997,0.56652,0.00428,1,0,0.00000,7
0.55109,0.33713,3249.21802,0.11987,6698,1,0.53160,0.34636,1,0.54852,0.30606,1,0.54006,0.32621,1,0.38805,0.35305,24.88594,0.75070,1,0.68979,0.37687,24.79624,0.74635,1,-0.02333,0.02372,0.55777,0.00452,1,0.04090,0.01997,0.56652,0.00427,1,0,0.00000,7
0.55053,0.33690,3249.21802,0.12695,6698,1,0.53243,0.35044,1,0.54734,0.31475,1,0.53988,0.33259,1,0.38803,0.35300,25.00364,0.74635,1,0.68970,0.37681,24.85154,0.73802,1,-0.02352,0.02395,0.56016,0.00450,1,0.04026,0.01968,0.55831,0.00423,1,0,0.00000,7
0.54925,0.33782,3249.21802,0.13354,6698,1,0.51778,0.38705,1,0.52933,0.32545,1,0.52355,0.35625,1,0.38779,0.35298,25.06649,0.73802,1,0.68950,0.37659,24.65229,0.73404,1,-0.02352,0.02395,0.56016,0.00446,1,0.04026,0.01968,0.55831,0.00429,1,0,0.00000,7
0.54800,0.33849,3249.21802,0.14038,6698,1,0.52001,0.39339,1,0.52347,0.31157,1,0.52174,0.35248,1,0.38780,0.35296,25.08699,0.73404,1,0.68940,0.37661,24.79724,0.73005,1,-0.02352,0.02395,0.56016,0.00446,1,0.04026,0.01968,0.55831,0.00428,1,0,0.00000,7
0.54686,0.33910,3249.21802,0.14697,6698,1,0.52003,0.39348,1,0.52346,0.31167,1,0.52174,0.35257,1,0.38778,0.35296,25.14732,0.73394,1,0.68932,0.37658,24.64197,0.72996,1,-0.02332,0.02371,0.55455,0.00444,1,0.04026,0.01968,0.55831,0.00425,1,0,0.00000,7
0.54560,0.33919,3249.21802,0.15552,6698,1,0.51122,0.37808,1,0.52218,0.30430,1,0.51670,0.34119,1,0.38773,0.35292,25.52534,0.73385,1,0.68923,0.37651,24.52337,0.73385,1,-0.02332,0.02371,0.55455,0.00446,1,0.04026,0.01968,0.55831,0.00425,1,0,0.00000,7
0.54427,0.33883,3249.21802,0.16187,6698,1,0.50627,0.37343,1,0.51874,0.28692,1,0.51250,0.33018,1,0.38765,0.35283,25.18098,0.73775,1,0.68921,0.37648,24.51054,0.73775,1,-0.02332,0.02371,0.55455,0.00447,1,0.04026,0.01968,0.55831,0.00424,1,0,0.00000,7
0.54304,0.33834,3249.21802,0.16699,6698,1,0.50538,0.36986,1,0.51915,0.28270,1,0.51227,0.32628,1,0.38755,0.35276,25.28522,0.74164,1,0.68919,0.37641,24.43649,0.74164,1,-0.02332,0.02371,0.55455,0.00447,1,0.04001,0.01968,0.55476,0.00423,1,0,0.00000,7
0.54196,0.33928,3249.21802,0.17358,6698,1,0.49480,0.35829,1,0.53262,0.36923,1,0.51371,0.36376,1,0.38754,0.35275,25.20520,0.74164,1,0.68907,0.37626,24.37434,0.74164,1,-0.02332,0.02371,0.55455,0.00448,1,0.04001,0.01968,0.55476,0.00423,1,0,0.00000,7
0.54077,0.33998,3249.21802,0.18066,6698,1,0.48760,0.35444,1,0.52960,0.36326,1,0.50860,0.35885,1,0.38751,0.35273,25.22311,0.74164,1,0.68903,0.37629,24.59440,0.74164,1,-0.02332,0.02371,0.55455,0.00446,1,0.04001,0.01968,0.55476,0.00421,1,0,0.00000,7
0.53967,0.34057,3249.21802,0.18726,6698,1,0.48760,0.35444,1,0.53008,0.35937,1,0.50884,0.35691,1,0.38746,0.35273,25.31395,0.74164,1,0.68903,0.37626,24.31105,0.74563,1,-0.02332,0.02371,0.55455,0.00444,1,0.04097,0.02022,0.56870,0.00425,1,0,0.00000,7
0.53849,0.34115,3249.21802,0.19434,6698,1,0.48696,0.35110,1,0.52203,0.36499,1,0.50449,0.35805,1,0.38739,0.35271,25.11700,0.74563,1,0.68904,0.37629,24.42791,0.74961,1,-0.02332,0.02371,0.55455,0.00445,1,0.04097,0.02022,0.56870,0.00426,1,0,0.00000,7
0.53773,0.34115,3249.21802,0.20093,6698,1,0.50778,0.35855,1,0.52195,0.32357,1,0.51486,0.34106,1,0.38736,0.35278,25.24341,0.74961,1,0.68901,0.37632,24.28905,0.75360,1,-0.02332,0.02371,0.55455,0.00438,1,0.04097,0.02022,0.56870,0.00429,1,0,0.00000,7
0.53702,0.34107,3249.21802,0.20728,6698,1,0.50776,0.35847,1,0.52242,0.31907,1,0.51509,0.33877,1,0.38727,0.35295,25.24050,0.74971,1,0.68887,0.37640,24.10890,0.75804,1,-0.02344,0.02378,0.55626,0.00439,1,0.04179,0.02047,0.58065,0.00429,1,0,0.00000,7
0.53603,0.34079,3249.21802,0.21387,6698,1,0.49761,0.37097,1,0.51111,0.29279,1,0.50436,0.33188,1,0.38720,0.35299,25.29330,0.75414,1,0.68873,0.37650,24.24132,0.75849,1,-0.02344,0.02378,0.55626,0.00436,1,0.04179,0.02047,0.58065,0.00430,1,0,0.00000,7
0.53497,0.34093,3249.21802,0.22095,6698,1,0.49351,0.38039,1,0.50651,0.31019,1,0.50001,0.34529,1,0.38716,0.35304,25.14609,0.75460,1,0.68859,0.37677,24.24231,0.75894,1,-0.02344,0.02378,0.55626,0.00440,1,0.04179,0.02047,0.58065,0.00426,1,0,0.00000,7
0.53397,0.34104,3249.21802,0.22754,6698,1,0.49340,0.37999,1,0.50655,0.30973,1,0.49997,0.34486,1,0.38711,0.35313,25.11015,0.75505,1,0.68857,0.37691,24.46001,0.75940,1,-0.02344,0.02370,0.55626,0.00441,1,0.04179,0.02047,0.58065,0.00426,1,0,0.00000,7
0.50701,0.34457,3249.21802,0.22754,6698,0,0.48623,0.35114,1,0.49255,0.32679,1,0.48939,0.33896,1,0.38706,0.35323,25.13403,0.75940,1,0.68855,0.37691,24.43535,0.75940,1,-0.02344,0.02370,0.55626,0.00440,1,0.04179,0.02047,0.58065,0.00425,1,0,0.00000,7
0.50143,0.33612,3249.21802,0.22754,6698,0,0.47803,0.31456,1,0.51368,0.34077,1,0.49586,0.32766,1,0.38715,0.35332,24.94630,0.75940,1,0.68864,0.37706,24.45446,0.75940,1,-0.02344,0.02370,0.55626,0.00443,1,0.04179,0.02047,0.58065,0.00423,1,0,0.00000,7
0.49944,0.33466,3249.21802,0.22754,6698,0,0.47803,0.31456,1,0.51288,0.34896,1,0.49545,0.33176,1,0.38762,0.35337,24.91799,0.75940,1,0.68907,0.37719,24.30941,0.75106,1,-0.02333,0.02372,0.55777,0.00442,1,0.04001,0.01951,0.55476,0.00422,1,0,0.00000,7
0.51320,0.32785,3249.45215,0.02051,6699,1,0.55114,0.32612,1,0.55785,0.28868,1,0.55450,0.30740,1,0.38868,0.35332,24.83052,0.75106,1,0.69034,0.37747,24.38917,0.74273,1,-0.02333,0.02372,0.55777,0.00438,1,0.04001,0.01951,0.55476,0.00426,1,0,0.00000,7
0.52465,0.32721,3249.45215,0.02686,6699,1,0.55029,0.34054,1,0.59057,0.30882,1,0.57043,0.32468,1,0.38925,0.35322,24.54846,0.74273,1,0.69065,0.37757,24.14284,0.73440,1,-0.02333,0.02372,0.55777,0.00440,1,0.04001,0.01951,0.55476,0.00420,1,0,0.00000,7
0.53241,0.32681,3249.45215,0.03345,6699,1,0.55103,0.34481,1,0.59134,0.30473,1,0.57119,0.32477,1,0.39000,0.35332,24.83829,0.73829,1,0.69126,0.37764,24.40955,0.73829,1,-0.02310,0.02365,0.55721,0.00439,1,0.17732,0.08724,2.49601,0.00421,0,0,0.00000,7
0.53952,0.32645,3249.45215,0.04028,6699,1,0.56624,0.34725,1,0.59814,0.30133,1,0.58219,0.32429,1,0.39016,0.35338,24.90705,0.74219,1,0.69131,0.37768,24.42179,0.75052,1,-0.02310,0.02365,0.55721,0.00438,1,0.17732,0.08724,2.49601,0.00418,0,0,0.00000,7
0.54476,0.32625,3249.45215,0.04688,6699,1,0.57230,0.35166,1,0.59054,0.29804,1,0.58142,0.32485,1,0.38999,0.35345,24.77468,0.75442,1,0.69106,0.37787,24.35621,0.76275,1,-0.02310,0.02365,0.55721,0.00440,1,0.17732,0.08724,2.49601,0.00419,0,0,0.00000,7
0.54881,0.32543,3249.45215,0.05493,6699,1,0.57115,0.34386,1,0.59130,0.29395,1,0.58122,0.31890,1,0.38984,0.35346,24.56346,0.76275,1,0.69097,0.37783,24.39095,0.76673,1,-0.02301,0.02352,0.55406,0.00443,1,0.04097,0.01979,0.56631,0.00416,1,0,0.00000,7
0.55221,0.32656,3249.45215,0.06128,6699,1,0.57303,0.36725,1,0.59256,0.30625,1,0.58280,0.33675,1,0.38948,0.35370,24.37856,0.76284,1,0.69075,0.37796,23.85490,0.75849,1,-0.02301,0.02352,0.55406,0.00438,1,0.04097,0.01979,0.56631,0.00422,1,0,0.00000,7
0.55394,0.32883,3249.45215,0.06738,6699,1,0.56622,0.37585,1,0.57638,0.32722,1,0.57130,0.35154,1,0.38950,0.35370,24.30682,0.75460,1,0.69074,0.37794,23.88751,0.75025,1,-0.02301,0.02352,0.55406,0.00440,1,0.04097,0.01979,0.56631,0.00423,1,0,0.00000,7
0.55542,0.33089,3249.45215,0.07422,6699,1,0.56686,0.37978,1,0.57638,0.32722,1,0.57162,0.35350,1,0.38933,0.35390,24.55962,0.75025,1,0.69042,0.37810,24.27417,0.75025,1,-0.02371,0.02406,0.56784,0.00438,1,0.04191,0.02027,0.57984,0.00418,1,0,0.00000,7
0.55720,0.33263,3249.45215,0.08081,6699,1,0.57461,0.39272,1,0.58256,0.31437,1,0.57859,0.35354,1,0.38914,0.35394,24.55775,0.75414,1,0.69026,0.37794,24.12621,0.75849,1,-0.02371,0.02406,0.56784,0.00438,1,0.04191,0.02027,0.57984,0.00419,1,0,0.00000,7
0.55767,0.33055,3249.45215,0.08740,6699,1,0.55615,0.29669,1,0.57137,0.31024,1,0.56376,0.30347,1,0.38908,0.35396,24.50678,0.76239,1,0.69013,0.37792,23.98166,0.76673,1,-0.02371,0.02406,0.56784,0.00439,1,0.04191,0.02027,0.57984,0.00416,1,0,0.00000,7
0.55805,0.32860,3249.45215,0.09521,6699,1,0.55547,0.29238,1,0.57137,0.31024,1,0.56342,0.30131,1,0.38871,0.35391,24.18635,0.76673,1,0.68994,0.37801,23.97740,0.76673,1,-0.02333,0.02355,0.55777,0.00438,1,0.04097,0.01988,0.56870,0.00422,1,0,0.00000,7
0.55834,0.32729,3249.45215,0.10059,6699,1,0.55569,0.30757,1,0.56984,0.30770,1,0.56277,0.30764,1,0.38852,0.35395,24.03824,0.76284,1,0.68963,0.37804,24.33998,0.75849,1,-0.02333,0.02355,0.55777,0.00439,1,0.04097,0.01988,0.56870,0.00416,1,0,0.00000,7
0.55782,0.32674,3249.45215,0.10742,6699,1,0.54333,0.31244,1,0.55553,0.32336,1,0.54943,0.31790,1,0.38841,0.35390,24.15216,0.75460,1,0.68948,0.37797,24.09746,0.75025,1,-0.02333,0.02355,0.55777,0.00440,1,0.04097,0.01988,0.56870,0.00418,1,0,0.00000,7
0.55734,0.32681,3249.45215,0.11426,6699,1,0.54476,0.32052,1,0.55369,0.33575,1,0.54923,0.32814,1,0.38817,0.35405,24.41062,0.74635,1,0.68934,0.37797,24.05226,0.73802,1,-0.02309,0.02314,0.54813,0.00435,1,0.03917,0.01906,0.54548,0.00415,1,0,0.00000,7
0.55689,0.32732,3249.45215,0.12085,6699,1,0.54525,0.34773,1,0.55224,0.32528,1,0.54874,0.33650,1,0.38784,0.35424,24.64395,0.73802,1,0.68904,0.37795,23.79349,0.73404,1,-0.02309,0.02314,0.54813,0.00437,1,0.03917,0.01906,0.54548,0.00416,1,0,0.00000,7
0.55685,0.32835,3249.45215,0.12769,6699,1,0.55246,0.35260,1,0.55985,0.34301,1,0.55615,0.34780,1,0.38776,0.35430,24.73256,0.73404,1,0.68892,0.37794,23.86338,0.73005,1,-0.02309,0.02314,0.54813,0.00437,1,0.03917,0.01906,0.54548,0.00415,1,0,0.00000,7
0.55685,0.32908,3249.45215,0.13452,6699,1,0.55248,0.35269,1,0.56116,0.33465,1,0.55682,0.34367,1,0.38756,0.35439,24.69181,0.73394,1,0.68868,0.37795,24.10191,0.73829,1,-0.02414,0.02403,0.56999,0.00438,1,0.04156,0.02026,0.57982,0.00417,1,0,0.00000,7
0.55639,0.32924,3249.45215,0.14111,6699,1,0.53141,0.34876,1,0.56186,0.31633,1,0.54664,0.33254,1,0.38739,0.35450,24.77404,0.74219,1,0.68844,0.37796,23.81832,0.75052,1,-0.02414,0.02403,0.56999,0.00437,1,0.04156,0.02026,0.57982,0.00421,1,0,0.00000,7
0.55587,0.32901,3249.45215,0.14819,6699,1,0.53787,0.33965,1,0.55096,0.30841,1,0.54441,0.32403,1,0.38702,0.35451,24.79392,0.75442,1,0.68829,0.37790,23.91634,0.76275,1,-0.02414,0.02403,0.56999,0.00437,1,0.04156,0.02026,0.57982,0.00417,1,0,0.00000,7
0.55537,0.32839,3249.45215,0.15430,6699,1,0.53564,0.32810,1,0.55208,0.30040,1,0.54386,0.31425,1,0.38700,0.35457,24.53623,0.76664,1,0.68810,0.37796,24.00470,0.77063,1,-0.02410,0.02389,0.56686,0.00442,1,0.04028,0.01971,0.56381,0.00415,1,0,0.00000,7
0.55504,0.32807,3249.45215,0.16113,6699,1,0.54070,0.33576,1,0.55376,0.30495,1,0.54723,0.32036,1,0.38675,0.35455,24.78563,0.77063,1,0.68782,0.37789,24.15888,0.76628,1,-0.02410,0.02389,0.56686,0.00441,1,0.04028,0.01971,0.56381,0.00415,1,0,0.00000,7
0.55428,0.32815,3249.45215,0.16699,6699,1,0.52718,0.34813,1,0.54342,0.31221,1,0.53530,0.33017,1,0.38659,0.35456,24.66875,0.76628,1,0.68767,0.37800,23.91680,0.76193,1,-0.02410,0.02389,0.56686,0.00443,1,0.04028,0.01971,0.56381,0.00417,1,0,0.00000,7
0.55359,0.32852,3249.45215,0.17358,6699,1,0.52877,0.35569,1,0.54233,0.32057,1,0.53555,0.33813,1,0.38643,0.35468,24.73973,0.75804,1,0.68757,0.37797,23.80386,0.75369,1,-0.02394,0.02362,0.56030,0.00437,1,0.04052,0.01986,0.56830,0.00421,1,0,0.00000,7
0.55293,0.32930,3249.45215,0.18066,6699,1,0.52810,0.37128,1,0.54205,0.32948,1,0.53507,0.35038,1,0.38617,0.35484,24.81853,0.74980,1,0.68734,0.37793,23.81452,0.74980,1,-0.02394,0.02362,0.56030,0.00440,1,0.04052,0.01986,0.56830,0.00418,1,0,0.00000,7
0.55266,0.33044,3249.45215,0.18701,6699,1,0.54068,0.38164,1,0.54966,0.34279,1,0.54517,0.36221,1,0.38603,0.35490,24.85998,0.74590,1,0.68720,0.37798,24.02304,0.74590,1,-0.02394,0.02362,0.56030,0.00439,1,0.04052,0.01986,0.56830,0.00416,1,0,0.00000,7
0.55241,0.33150,3249.45215,0.19458,6699,1,0.54068,0.38164,1,0.54966,0.34279,1,0.54517,0.36221,1,0.38564,0.35488,24.77159,0.74590,1,0.68687,0.37812,24.05824,0.74590,1,-0.02436,0.02390,0.56705,0.00437,1,0.04105,0.02016,0.57696,0.00417,1,0,0.00000,7
0.55135,0.33262,3249.45215,0.20117,6699,1,0.51346,0.38864,1,0.52592,0.34417,1,0.51969,0.36640,1,0.38552,0.35500,24.91769,0.74980,1,0.68663,0.37816,23.88943,0.74980,1,-0.02436,0.02390,0.56705,0.00440,1,0.04105,0.02016,0.57696,0.00421,1,0,0.00000,7
0.55081,0.33304,3249.45215,0.20801,6699,1,0.52365,0.34470,1,0.54424,0.34719,1,0.53395,0.34594,1,0.38539,0.35502,24.86640,0.75369,1,0.68658,0.37812,23.94801,0.75369,1,-0.02436,0.02390,0.56705,0.00437,1,0.04105,0.02016,0.57696,0.00418,1,0,0.00000,7
0.55029,0.33349,3249.45215,0.21460,6699,1,0.52365,0.34470,1,0.54370,0.35109,1,0.53367,0.34789,1,0.38521,0.35494,24.56086,0.75369,1,0.68640,0.37825,24.07018,0.74971,1,-0.02386,0.02329,0.55455,0.00443,1,0.03914,0.01929,0.55183,0.00417,1,0,0.00000,7
0.54926,0.33425,3249.45215,0.22144,6699,1,0.50962,0.36728,1,0.52078,0.35108,1,0.51520,0.35918,1,0.38487,0.35514,24.86252,0.74581,1,0.68608,0.37819,24.13247,0.74182,1,-0.02386,0.02329,0.55455,0.00436,1,0.03914,0.01929,0.55183,0.00415,1,0,0.00000,7
0.54861,0.33520,3249.45215,0.22803,6699,1,0.52160,0.37086,1,0.53115,0.36457,1,0.52638,0.36771,1,0.38478,0.35521,24.79498,0.73793,1,0.68604,0.37820,24.15585,0.73394,1,-0.02386,0.02329,0.55455,0.00439,1,0.03914,0.01929,0.55183,0.00419,1,0,0.00000,7
0.54801,0.33610,3249.45215,0.23511,6699,1,0.52243,0.37453,1,0.53169,0.36029,1,0.52706,0.36741,1,0.38470,0.35523,24.89309,0.73394,1,0.68581,0.37812,23.97105,0.73829,1,-0.02459,0.02383,0.56835,0.00440,1,0.04074,0.02012,0.57560,0.00418,1,0,0.00000,7
0.54700,0.33628,3249.45215,0.24146,6699,1,0.50722,0.33402,1,0.51447,0.35166,1,0.51085,0.34284,1,0.38454,0.35533,24.94427,0.74219,1,0.68565,0.37824,24.13385,0.75052,1,-0.02459,0.02383,0.56835,0.00442,1,0.04074,0.02012,0.57560,0.00419,1,0,0.00000,7
0.54642,0.33612,3249.45215,0.24829,6699,1,0.51984,0.32012,1,0.53012,0.34000,1,0.52498,0.33006,1,0.38446,0.35534,24.88984,0.75442,1,0.68554,0.37823,24.05041,0.76275,1,-0.02459,0.02383,0.56835,0.00443,1,0.04074,0.02012,0.57560,0.00418,1,0,0.00000,7
0.54585,0.33586,3249.45215,0.25488,6699,1,0.51814,0.31207,1,0.53012,0.34000,1,0.52413,0.32603,1,0.38434,0.35541,25.00824,0.76275,1,0.68545,0.37825,24.07116,0.76275,1,-0.02412,0.02334,0.55667,0.00440,1,0.03885,0.01923,0.55014,0.00415,1,0,0.00000,7
0.54479,0.33576,3249.45215,0.26196,6699,1,0.49700,0.32052,1,0.50999,0.34364,1,0.50349,0.33208,1,0.38402,0.35539,24.96115,0.75885,1,0.68524,0.37816,24.17785,0.75052,1,-0.02412,0.02334,0.55667,0.00438,1,0.03885,0.01923,0.55014,0.00420,1,0,0.00000,7
0.54395,0.33574,3249.45215,0.26855,6699,1,0.49356,0.32193,1,0.52701,0.34820,1,0.51028,0.33506,1,0.38399,0.35540,24.96092,0.74663,1,0.68518,0.37812,24.20347,0.73829,1,-0.02412,0.02334,0.55667,0.00439,1,0.03885,0.01923,0.55014,0.00423,1,0,0.00000,7
0.52008,0.34714,3249.45215,0.26855,6699,0,0.49650,0.33376,1,0.52605,0.35644,1,0.51127,0.34510,1,0.38384,0.35526,24.69057,0.73440,1,0.68503,0.37810,24.20900,0.73005,1,-0.02412,0.02334,0.55667,0.00442,1,0.03960,0.01962,0.56140,0.00417,1,0,0.00000,7
0.51806,0.35305,3249.45215,0.26855,6699,0,0.50986,0.37609,1,0.52222,0.34182,1,0.51604,0.35895,1,0.38373,0.35523,24.84563,0.73005,1,0.68497,0.37790,24.01308,0.73403,1,-0.02412,0.02334,0.55667,0.00442,1,0.03960,0.01962,0.56140,0.00417,1,0,0.00000,7
0.51489,0.35618,3249.45215,0.26855,6699,0,0.50170,0.40570,1,0.51540,0.31917,1,0.50855,0.36244,1,0.38367,0.35516,24.97406,0.73403,1,0.68488,0.37780,24.02399,0.73802,1,-0.02412,0.02334,0.55667,0.00444,1,0.03960,0.01962,0.56140,0.00419,1,0,0.00000,7
0.51323,0.35529,3249.72729,0.02002,6700,1,0.49985,0.39880,1,0.51663,0.30646,1,0.50824,0.35263,1,0.38364,0.35516,25.13346,0.74192,1,0.68491,0.37757,23.66085,0.75025,1,-0.02465,0.02385,0.56590,0.00444,1,0.04067,0.02017,0.57710,0.00421,1,0,0.00000,7
0.51042,0.34903,3249.72729,0.02661,6700,1,0.48734,0.36515,1,0.51107,0.28287,1,0.49921,0.32401,1,0.38354,0.35503,24.92401,0.75414,1,0.68477,0.37758,23.95287,0.75849,1,-0.02465,0.02385,0.56590,0.00446,1,0.04067,0.02017,0.57710,0.00414,1,0,0.00000,7
0.50825,0.34400,3249.72729,0.03296,6700,1,0.48589,0.36225,1,0.50893,0.27547,1,0.49741,0.31886,1,0.38355,0.35497,24.98274,0.76239,1,0.68470,0.37758,23.88659,0.76673,1,-0.02465,0.02385,0.56590,0.00445,1,0.04067,0.02017,0.57710,0.00417,1,0,0.00000,7
0.50661,0.33926,3249.72729,0.03979,6700,1,0.48387,0.35487,1,0.50967,0.26674,1,0.49677,0.31081,1,0.38351,0.35494,25.05367,0.77063,1,0.68461,0.37750,23.82960,0.77498,1,-0.02465,0.02385,0.56590,0.00443,1,0.04067,0.02017,0.57710,0.00423,1,0,0.00000,7
0.50437,0.33657,3249.72729,0.04663,6700,1,0.47777,0.34486,1,0.49959,0.29054,1,0.48868,0.31770,1,0.38338,0.35497,25.11580,0.77498,1,0.68457,0.37754,23.92818,0.77498,1,-0.02465,0.02385,0.56590,0.00441,1,0.04067,0.02017,0.57710,0.00423,1,0,0.00000,7
0.50211,0.33464,3249.72729,0.05347,6700,1,0.46960,0.35029,1,0.49849,0.28818,1,0.48404,0.31924,1,0.38333,0.35498,25.02299,0.77498,1,0.68460,0.37750,23.61321,0.77498,1,-0.02465,0.02385,0.56590,0.00444,1,0.04067,0.02017,0.57710,0.00422,1,0,0.00000,7
0.50029,0.33333,3249.72729,0.06006,6700,1,0.46960,0.35029,1,0.49816,0.29267,1,0.48388,0.32148,1,0.38331,0.35504,25.14610,0.77498,1,0.68456,0.37757,23.68934,0.77063,1,-0.02505,0.02420,0.57516,0.00440,1,0.03960,0.01962,0.56140,0.00421,1,0,0.00000,7
0.49815,0.33129,3249.72729,0.07495,6700,1,0.45926,0.29343,1,0.49429,0.32854,1,0.47677,0.31098,1,0.38325,0.35533,24.98343,0.77063,1,0.68453,0.37810,23.91189,0.76628,1,-0.02505,0.02420,0.57516,0.00442,1,0.03960,0.01962,0.56140,0.00421,1,0,0.00000,7
0.49642,0.32978,3249.72729,0.07983,6700,1,0.46046,0.29762,1,0.49429,0.32854,1,0.47737,0.31308,1,0.38318,0.35541,25.07901,0.76628,1,0.68449,0.37823,24.01959,0.76628,1,-0.02465,0.02368,0.56590,0.00440,1,0.04067,0.02017,0.57710,0.00421,1,0,0.00000,7
0.49437,0.32758,3249.72729,0.08691,6700,1,0.45632,0.32396,1,0.48318,0.27841,1,0.46975,0.30119,1,0.38306,0.35552,25.20250,0.76628,1,0.68444,0.37827,23.58422,0.76628,1,-0.02465,0.02368,0.56590,0.00443,1,0.04067,0.02017,0.57710,0.00422,1,0,0.00000,7
0.49271,0.32662,3249.72729,0.09351,6700,1,0.45752,0.33757,1,0.48485,0.29079,1,0.47119,0.31418,1,0.38306,0.35569,25.05225,0.76628,1,0.68438,0.37838,24.00769,0.77063,1,-0.02465,0.02368,0.56590,0.00443,1,0.04067,0.02017,0.57710,0.00420,1,0,0.00000,7
0.49127,0.32576,3249.72729,0.09937,6700,1,0.45740,0.33716,1,0.48488,0.29032,1,0.47114,0.31374,1,0.38301,0.35574,25.06971,0.76673,1,0.68439,0.37861,23.86441,0.77108,1,-0.02377,0.02280,0.54470,0.00444,1,0.04067,0.02000,0.57711,0.00420,1,0,0.00000,7
0.48921,0.32636,3249.72729,0.10620,6700,1,0.44082,0.35288,1,0.47561,0.31789,1,0.45821,0.33538,1,0.38286,0.35595,24.99249,0.76719,1,0.68436,0.37869,23.62372,0.76719,1,-0.02377,0.02280,0.54470,0.00446,1,0.04067,0.02000,0.57711,0.00421,1,0,0.00000,7
0.48801,0.32745,3249.72729,0.11353,6700,1,0.46501,0.36638,1,0.47279,0.32340,1,0.46890,0.34489,1,0.38281,0.35608,25.13013,0.76329,1,0.68425,0.37889,23.97362,0.76329,1,-0.02377,0.02280,0.54470,0.00446,1,0.04067,0.02000,0.57711,0.00417,1,0,0.00000,7
0.48698,0.32863,3249.72729,0.12012,6700,1,0.46607,0.36983,1,0.47262,0.32731,1,0.46934,0.34857,1,0.38278,0.35612,25.10314,0.75940,1,0.68428,0.37894,23.85783,0.75940,1,-0.02377,0.02271,0.54470,0.00444,1,0.04067,0.02000,0.57711,0.00416,1,0,0.00000,7
0.48535,0.32906,3249.72729,0.12671,6700,1,0.44753,0.33424,1,0.46467,0.33941,1,0.45610,0.33683,1,0.38249,0.35626,25.01696,0.75940,1,0.68418,0.37905,24.08674,0.75940,1,-0.02377,0.02271,0.54470,0.00443,1,0.04067,0.02000,0.57711,0.00419,1,0,0.00000,7
0.48379,0.32959,3249.72729,0.13330,6700,1,0.44672,0.34615,1,0.46142,0.33324,1,0.45407,0.33969,1,0.38249,0.35628,25.02662,0.75940,1,0.68412,0.37901,24.07177,0.75940,1,-0.02377,0.02271,0.54470,0.00442,1,0.04067,0.02000,0.57711,0.00416,1,0,0.00000,7
0.48237,0.33017,3249.72729,0.13989,6700,1,0.44672,0.34615,1,0.46128,0.33757,1,0.45400,0.34186,1,0.38237,0.35623,24.82198,0.75940,1,0.68410,0.37902,24.03552,0.75505,1,-0.02377,0.02267,0.54470,0.00441,1,0.03975,0.01956,0.56462,0.00416,1,0,0.00000,7
0.48173,0.33024,3249.72729,0.14648,6700,1,0.45964,0.31775,1,0.47705,0.34569,1,0.46834,0.33172,1,0.38234,0.35637,25.13569,0.75505,1,0.68395,0.37906,23.84624,0.75070,1,-0.02377,0.02267,0.54470,0.00444,1,0.03975,0.01956,0.56462,0.00421,1,0,0.00000,7
0.48102,0.33043,3249.72729,0.15405,6700,1,0.45595,0.32746,1,0.47497,0.34174,1,0.46546,0.33460,1,0.38228,0.35643,25.13304,0.75070,1,0.68388,0.37899,23.95955,0.74635,1,-0.02377,0.02267,0.54470,0.00445,1,0.03975,0.01956,0.56462,0.00417,1,0,0.00000,7
0.48039,0.33087,3249.72729,0.15967,6700,1,0.45720,0.33158,1,0.47457,0.35010,1,0.46588,0.34084,1,0.38221,0.35650,25.23083,0.74635,1,0.68380,0.37901,23.84610,0.73802,1,-0.02427,0.02303,0.55432,0.00445,1,0.03859,0.01901,0.54873,0.00419,1,0,0.00000,7
0.47947,0.33173,3249.72729,0.16650,6700,1,0.45233,0.34071,1,0.46220,0.36430,1,0.45726,0.35250,1,0.38205,0.35648,25.18804,0.73802,1,0.68367,0.37895,23.89332,0.73404,1,-0.02427,0.02303,0.55432,0.00448,1,0.03859,0.01901,0.54873,0.00423,1,0,0.00000,7
0.47862,0.33272,3249.72729,0.17334,6700,1,0.45218,0.34510,1,0.46242,0.36953,1,0.45730,0.35732,1,0.38206,0.35653,25.10366,0.73404,1,0.68371,0.37900,23.82147,0.73005,1,-0.02427,0.02303,0.55432,0.00449,1,0.03859,0.01901,0.54873,0.00425,1,0,0.00000,7
0.47783,0.33348,3249.72729,0.17993,6700,1,0.45220,0.34519,1,0.46270,0.36139,1,0.45745,0.35329,1,0.38220,0.35661,25.48716,0.73394,1,0.68368,0.37907,24.18133,0.73829,1,-0.02491,0.02368,0.56982,0.00443,1,0.04067,0.02000,0.57711,0.00420,1,0,0.00000,7
0.47841,0.33441,3249.72729,0.18652,6700,1,0.48044,0.34358,1,0.50783,0.37556,1,0.49414,0.35957,1,0.38303,0.35655,25.24142,0.74219,1,0.68486,0.37922,24.10289,0.75052,1,-0.02491,0.02368,0.56982,0.00444,1,0.04067,0.02000,0.57711,0.00422,1,0,0.00000,7
0.48038,0.33359,3249.72729,0.19385,6700,1,0.52170,0.34565,1,0.54926,0.27579,1,0.53548,0.31072,1,0.38391,0.35651,25.21567,0.75442,1,0.68575,0.37946,24.19377,0.76275,1,-0.02491,0.02368,0.56982,0.00448,1,0.04067,0.02000,0.57711,0.00426,1,0,0.00000,7
0.48219,0.33270,3249.72729,0.20044,6700,1,0.52002,0.33787,1,0.54926,0.27579,1,0.53464,0.30683,1,0.38537,0.35653,25.28126,0.76275,1,0.68675,0.37950,24.28152,0.76275,1,-0.02388,0.02314,0.55682,0.00452,1,0.03937,0.01899,0.55283,0.00428,1,0,0.00000,7
0.48531,0.33199,3249.72729,0.20679,6700,1,0.56367,0.33596,1,0.59427,0.28506,1,0.57897,0.31051,1,0.38636,0.35626,24.75811,0.75885,1,0.68782,0.37949,24.54611,0.75052,1,-0.02388,0.02314,0.55682,0.00457,1,0.03937,0.01899,0.55283,0.00421,1,0,0.00000,7
0.48819,0.33150,3249.72729,0.21338,6700,1,0.56850,0.34806,1,0.58611,0.28455,1,0.57731,0.31630,1,0.38640,0.35630,24.84727,0.74663,1,0.68781,0.37957,24.39854,0.73829,1,-0.02388,0.02314,0.55682,0.00453,1,0.03937,0.01899,0.55283,0.00420,1,0,0.00000,7
0.49088,0.33141,3249.72729,0.22046,6700,1,0.57027,0.35968,1,0.58377,0.29774,1,0.57702,0.32871,1,0.38665,0.35638,25.34404,0.73440,1,0.68797,0.37947,24.23457,0.72606,1,-0.02394,0.02328,0.56030,0.00452,1,0.03986,0.01927,0.55974,0.00425,1,0,0.00000,7
0.49317,0.33138,3249.72729,0.22681,6700,1,0.55954,0.37073,1,0.57794,0.29020,1,0.56874,0.33047,1,0.38640,0.35637,25.02658,0.72606,1,0.68777,0.37947,24.52958,0.72606,1,-0.02394,0.02328,0.56030,0.00454,1,0.03986,0.01927,0.55974,0.00423,1,0,0.00000,7
0.52215,0.33428,3249.72729,0.22681,6700,0,0.54692,0.35431,1,0.57629,0.33435,1,0.56161,0.34433,1,0.38637,0.35632,25.00180,0.72606,1,0.68777,0.37942,24.45324,0.72606,1,-0.02394,0.02328,0.56030,0.00452,1,0.03986,0.01927,0.55974,0.00424,1,0,0.00000,7
0.54188,0.33736,3249.72729,0.22681,6700,0,0.54623,0.35056,1,0.57700,0.33034,1,0.56162,0.34045,1,0.38626,0.35625,24.89596,0.72996,1,0.68771,0.37929,24.37423,0.72996,1,-0.02410,0.02339,0.56300,0.00453,1,0.03986,0.01935,0.55974,0.00426,1,0,0.00000,7
0.54715,0.33896,3249.72729,0.22681,6700,0,0.54216,0.33244,1,0.57320,0.35184,1,0.55768,0.34214,1,0.38621,0.35619,25.30993,0.73385,1,0.68770,0.37917,24.55464,0.73385,1,-0.02410,0.02339,0.56300,0.00451,1,0.03986,0.01935,0.55974,0.00427,1,0,0.00000,7
0.55181,0.34149,3249.96069,0.02026,6701,1,0.56086,0.36061,1,0.57075,0.33754,1,0.56581,0.34907,1,0.38617,0.35615,25.27806,0.73775,1,0.68772,0.37908,24.56538,0.73775,1,-0.02410,0.02339,0.56300,0.00452,1,0.03986,0.01935,0.55974,0.00426,1,0,0.00000,7
0.55462,0.34224,3249.96069,0.02686,6701,1,0.56025,0.35693,1,0.57143,0.33360,1,0.56584,0.34527,1,0.38594,0.35590,25.03668,0.74164,1,0.68773,0.37903,24.42234,0.74164,1,-0.02444,0.02372,0.56883,0.00449,1,0.03962,0.01928,0.55635,0.00427,1,0,0.00000,7
0.55465,0.34359,3249.96069,0.03394,6701,1,0.54951,0.38036,1,0.56007,0.32032,1,0.55479,0.35034,1,0.38591,0.35573,25.18164,0.74164,1,0.68752,0.37881,24.76155,0.74164,1,-0.02444,0.02372,0.56883,0.00452,1,0.03962,0.01928,0.55635,0.00425,1,0,0.00000,7
0.55303,0.34256,3249.96069,0.04077,6701,1,0.53442,0.36592,1,0.55229,0.30687,1,0.54335,0.33640,1,0.38584,0.35573,25.10437,0.74164,1,0.68748,0.37867,24.50786,0.74164,1,-0.02444,0.02372,0.56883,0.00452,1,0.03962,0.01928,0.55635,0.00428,1,0,0.00000,7
0.55182,0.34179,3249.96069,0.04712,6701,1,0.53442,0.36592,1,0.55229,0.30687,1,0.54335,0.33640,1,0.38575,0.35558,25.18876,0.74164,1,0.68745,0.37860,24.34792,0.74164,1,-0.02444,0.02381,0.56883,0.00455,1,0.03962,0.01928,0.55635,0.00427,1,0,0.00000,7
0.55006,0.34194,3249.96069,0.05420,6701,1,0.52504,0.35438,1,0.54679,0.33183,1,0.53592,0.34311,1,0.38559,0.35550,25.21930,0.74164,1,0.68731,0.37840,24.71920,0.74164,1,-0.02444,0.02381,0.56883,0.00456,1,0.03962,0.01928,0.55635,0.00429,1,0,0.00000,7
0.54827,0.34322,3249.96069,0.06055,6701,1,0.52155,0.35203,1,0.54280,0.35748,1,0.53218,0.35475,1,0.38556,0.35547,25.42873,0.74164,1,0.68726,0.37829,24.83190,0.74164,1,-0.02444,0.02381,0.56883,0.00454,1,0.03962,0.01928,0.55635,0.00431,1,0,0.00000,7
0.54684,0.34443,3249.96069,0.06714,6701,1,0.52235,0.35570,1,0.54282,0.35739,1,0.53258,0.35654,1,0.38546,0.35536,25.48710,0.73775,1,0.68716,0.37819,24.60870,0.74173,1,-0.02384,0.02318,0.55393,0.00455,1,0.04105,0.02016,0.57696,0.00434,1,0,0.00000,7
0.54649,0.34381,3249.96069,0.07422,6701,1,0.53144,0.34140,1,0.55377,0.33250,1,0.54260,0.33695,1,0.38527,0.35540,25.59908,0.73784,1,0.68700,0.37805,24.70551,0.74182,1,-0.02384,0.02318,0.55393,0.00457,1,0.04105,0.02016,0.57696,0.00429,1,0,0.00000,7
0.54638,0.34289,3249.96069,0.08130,6701,1,0.54243,0.33822,1,0.54768,0.32543,1,0.54506,0.33183,1,0.38524,0.35533,25.70235,0.73793,1,0.68697,0.37799,24.70727,0.74192,1,-0.02384,0.02318,0.55393,0.00456,1,0.04105,0.02016,0.57696,0.00432,1,0,0.00000,7
0.54630,0.34165,3249.96069,0.08789,6701,1,0.54172,0.33436,1,0.54886,0.31691,1,0.54529,0.32564,1,0.38503,0.35520,25.46272,0.74192,1,0.68687,0.37790,24.79351,0.75025,1,-0.02418,0.02352,0.56089,0.00453,1,0.04146,0.02039,0.58340,0.00431,1,0,0.00000,7
0.54524,0.33973,3249.96069,0.09473,6701,1,0.52682,0.32363,1,0.53386,0.30183,1,0.53034,0.31273,1,0.38482,0.35521,25.53785,0.75414,1,0.68675,0.37786,24.89756,0.75849,1,-0.02418,0.02352,0.56089,0.00456,1,0.04146,0.02039,0.58340,0.00430,1,0,0.00000,7
0.54451,0.33720,3249.96069,0.10132,6701,1,0.51690,0.31002,1,0.55018,0.28849,1,0.53354,0.29925,1,0.38474,0.35519,25.38996,0.76239,1,0.68669,0.37784,24.85989,0.76673,1,-0.02418,0.02352,0.56089,0.00458,1,0.04146,0.02039,0.58340,0.00428,1,0,0.00000,7
0.54381,0.33473,3249.96069,0.10815,6701,1,0.51520,0.30205,1,0.55017,0.28858,1,0.53269,0.29531,1,0.38476,0.35528,25.66446,0.77063,1,0.68647,0.37784,25.00399,0.76664,1,-0.02459,0.02383,0.56835,0.00459,1,0.03914,0.01929,0.55183,0.00432,1,0,0.00000,7
0.54218,0.33335,3249.96069,0.11475,6701,1,0.49398,0.31261,1,0.53482,0.30698,1,0.51440,0.30979,1,0.38441,0.35528,25.54617,0.76664,1,0.68636,0.37785,24.96039,0.75831,1,-0.02459,0.02383,0.56835,0.00457,1,0.03914,0.01929,0.55183,0.00435,1,0,0.00000,7
0.54113,0.33213,3249.96069,0.12134,6701,1,0.51921,0.31741,1,0.52521,0.30306,1,0.52221,0.31023,1,0.38445,0.35534,25.73140,0.75831,1,0.68625,0.37780,25.02827,0.74998,1,-0.02459,0.02383,0.56835,0.00456,1,0.03914,0.01929,0.55183,0.00434,1,0,0.00000,7
0.54021,0.33165,3249.96069,0.12817,6701,1,0.52170,0.32920,1,0.52384,0.31582,1,0.52277,0.32251,1,0.38432,0.35534,25.89003,0.74608,1,0.68616,0.37781,25.01399,0.73775,1,-0.02408,0.02325,0.55561,0.00463,1,0.03914,0.01929,0.55183,0.00433,1,0,0.00000,7
0.53915,0.33251,3249.96069,0.13477,6701,1,0.51452,0.36025,1,0.52156,0.33936,1,0.51804,0.34981,1,0.38426,0.35550,25.75647,0.73385,1,0.68616,0.37786,24.60963,0.73385,1,-0.02408,0.02325,0.55561,0.00459,1,0.03914,0.01929,0.55183,0.00437,1,0,0.00000,7
0.53816,0.33351,3249.96069,0.14160,6701,1,0.51569,0.36456,1,0.51919,0.34449,1,0.51744,0.35453,1,0.38424,0.35548,25.80804,0.72996,1,0.68619,0.37779,25.00744,0.72996,1,-0.02408,0.02325,0.55561,0.00459,1,0.03914,0.01929,0.55183,0.00435,1,0,0.00000,7
0.53726,0.33443,3249.96069,0.14819,6701,1,0.51569,0.36456,1,0.51919,0.34449,1,0.51744,0.35453,1,0.38430,0.35557,25.82463,0.72996,1,0.68617,0.37792,24.71506,0.72996,1,-0.02443,0.02363,0.56472,0.00457,1,0.03914,0.01929,0.55183,0.00434,1,0,0.00000,7
0.53587,0.33562,3249.96069,0.15552,6701,1,0.50566,0.36403,1,0.50173,0.36208,1,0.50369,0.36306,1,0.38441,0.35570,25.90969,0.73385,1,0.68635,0.37817,24.96286,0.73385,1,-0.02443,0.02363,0.56472,0.00456,1,0.03914,0.01929,0.55183,0.00437,1,0,0.00000,7
0.53511,0.33689,3249.96069,0.16187,6701,1,0.51471,0.37076,1,0.51916,0.36407,1,0.51693,0.36741,1,0.38449,0.35571,25.67521,0.73775,1,0.68639,0.37818,24.99371,0.73775,1,-0.02443,0.02363,0.56472,0.00454,1,0.03914,0.01929,0.55183,0.00435,1,0,0.00000,7
0.53441,0.33807,3249.96069,0.16846,6701,1,0.51471,0.37076,1,0.51916,0.36407,1,0.51693,0.36741,1,0.38472,0.35583,25.85294,0.73775,1,0.68661,0.37822,24.43939,0.73775,1,-0.02384,0.02318,0.55393,0.00462,1,0.03986,0.01944,0.55974,0.00436,1,0,0.00000,7
0.53365,0.33880,3249.96069,0.17480,6701,1,0.50230,0.39357,1,0.52574,0.32210,1,0.51402,0.35783,1,0.38506,0.35601,25.73762,0.73385,1,0.68696,0.37865,24.77459,0.73385,1,-0.02384,0.02318,0.55393,0.00456,1,0.03986,0.01944,0.55974,0.00433,1,0,0.00000,7
0.53282,0.33947,3249.96069,0.18140,6701,1,0.50131,0.36431,1,0.51942,0.35086,1,0.51036,0.35759,1,0.38535,0.35599,25.45784,0.72996,1,0.68712,0.37885,25.02444,0.72996,1,-0.02384,0.02318,0.55393,0.00461,1,0.03986,0.01944,0.55974,0.00436,1,0,0.00000,7
0.53206,0.34016,3249.96069,0.18848,6701,1,0.50223,0.36795,1,0.51943,0.35077,1,0.51083,0.35936,1,0.38579,0.35622,25.87006,0.72606,1,0.68748,0.37900,25.06585,0.73005,1,-0.02371,0.02326,0.55872,0.00460,1,0.04075,0.01968,0.56920,0.00433,1,0,0.00000,7
0.53081,0.34035,3249.96069,0.19531,6701,1,0.49182,0.35940,1,0.49722,0.33229,1,0.49452,0.34585,1,0.38642,0.35642,25.92085,0.73005,1,0.68801,0.37944,24.58388,0.73404,1,-0.02371,0.02326,0.55872,0.00458,1,0.04075,0.01968,0.56920,0.00435,1,0,0.00000,7
0.52939,0.34114,3249.96069,0.20312,6701,1,0.47484,0.37629,1,0.49868,0.35385,1,0.48676,0.36507,1,0.38673,0.35657,25.72404,0.73404,1,0.68843,0.37982,24.78383,0.73802,1,-0.02371,0.02326,0.55872,0.00459,1,0.04075,0.01968,0.56920,0.00431,1,0,0.00000,7
0.50777,0.35881,3249.96069,0.20312,6701,0,0.47377,0.37267,1,0.49868,0.35385,1,0.48623,0.36326,1,0.38731,0.35691,26.07061,0.73802,1,0.68876,0.38005,24.68797,0.73802,1,-0.02312,0.02288,0.55262,0.00459,1,0.04026,0.01909,0.55831,0.00438,1,0,0.00000,7
0.50667,0.34955,3249.96069,0.20312,6701,0,0.49566,0.34131,1,0.51548,0.33928,1,0.50557,0.34029,1,0.38799,0.35723,25.86934,0.73802,1,0.68944,0.38066,24.92625,0.73404,1,-0.02312,0.02288,0.55262,0.00456,1,0.04026,0.01909,0.55831,0.00435,1,0,0.00000,7
0.50681,0.35654,3249.96069,0.20312,6701,0,0.50040,0.36446,1,0.51377,0.37657,1,0.50709,0.37052,1,0.38849,0.35728,25.43103,0.73404,1,0.68994,0.38091,24.96840,0.73005,1,-0.02312,0.02288,0.55262,0.00466,1,0.04026,0.01909,0.55831,0.00434,1,0,0.00000,7
0.50688,0.36006,3250.16919,0.02002,6702,1,0.50043,0.36454,1,0.51376,0.37666,1,0.50709,0.37060,1,0.38955,0.35768,25.89587,0.73394,1,0.69089,0.38115,24.66294,0.72996,1,-0.02323,0.02345,0.56845,0.00463,1,0.04021,0.01859,0.55072,0.00440,1,0,0.00000,7
0.51369,0.36181,3250.16919,0.02686,6702,1,0.53640,0.39663,1,0.54542,0.34106,1,0.54091,0.36885,1,0.39129,0.35771,25.38916,0.73385,1,0.69272,0.38178,25.12526,0.73385,1,-0.02323,0.02345,0.56845,0.00459,1,0.04021,0.01859,0.55072,0.00435,1,0,0.00000,7
0.52355,0.35902,3250.16919,0.03369,6702,1,0.56863,0.35357,1,0.57715,0.33656,1,0.57289,0.34506,1,0.39235,0.35786,25.45017,0.73775,1,0.69347,0.38187,25.19401,0.73775,1,-0.02323,0.02345,0.56845,0.00466,1,0.04021,0.01859,0.55072,0.00435,1,0,0.00000,7
0.53061,0.35648,3250.16919,0.04028,6702,1,0.56806,0.34985,1,0.57785,0.33262,1,0.57296,0.34124,1,0.39350,0.35790,25.78977,0.74164,1,0.69460,0.38195,25.09032,0.74164,1,-0.02285,0.02346,0.57196,0.00463,1,0.04092,0.01868,0.55360,0.00436,1,0,0.00000,7
0.53719,0.35340,3250.16919,0.04688,6702,1,0.57311,0.34188,1,0.59344,0.32178,1,0.58328,0.33183,1,0.39409,0.35806,25.66138,0.74164,1,0.69502,0.38185,24.87679,0.74164,1,-0.02285,0.02346,0.57196,0.00465,1,0.04092,0.01868,0.55360,0.00438,1,0,0.00000,7
0.54000,0.35077,3250.16919,0.05371,6702,1,0.54738,0.35005,1,0.57744,0.30944,1,0.56241,0.32975,1,0.39382,0.35810,25.57380,0.74164,1,0.69489,0.38164,24.93557,0.74164,1,-0.02285,0.02346,0.57196,0.00463,1,0.04092,0.01868,0.55360,0.00434,1,0,0.00000,7
0.54227,0.34885,3250.16919,0.06055,6702,1,0.54805,0.35375,1,0.57745,0.30935,1,0.56275,0.33155,1,0.39352,0.35823,25.46763,0.73775,1,0.69472,0.38153,24.63030,0.74173,1,-0.02218,0.02260,0.55196,0.00467,1,0.04193,0.01924,0.56891,0.00434,1,0,0.00000,7
0.54481,0.35042,3250.16919,0.06689,6702,1,0.56461,0.38540,1,0.57588,0.34686,1,0.57024,0.36613,1,0.39272,0.35863,25.90063,0.73784,1,0.69390,0.38120,24.99846,0.74183,1,-0.02218,0.02260,0.55196,0.00461,1,0.04193,0.01924,0.56891,0.00439,1,0,0.00000,7
0.54623,0.34965,3250.16919,0.07373,6702,1,0.55303,0.36814,1,0.57069,0.31414,1,0.56186,0.34114,1,0.39208,0.35887,25.79194,0.73793,1,0.69339,0.38094,24.67135,0.74192,1,-0.02218,0.02260,0.55196,0.00459,1,0.04193,0.01924,0.56891,0.00438,1,0,0.00000,7
0.54741,0.34914,3250.16919,0.08032,6702,1,0.55302,0.36805,1,0.57002,0.31817,1,0.56152,0.34311,1,0.39093,0.35884,25.65664,0.73802,1,0.69245,0.38054,24.63744,0.73802,1,-0.02298,0.02258,0.55538,0.00462,1,0.04054,0.01911,0.55748,0.00433,1,0,0.00000,7
0.54863,0.34907,3250.16919,0.08643,6702,1,0.56775,0.35866,1,0.56110,0.33751,1,0.56443,0.34809,1,0.38919,0.35926,25.66731,0.73802,1,0.69083,0.37991,24.81088,0.73404,1,-0.02298,0.02258,0.55538,0.00462,1,0.04054,0.01911,0.55748,0.00435,1,0,0.00000,7
0.54899,0.34989,3250.16919,0.09448,6702,1,0.54603,0.38345,1,0.56214,0.33930,1,0.55409,0.36138,1,0.38799,0.35957,25.91716,0.73404,1,0.68929,0.37922,24.50919,0.73005,1,-0.02298,0.02258,0.55538,0.00455,1,0.04054,0.01911,0.55748,0.00431,1,0,0.00000,7
0.54931,0.35061,3250.16919,0.10034,6702,1,0.54605,0.38354,1,0.56213,0.33939,1,0.55409,0.36147,1,0.38598,0.35962,25.25033,0.73394,1,0.68809,0.37930,24.96631,0.72996,1,-0.02456,0.02283,0.56569,0.00462,1,0.03940,0.01921,0.55443,0.00437,1,0,0.00000,7
0.55028,0.34973,3250.16919,0.10718,6702,1,0.55781,0.36955,1,0.57368,0.30170,1,0.56574,0.33562,1,0.38338,0.36027,25.80987,0.73385,1,0.68575,0.37853,24.42119,0.73385,1,-0.02456,0.02283,0.56569,0.00458,1,0.03940,0.01921,0.55443,0.00438,1,0,0.00000,7
0.55040,0.34959,3250.16919,0.11353,6702,1,0.53891,0.35382,1,0.56617,0.34047,1,0.55254,0.34714,1,0.38175,0.36078,25.54461,0.73775,1,0.68370,0.37777,24.01882,0.73775,1,-0.02456,0.02283,0.56569,0.00454,1,0.03940,0.01921,0.55443,0.00433,1,0,0.00000,7
0.55051,0.34946,3250.16919,0.12061,6702,1,0.53891,0.35382,1,0.56617,0.34047,1,0.55254,0.34714,1,0.37964,0.36060,24.88991,0.73775,1,0.68222,0.37797,24.90916,0.73775,1,-0.02535,0.02206,0.55081,0.00465,1,0.03817,0.01943,0.55581,0.00433,1,0,0.00000,7
0.55060,0.35003,3250.16919,0.12720,6702,1,0.54769,0.39669,1,0.55681,0.32513,1,0.55225,0.36091,1,0.37621,0.36175,25.93354,0.73385,1,0.67931,0.37728,24.57666,0.73385,1,-0.02535,0.02206,0.55081,0.00461,1,0.03817,0.01943,0.55581,0.00441,1,0,0.00000,7
0.55038,0.34988,3250.16919,0.13379,6702,1,0.53545,0.35513,1,0.55657,0.33860,1,0.54601,0.34687,1,0.37424,0.36219,25.71387,0.72996,1,0.67714,0.37669,23.94457,0.72996,1,-0.02535,0.02206,0.55081,0.00459,1,0.03817,0.01943,0.55581,0.00440,1,0,0.00000,7
0.55020,0.34965,3250.16919,0.14062,6702,1,0.53545,0.35513,1,0.55719,0.33453,1,0.54632,0.34483,1,0.37204,0.36225,25.52860,0.72996,1,0.67539,0.37688,25.08045,0.73394,1,-0.02775,0.02260,0.56852,0.00465,1,0.03726,0.01989,0.56418,0.00435,1,0,0.00000,7
0.54954,0.34874,3250.16919,0.14648,6702,1,0.52334,0.34291,1,0.54672,0.31465,1,0.53503,0.32878,1,0.36893,0.36307,26.03863,0.73784,1,0.67242,0.37634,24.67332,0.74183,1,-0.02775,0.02260,0.56852,0.00461,1,0.03726,0.01989,0.56418,0.00438,1,0,0.00000,7
0.54907,0.34863,3250.16919,0.15405,6702,1,0.53071,0.35392,1,0.54568,0.33817,1,0.53819,0.34605,1,0.36711,0.36346,25.93667,0.74572,1,0.67046,0.37605,24.55047,0.74971,1,-0.02775,0.02260,0.56852,0.00460,1,0.03726,0.01989,0.56418,0.00437,1,0,0.00000,7
0.54864,0.34829,3250.16919,0.16064,6702,1,0.52994,0.35019,1,0.54682,0.32988,1,0.53838,0.34003,1,0.36512,0.36361,25.82712,0.74971,1,0.66901,0.37613,24.81370,0.75804,1,-0.02812,0.02163,0.54840,0.00466,1,0.03685,0.02056,0.57824,0.00439,1,0,0.00000,7
0.54844,0.34683,3250.16919,0.16748,6702,1,0.53221,0.32202,1,0.55461,0.29898,1,0.54341,0.31050,1,0.36261,0.36410,26.15386,0.75414,1,0.66657,0.37595,24.87012,0.75849,1,-0.02812,0.02163,0.54840,0.00465,1,0.03685,0.02056,0.57824,0.00435,1,0,0.00000,7
0.54779,0.34591,3250.16919,0.17383,6702,1,0.50584,0.34410,1,0.55605,0.29954,1,0.53094,0.32182,1,0.36122,0.36422,26.00124,0.75460,1,0.66510,0.37561,24.82122,0.75894,1,-0.02812,0.02163,0.54840,0.00458,1,0.03685,0.02056,0.57824,0.00432,1,0,0.00000,7
0.54718,0.34511,3250.16919,0.18066,6702,1,0.50574,0.34368,1,0.55547,0.30356,1,0.53060,0.32362,1,0.35975,0.36433,26.01353,0.75505,1,0.66395,0.37600,25.06690,0.75505,1,-0.02936,0.02166,0.55313,0.00469,1,0.03465,0.01987,0.55891,0.00436,1,0,0.00000,7
0.54625,0.34526,3250.16919,0.18823,6702,1,0.50523,0.36510,1,0.53555,0.33383,1,0.52039,0.34947,1,0.35830,0.36464,26.21711,0.75505,1,0.66255,0.37602,24.91854,0.75070,1,-0.02936,0.02166,0.55313,0.00462,1,0.03465,0.01987,0.55891,0.00436,1,0,0.00000,7
0.54566,0.34523,3250.16919,0.19409,6702,1,0.51121,0.38593,1,0.54598,0.30256,1,0.52860,0.34425,1,0.35799,0.36475,26.50033,0.75070,1,0.66217,0.37617,24.83391,0.74635,1,-0.02936,0.02166,0.55313,0.00461,1,0.03465,0.01987,0.55891,0.00435,1,0,0.00000,7
0.54512,0.34533,3250.16919,0.20093,6702,1,0.51216,0.38978,1,0.54538,0.30712,1,0.52877,0.34845,1,0.35713,0.36460,26.06882,0.74635,1,0.66135,0.37634,25.09370,0.74201,1,-0.03025,0.02200,0.56197,0.00463,1,0.03475,0.02000,0.56735,0.00434,1,0,0.00000,7
0.54452,0.34569,3250.16919,0.20752,6702,1,0.50951,0.38278,1,0.54256,0.33074,1,0.52603,0.35676,1,0.35676,0.36462,25.99916,0.74201,1,0.66110,0.37686,25.20496,0.74201,1,-0.03025,0.02200,0.56197,0.00463,1,0.03475,0.02000,0.56735,0.00433,1,0,0.00000,7
0.54392,0.34513,3250.16919,0.21411,6702,1,0.50933,0.37526,1,0.54007,0.27912,1,0.52470,0.32719,1,0.35709,0.36457,25.94238,0.74201,1,0.66134,0.37720,25.25854,0.74201,1,-0.03025,0.02200,0.56197,0.00465,1,0.03475,0.02000,0.56735,0.00432,1,0,0.00000,7
0.54334,0.34455,3250.16919,0.22070,6702,1,0.50846,0.37173,1,0.54005,0.27922,1,0.52426,0.32547,1,0.35747,0.36462,26.31523,0.74590,1,0.66158,0.37758,24.95607,0.74192,1,-0.03073,0.02250,0.57483,0.00463,1,0.03503,0.01987,0.56847,0.00434,1,0,0.00000,7
0.54262,0.34421,3250.16919,0.22754,6702,1,0.51949,0.36094,1,0.51685,0.30453,1,0.51817,0.33273,1,0.35861,0.36448,26.27463,0.74581,1,0.66284,0.37832,24.97636,0.74183,1,-0.03073,0.02250,0.57483,0.00466,1,0.03503,0.01987,0.56847,0.00434,1,0,0.00000,7
0.54164,0.34360,3250.16919,0.23438,6702,1,0.50907,0.35280,1,0.50557,0.29157,1,0.50732,0.32218,1,0.35958,0.36439,25.95827,0.74572,1,0.66362,0.37893,25.35253,0.74173,1,-0.03073,0.02250,0.57483,0.00470,1,0.03503,0.01987,0.56847,0.00438,1,0,0.00000,7
0.54072,0.34297,3250.16919,0.24048,6702,1,0.50909,0.35289,1,0.50591,0.28739,1,0.50750,0.32014,1,0.36093,0.36443,26.43452,0.74563,1,0.66470,0.37925,24.75078,0.74563,1,-0.02923,0.02209,0.56421,0.00465,1,0.03574,0.01942,0.56549,0.00436,1,0,0.00000,7
0.54001,0.34285,3250.16919,0.24756,6702,1,0.50179,0.33714,1,0.52579,0.34028,1,0.51379,0.33871,1,0.36333,0.36423,26.00129,0.74563,1,0.66725,0.38071,24.97318,0.74961,1,-0.02923,0.02209,0.56421,0.00469,1,0.03574,0.01942,0.56549,0.00441,1,0,0.00000,7
0.53916,0.34255,3250.16919,0.25391,6702,1,0.49303,0.32661,1,0.52021,0.33563,1,0.50662,0.33112,1,0.36545,0.36396,25.82756,0.74961,1,0.66877,0.38159,25.21752,0.75360,1,-0.02923,0.02209,0.56421,0.00471,1,0.03574,0.01942,0.56549,0.00441,1,0,0.00000,7
0.53833,0.34222,3250.16919,0.26099,6702,1,0.49207,0.32280,1,0.52021,0.33563,1,0.50614,0.32922,1,0.36728,0.36417,26.09811,0.75360,1,0.67059,0.38167,23.97559,0.75360,1,-0.02772,0.02210,0.56455,0.00469,1,0.03641,0.01854,0.55436,0.00439,1,0,0.00000,7
0.53762,0.34233,3250.16919,0.26782,6702,1,0.50283,0.35280,1,0.51572,0.34094,1,0.50928,0.34687,1,0.37067,0.36393,26.01129,0.75360,1,0.67422,0.38358,24.85623,0.74961,1,-0.02772,0.02210,0.56455,0.00471,1,0.03641,0.01854,0.55436,0.00441,1,0,0.00000,7
0.53676,0.34284,3250.16919,0.27393,6702,1,0.49533,0.38113,1,0.50737,0.34592,1,0.50135,0.36352,1,0.37366,0.36353,25.54327,0.74961,1,0.67633,0.38448,24.70514,0.74563,1,-0.02772,0.02210,0.56455,0.00464,1,0.03641,0.01854,0.55436,0.00440,1,0,0.00000,7
0.53595,0.34345,3250.16919,0.28198,6702,1,0.49720,0.38813,1,0.50702,0.34980,1,0.50211,0.36896,1,0.37558,0.36363,25.89016,0.74173,1,0.67840,0.38469,23.99529,0.74173,1,-0.02544,0.02195,0.55641,0.00470,1,0.03925,0.01854,0.56971,0.00441,1,0,0.00000,7
0.50905,0.33685,3250.16919,0.28198,6702,0,0.48916,0.34630,1,0.48562,0.32575,1,0.48739,0.33603,1,0.37968,0.36332,25.89128,0.73784,1,0.68237,0.38629,24.92384,0.74183,1,-0.02544,0.02195,0.55641,0.00476,1,0.03925,0.01854,0.56971,0.00439,1,0,0.00000,7
0.49905,0.33648,3250.16919,0.28198,6702,0,0.48576,0.35424,1,0.49235,0.31800,1,0.48905,0.33612,1,0.38287,0.36289,25.43600,0.73793,1,0.68491,0.38717,24.97092,0.74192,1,-0.02544,0.02195,0.55641,0.00472,1,0.03925,0.01854,0.56971,0.00449,1,0,0.00000,7
0.49567,0.33702,3250.16919,0.28198,6702,0,0.48574,0.35415,1,0.49207,0.32204,1,0.48890,0.33810,1,0.38548,0.36292,26.16056,0.73802,1,0.68732,0.38720,24.47177,0.73802,1,-0.02352,0.02227,0.56016,0.00468,1,0.03995,0.01754,0.55168,0.00440,1,0,0.00000,7
0.51004,0.33922,3250.45654,0.02075,6703,1,0.54548,0.33858,1,0.56081,0.35305,1,0.55314,0.34582,1,0.39086,0.36190,25.36283,0.73802,1,0.69260,0.38864,25.41685,0.73404,1,-0.02352,0.02227,0.56016,0.00481,1,0.03995,0.01754,0.55168,0.00444,1,0,0.00000,7
0.52165,0.34399,3250.45654,0.02759,6703,1,0.56614,0.39851,1,0.57007,0.32763,1,0.56811,0.36307,1,0.39405,0.36179,25.73774,0.73404,1,0.69533,0.38927,24.78532,0.73005,1,-0.02352,0.02227,0.56016,0.00457,1,0.03995,0.01754,0.55168,0.00446,1,0,0.00000,7
0.52939,0.34718,3250.45654,0.03394,6703,1,0.56615,0.39859,1,0.57006,0.32772,1,0.56811,0.36316,1,0.39621,0.36173,26.17257,0.73394,1,0.69754,0.38954,24.88250,0.72996,1,-0.02180,0.02279,0.56911,0.00468,1,0.04229,0.01754,0.55959,0.00444,1,0,0.00000,7
0.53344,0.34697,3250.45654,0.04077,6703,1,0.56562,0.34626,1,0.54982,0.34513,1,0.55772,0.34569,1,0.39958,0.36137,26.48459,0.73385,1,0.70043,0.39010,25.27335,0.73385,1,-0.02180,0.02279,0.56911,0.00472,1,0.04229,0.01754,0.55959,0.00439,1,0,0.00000,7
0.53608,0.34453,3250.45654,0.04736,6703,1,0.54083,0.32652,1,0.56832,0.32834,1,0.55458,0.32743,1,0.40144,0.36086,25.67947,0.73775,1,0.70163,0.39038,25.18107,0.73775,1,-0.02180,0.02279,0.56911,0.00473,1,0.04229,0.01754,0.55959,0.00445,1,0,0.00000,7
0.53817,0.34240,3250.45654,0.05396,6703,1,0.54083,0.32652,1,0.56900,0.32427,1,0.55491,0.32539,1,0.40281,0.36088,26.22806,0.73775,1,0.70349,0.39050,25.00439,0.74173,1,-0.02001,0.02243,0.55595,0.00468,1,0.18102,0.07382,2.37742,0.00444,0,0,0.00000,7
0.53900,0.34331,3250.45654,0.06079,6703,1,0.54299,0.35598,1,0.54982,0.34689,1,0.54641,0.35143,1,0.40496,0.36047,26.02376,0.73784,1,0.70532,0.39071,25.21385,0.74183,1,-0.02001,0.02243,0.55595,0.00475,1,0.18102,0.07382,2.37742,0.00443,0,0,0.00000,7
0.53974,0.34297,3250.45654,0.06738,6703,1,0.52143,0.33820,1,0.57299,0.34109,1,0.54721,0.33964,1,0.40594,0.36057,26.51749,0.73793,1,0.70608,0.39086,25.41586,0.74192,1,-0.02001,0.02243,0.55595,0.00473,1,0.18102,0.07382,2.37742,0.00439,0,0,0.00000,7
0.54037,0.34269,3250.45654,0.07422,6703,1,0.52141,0.33811,1,0.57300,0.34100,1,0.54721,0.33956,1,0.40697,0.36007,25.95016,0.73802,1,0.70715,0.39073,25.06849,0.74201,1,-0.01913,0.02238,0.55247,0.00475,1,0.18475,0.07416,2.38851,0.00439,0,0,0.00000,7
0.54124,0.34385,3250.45654,0.08081,6703,1,0.55344,0.39140,1,0.55003,0.32416,1,0.55174,0.35778,1,0.40780,0.35982,26.21263,0.74201,1,0.70796,0.39071,25.38700,0.74201,1,-0.01913,0.02238,0.55247,0.00477,1,0.18475,0.07416,2.38851,0.00437,0,0,0.00000,7
0.54054,0.34346,3250.45654,0.08838,6703,1,0.52271,0.36687,1,0.54022,0.30997,1,0.53147,0.33842,1,0.40794,0.35969,26.02226,0.74201,1,0.70815,0.39067,25.45197,0.74201,1,-0.01913,0.02238,0.55247,0.00472,1,0.18475,0.07416,2.38851,0.00444,0,0,0.00000,7
0.53992,0.34326,3250.45654,0.09424,6703,1,0.52271,0.36687,1,0.53969,0.31413,1,0.53120,0.34050,1,0.40807,0.35956,26.20724,0.74201,1,0.70843,0.39028,25.03938,0.73802,1,-0.01901,0.02251,0.55370,0.00472,1,0.17799,0.07151,2.29196,0.00440,0,0,0.00000,7
0.54051,0.34401,3250.45654,0.10107,6703,1,0.54478,0.34969,1,0.55388,0.36064,1,0.54933,0.35516,1,0.40790,0.35942,26.31831,0.73802,1,0.70826,0.38984,25.26540,0.73404,1,-0.01901,0.02251,0.55370,0.00475,1,0.17799,0.07151,2.29196,0.00442,0,0,0.00000,7
0.53936,0.34401,3250.45654,0.10767,6703,1,0.51079,0.35241,1,0.53126,0.33552,1,0.52103,0.34396,1,0.40749,0.35951,26.51390,0.73404,1,0.70800,0.38973,25.39610,0.73005,1,-0.01901,0.02251,0.55370,0.00472,1,0.17799,0.07151,2.29196,0.00443,0,0,0.00000,7
0.53837,0.34377,3250.45654,0.11475,6703,1,0.51081,0.35249,1,0.53227,0.32705,1,0.52154,0.33977,1,0.40694,0.35935,26.12153,0.73394,1,0.70761,0.38941,25.28582,0.73829,1,-0.01965,0.02291,0.56360,0.00480,1,0.19427,0.07893,2.51159,0.00441,0,0,0.00000,7
0.53850,0.34414,3250.45654,0.12061,6703,1,0.53958,0.35497,1,0.54218,0.34657,1,0.54088,0.35077,1,0.40580,0.35962,26.62201,0.74219,1,0.70670,0.38902,25.28226,0.75052,1,-0.01965,0.02291,0.56360,0.00471,1,0.19427,0.07893,2.51159,0.00441,0,0,0.00000,7
0.53779,0.34329,3250.45654,0.12769,6703,1,0.51408,0.34558,1,0.53422,0.30869,1,0.52415,0.32713,1,0.40501,0.35966,26.59090,0.75442,1,0.70598,0.38876,25.19990,0.76275,1,-0.01965,0.02291,0.56360,0.00468,1,0.19427,0.07893,2.51159,0.00443,0,0,0.00000,7
0.53709,0.34215,3250.45654,0.13452,6703,1,0.51149,0.33419,1,0.53469,0.30472,1,0.52309,0.31946,1,0.40384,0.35950,26.23948,0.76664,1,0.70510,0.38859,25.45540,0.76664,1,-0.02046,0.02297,0.56516,0.00473,1,0.04322,0.01762,0.55543,0.00441,1,0,0.00000,7
0.53629,0.34210,3250.45654,0.14111,6703,1,0.49464,0.34681,1,0.54462,0.33494,1,0.51963,0.34087,1,0.40209,0.35969,26.31308,0.76664,1,0.70358,0.38797,25.03340,0.75831,1,-0.02046,0.02297,0.56516,0.00471,1,0.04322,0.01762,0.55543,0.00440,1,0,0.00000,7
0.53540,0.34182,3250.45654,0.14722,6703,1,0.51550,0.36345,1,0.51614,0.30828,1,0.51582,0.33586,1,0.40119,0.35985,26.45813,0.75831,1,0.70263,0.38736,24.86772,0.74998,1,-0.02046,0.02297,0.56516,0.00468,1,0.04322,0.01762,0.55543,0.00439,1,0,0.00000,7
0.53461,0.34207,3250.45654,0.15430,6703,1,0.51806,0.37452,1,0.51491,0.32097,1,0.51649,0.34775,1,0.39977,0.35967,26.09724,0.74608,1,0.70173,0.38750,25.47959,0.73775,1,-0.02106,0.02266,0.55743,0.00469,1,0.04243,0.01786,0.55379,0.00439,1,0,0.00000,7
0.53353,0.34298,3250.45654,0.16113,6703,1,0.49454,0.38025,1,0.52042,0.34951,1,0.50748,0.36488,1,0.39806,0.35970,26.28934,0.73385,1,0.70031,0.38680,24.84069,0.73385,1,-0.02106,0.02266,0.55743,0.00466,1,0.04243,0.01786,0.55379,0.00446,1,0,0.00000,7
0.53305,0.34322,3250.45654,0.16821,6703,1,0.52369,0.37267,1,0.51837,0.32577,1,0.52103,0.34922,1,0.39718,0.35973,26.57703,0.72996,1,0.69921,0.38625,24.66867,0.72996,1,-0.02106,0.02266,0.55743,0.00469,1,0.04243,0.01786,0.55379,0.00434,1,0,0.00000,7
0.53261,0.34359,3250.45654,0.17432,6703,1,0.52449,0.37629,1,0.51795,0.32983,1,0.52122,0.35306,1,0.39581,0.35954,26.11234,0.72606,1,0.69836,0.38644,25.32694,0.72606,1,-0.02161,0.02253,0.55435,0.00469,1,0.04161,0.01796,0.55174,0.00439,1,0,0.00000,7
0.53233,0.34454,3250.45654,0.18115,6703,1,0.52611,0.37341,1,0.52336,0.36733,1,0.52474,0.37037,1,0.39452,0.35955,26.47360,0.72606,1,0.69718,0.38584,24.74379,0.72606,1,-0.02161,0.02253,0.55435,0.00468,1,0.04161,0.01796,0.55174,0.00443,1,0,0.00000,7
0.53180,0.34511,3250.45654,0.18799,6703,1,0.51277,0.36905,1,0.52099,0.35284,1,0.51688,0.36095,1,0.39393,0.35956,26.27320,0.72606,1,0.69648,0.38565,24.97775,0.72606,1,-0.02161,0.02253,0.55435,0.00469,1,0.04161,0.01796,0.55174,0.00444,1,0,0.00000,7
0.53131,0.34557,3250.45654,0.19434,6703,1,0.51277,0.36905,1,0.52143,0.34881,1,0.51710,0.35893,1,0.39294,0.35944,26.36685,0.72606,1,0.69575,0.38566,25.05170,0.73005,1,-0.02218,0.02244,0.55196,0.00468,1,0.04227,0.01848,0.56775,0.00442,1,0,0.00000,7
0.53044,0.34536,3250.45654,0.20142,6703,1,0.49582,0.35107,1,0.51298,0.32674,1,0.50440,0.33891,1,0.39195,0.35943,26.44539,0.73005,1,0.69494,0.38550,24.98942,0.73404,1,-0.02218,0.02244,0.55196,0.00468,1,0.04227,0.01848,0.56775,0.00441,1,0,0.00000,7
0.52948,0.34489,3250.45654,0.20825,6703,1,0.49138,0.34193,1,0.50824,0.31903,1,0.49981,0.33048,1,0.39173,0.35939,26.41871,0.73404,1,0.69452,0.38543,24.91040,0.73802,1,-0.02218,0.02244,0.55196,0.00464,1,0.04227,0.01848,0.56775,0.00442,1,0,0.00000,7
0.52858,0.34426,3250.45654,0.21484,6703,1,0.49040,0.33811,1,0.50901,0.31036,1,0.49970,0.32423,1,0.39118,0.35937,26.32324,0.73802,1,0.69415,0.38553,25.26495,0.74635,1,-0.02260,0.02265,0.55629,0.00467,1,0.18044,0.08097,2.48750,0.00439,0,0,0.00000,7
0.52781,0.34373,3250.45654,0.22144,6703,1,0.49125,0.33386,1,0.51391,0.31812,1,0.50258,0.32599,1,0.39100,0.35937,26.56257,0.74635,1,0.69391,0.38557,25.07522,0.75070,1,-0.02260,0.02265,0.55629,0.00467,1,0.18044,0.08097,2.48750,0.00438,0,0,0.00000,7
0.52638,0.34349,3250.45654,0.22900,6703,1,0.46543,0.33641,1,0.49005,0.33432,1,0.47774,0.33537,1,0.39101,0.35944,26.41149,0.75070,1,0.69395,0.38570,25.12750,0.75505,1,-0.02260,0.02265,0.55629,0.00467,1,0.18044,0.08097,2.48750,0.00434,0,0,0.00000,7
0.52502,0.34321,3250.45654,0.23535,6703,1,0.46424,0.33234,1,0.49005,0.33432,1,0.47715,0.33333,1,0.39105,0.35947,26.48302,0.75505,1,0.69401,0.38578,24.97766,0.75505,1,-0.02234,0.02243,0.55189,0.00468,1,0.04198,0.01843,0.56624,0.00438,1,0,0.00000,7
0.52415,0.34303,3250.45654,0.24194,6703,1,0.49627,0.34935,1,0.48975,0.32423,1,0.49301,0.33679,1,0.39140,0.35951,26.28653,0.75505,1,0.69426,0.38598,24.91559,0.75070,1,-0.02234,0.02243,0.55189,0.00468,1,0.04198,0.01843,0.56624,0.00438,1,0,0.00000,7
0.52305,0.34272,3250.45654,0.24854,6703,1,0.47398,0.35847,1,0.49063,0.30394,1,0.48231,0.33120,1,0.39156,0.35964,26.18631,0.75070,1,0.69451,0.38619,25.16043,0.74635,1,-0.02234,0.02243,0.55189,0.00471,1,0.04198,0.01843,0.56624,0.00439,1,0,0.00000,7
0.52201,0.34259,3250.45654,0.25439,6703,1,0.47513,0.36243,1,0.49006,0.31270,1,0.48260,0.33757,1,0.39202,0.35983,26.44733,0.74635,1,0.69487,0.38631,25.08575,0.73802,1,-0.02212,0.02246,0.55247,0.00466,1,0.04153,0.01797,0.55725,0.00438,1,0,0.00000,7
0.49550,0.34048,3250.45654,0.25439,6703,0,0.49147,0.39019,1,0.49396,0.35394,1,0.49271,0.37206,1,0.39264,0.35987,26.41715,0.73802,1,0.69541,0.38667,25.13188,0.73404,1,-0.02212,0.02246,0.55247,0.00465,1,0.04153,0.01797,0.55725,0.00439,1,0,0.00000,7
0.48519,0.34912,3250.45654,0.25439,6703,0,0.47386,0.35926,1,0.47591,0.35624,1,0.47488,0.35775,1,0.39291,0.35983,25.88715,0.73404,1,0.69577,0.38670,25.19754,0.73005,1,-0.02212,0.02246,0.55247,0.00471,1,0.04153,0.01797,0.55725,0.00440,1,0,0.00000,7
0.48190,0.35328,3250.45654,0.25439,6703,0,0.47494,0.36298,1,0.47570,0.36025,1,0.47532,0.36161,1,0.39351,0.36007,26.47809,0.73005,1,0.69608,0.38674,25.06673,0.72606,1,-0.02191,0.02250,0.55563,0.00462,1,0.04140,0.01778,0.55119,0.00441,1,0,0.00000,7
0.48155,0.35813,3250.71851,0.01978,6704,1,0.48379,0.38407,1,0.47723,0.36123,1,0.48051,0.37265,1,0.39407,0.36015,26.45412,0.72606,1,0.69669,0.38677,25.22760,0.72606,1,-0.02191,0.02250,0.55563,0.00469,1,0.04140,0.01778,0.55119,0.00442,1,0,0.00000,7
0.48111,0.36154,3250.71851,0.02686,6704,1,0.46180,0.38244,1,0.49690,0.36795,1,0.47935,0.37520,1,0.39430,0.36008,26.03618,0.72606,1,0.69689,0.38678,25.05723,0.72606,1,-0.02191,0.02250,0.55563,0.00464,1,0.04140,0.01778,0.55119,0.00441,1,0,0.00000,7
0.48084,0.36349,3250.71851,0.03345,6704,1,0.46180,0.38244,1,0.49722,0.36400,1,0.47951,0.37322,1,0.39474,0.36015,26.45107,0.72606,1,0.69728,0.38669,25.33725,0.73005,1,-0.02161,0.02237,0.55435,0.00468,1,0.04263,0.01821,0.56471,0.00442,1,0,0.00000,7
0.47938,0.36118,3250.71851,0.04077,6704,1,0.46402,0.35232,1,0.47723,0.34239,1,0.47062,0.34735,1,0.39494,0.36027,26.01413,0.73005,1,0.69764,0.38656,25.02113,0.73404,1,-0.02161,0.02237,0.55435,0.00472,1,0.04263,0.01821,0.56471,0.00443,1,0,0.00000,7
0.47897,0.35883,3250.71851,0.04663,6704,1,0.46811,0.35428,1,0.48405,0.33042,1,0.47608,0.34235,1,0.39498,0.36029,26.08534,0.73404,1,0.69763,0.38651,25.07934,0.73802,1,-0.02161,0.02237,0.55435,0.00469,1,0.04263,0.01821,0.56471,0.00442,1,0,0.00000,7
0.47859,0.35679,3250.71851,0.05347,6704,1,0.46700,0.35055,1,0.48405,0.33042,1,0.47552,0.34049,1,0.39516,0.36045,26.48166,0.73802,1,0.69763,0.38647,25.37403,0.73802,1,-0.02145,0.02229,0.55232,0.00466,1,0.04255,0.01812,0.56198,0.00440,1,0,0.00000,7
0.47734,0.35767,3250.71851,0.06030,6704,1,0.45910,0.34566,1,0.47314,0.38556,1,0.46612,0.36561,1,0.39511,0.36046,26.65099,0.73802,1,0.69761,0.38621,25.32788,0.73404,1,-0.02145,0.02229,0.55232,0.00466,1,0.04255,0.01812,0.56198,0.00443,1,0,0.00000,7
0.47644,0.35843,3250.71851,0.06665,6704,1,0.46974,0.36005,1,0.46509,0.37196,1,0.46742,0.36601,1,0.39503,0.36061,26.61266,0.73404,1,0.69750,0.38603,25.41511,0.73005,1,-0.02145,0.02229,0.55232,0.00465,1,0.04255,0.01812,0.56198,0.00442,1,0,0.00000,7
0.47569,0.35907,3250.71851,0.07349,6704,1,0.46977,0.36014,1,0.46509,0.37205,1,0.46743,0.36609,1,0.39480,0.36064,26.62304,0.73394,1,0.69738,0.38574,25.11917,0.72996,1,-0.02194,0.02267,0.56180,0.00467,1,0.04161,0.01796,0.55174,0.00440,1,0,0.00000,7
0.47574,0.35797,3250.71851,0.08008,6704,1,0.47608,0.37199,1,0.47656,0.31768,1,0.47632,0.34483,1,0.39427,0.36067,26.61886,0.73385,1,0.69689,0.38552,25.09794,0.73385,1,-0.02194,0.02267,0.56180,0.00466,1,0.04161,0.01796,0.55174,0.00444,1,0,0.00000,7
0.47431,0.35634,3250.71851,0.08643,6704,1,0.44924,0.36141,1,0.46217,0.30894,1,0.45570,0.33517,1,0.39403,0.36072,26.50693,0.73775,1,0.69672,0.38541,25.26052,0.73775,1,-0.02194,0.02267,0.56180,0.00468,1,0.04161,0.01796,0.55174,0.00437,1,0,0.00000,7
0.47307,0.35464,3250.71851,0.09375,6704,1,0.44924,0.36141,1,0.46244,0.30010,1,0.45584,0.33075,1,0.39399,0.36069,26.39867,0.73775,1,0.69666,0.38529,25.17731,0.74608,1,-0.02172,0.02231,0.55284,0.00469,1,0.18020,0.07994,2.44466,0.00441,0,0,0.00000,7
0.47555,0.35420,3250.71851,0.10010,6704,1,0.50194,0.36950,1,0.52328,0.32560,1,0.51261,0.34755,1,0.39464,0.36051,26.03297,0.74219,1,0.69751,0.38535,25.75372,0.75052,1,-0.02172,0.02231,0.55284,0.00472,1,0.18020,0.07994,2.44466,0.00442,0,0,0.00000,7
0.48100,0.35240,3250.71851,0.10767,6704,1,0.55953,0.36775,1,0.57698,0.27958,1,0.56826,0.32367,1,0.39549,0.36055,26.20687,0.74663,1,0.69844,0.38533,25.37725,0.75496,1,-0.02172,0.02231,0.55284,0.00473,1,0.18020,0.07994,2.44466,0.00442,0,0,0.00000,7
0.48581,0.35080,3250.71851,0.11475,6704,1,0.55884,0.36365,1,0.57630,0.28372,1,0.56757,0.32369,1,0.39674,0.36041,26.12106,0.75106,1,0.69955,0.38553,25.59479,0.75106,1,-0.02131,0.02222,0.55078,0.00475,1,0.04209,0.01809,0.55587,0.00441,1,0,0.00000,7
0.49329,0.34946,3250.71851,0.12061,6704,1,0.61167,0.34683,1,0.64411,0.30370,1,0.62789,0.32527,1,0.39858,0.36057,26.87630,0.75106,1,0.70077,0.38567,25.42129,0.74273,1,-0.02131,0.02222,0.55078,0.00472,1,0.04209,0.01809,0.55587,0.00439,1,0,0.00000,7
0.50049,0.34877,3250.71851,0.12744,6704,1,0.62055,0.35880,1,0.65417,0.31254,1,0.63736,0.33567,1,0.39868,0.36054,26.80590,0.74273,1,0.70072,0.38572,25.53952,0.73440,1,-0.02131,0.02222,0.55078,0.00469,1,0.04209,0.01809,0.55587,0.00439,1,0,0.00000,7
0.50699,0.34844,3250.71851,0.13379,6704,1,0.62120,0.36674,1,0.65295,0.31706,1,0.63708,0.34190,1,0.39889,0.36046,26.92251,0.73440,1,0.70084,0.38581,25.63855,0.73005,1,-0.02135,0.02236,0.55417,0.00468,1,0.04275,0.01836,0.56398,0.00437,1,0,0.00000,7
0.54261,0.34070,3250.71851,0.13379,6704,0,0.63314,0.35917,1,0.64245,0.33651,1,0.63780,0.34784,1,0.39837,0.36020,26.49306,0.73005,1,0.70063,0.38589,25.41489,0.73404,1,-0.02135,0.02236,0.55417,0.00469,1,0.04275,0.01836,0.56398,0.00439,1,0,0.00000,7
0.58646,0.34170,3250.71851,0.13379,6704,0,0.62224,0.35008,1,0.63837,0.33531,1,0.63031,0.34270,1,0.39819,0.36011,26.71914,0.73404,1,0.70056,0.38588,25.47929,0.73802,1,-0.02135,0.02236,0.55417,0.00464,1,0.04275,0.01836,0.56398,0.00440,1,0,0.00000,7
0.60102,0.34138,3250.71851,0.13379,6704,0,0.62193,0.34619,1,0.63837,0.33531,1,0.63015,0.34075,1,0.39826,0.36036,26.90891,0.73802,1,0.70048,0.38615,25.56643,0.73802,1,-0.02131,0.02222,0.55078,0.00471,1,0.04209,0.01805,0.55587,0.00442,1,0,0.00000,7
0.60833,0.33576,3250.85913,0.02026,6705,1,0.63164,0.33764,1,0.62887,0.30018,1,0.63026,0.31891,1,0.39839,0.36027,26.91891,0.73802,1,0.70059,0.38639,25.33094,0.73404,1,-0.02131,0.02222,0.55078,0.00467,1,0.04209,0.01805,0.55587,0.00440,1,0,0.00000,7
0.61184,0.33887,3250.85913,0.02661,6705,1,0.61476,0.38202,1,0.63705,0.32056,1,0.62591,0.35129,1,0.39847,0.36021,26.84184,0.73404,1,0.70065,0.38659,25.58591,0.73005,1,-0.02131,0.02222,0.55078,0.00470,1,0.04209,0.01805,0.55587,0.00441,1,0,0.00000,7
0.61413,0.34159,3250.85913,0.03345,6705,1,0.61510,0.38573,1,0.63602,0.32469,1,0.62556,0.35521,1,0.39867,0.36007,26.72561,0.73005,1,0.70087,0.38674,25.43837,0.72606,1,-0.02135,0.02244,0.55417,0.00469,1,0.04251,0.01804,0.55927,0.00438,1,0,0.00000,7
0.61463,0.34395,3250.85913,0.04004,6705,1,0.62122,0.38309,1,0.61406,0.33307,1,0.61764,0.35808,1,0.39893,0.36015,26.70844,0.72606,1,0.70119,0.38719,25.33668,0.72606,1,-0.02135,0.02244,0.55417,0.00470,1,0.04251,0.01804,0.55927,0.00441,1,0,0.00000,7
0.61470,0.34493,3250.85913,0.04712,6705,1,0.62021,0.38251,1,0.61022,0.32110,1,0.61521,0.35181,1,0.39916,0.36016,26.84072,0.72606,1,0.70146,0.38741,25.20626,0.72606,1,-0.02135,0.02244,0.55417,0.00468,1,0.04251,0.01804,0.55927,0.00447,1,0,0.00000,7
0.61481,0.34546,3250.85913,0.05298,6705,1,0.62021,0.38251,1,0.61112,0.31694,1,0.61566,0.34973,1,0.39932,0.35974,26.15957,0.72606,1,0.70169,0.38756,25.42218,0.73005,1,-0.02112,0.02246,0.55456,0.00467,1,0.17879,0.07637,2.39020,0.00439,0,0,0.00000,7
0.61498,0.34819,3250.85913,0.05981,6705,1,0.60993,0.38475,1,0.62315,0.36072,1,0.61654,0.37274,1,0.39989,0.36014,26.84306,0.73005,1,0.70213,0.38792,25.52594,0.73404,1,-0.02112,0.02246,0.55456,0.00465,1,0.17879,0.07637,2.39020,0.00445,0,0,0.00000,7
0.61470,0.34502,3250.85913,0.06616,6705,1,0.60436,0.33915,1,0.61944,0.28757,1,0.61190,0.31336,1,0.40007,0.36019,26.85892,0.73404,1,0.70234,0.38814,25.55290,0.73802,1,-0.02112,0.02246,0.55456,0.00466,1,0.17879,0.07637,2.39020,0.00436,0,0,0.00000,7
0.61449,0.34204,3250.85913,0.07349,6705,1,0.60396,0.33522,1,0.62037,0.28330,1,0.61217,0.30926,1,0.40028,0.35989,26.09271,0.73802,1,0.70261,0.38842,25.47731,0.74201,1,-0.02076,0.02229,0.55151,0.00468,1,0.18006,0.07573,2.39277,0.00435,0,0,0.00000,7
0.61278,0.34188,3250.85913,0.07959,6705,1,0.58779,0.34412,1,0.59670,0.33581,1,0.59225,0.33996,1,0.40076,0.36031,26.72409,0.74201,1,0.70289,0.38877,25.48579,0.74201,1,-0.02076,0.02229,0.55151,0.00466,1,0.18006,0.07573,2.39277,0.00436,0,0,0.00000,7
0.61225,0.34257,3250.85913,0.08667,6705,1,0.60010,0.35789,1,0.61053,0.34507,1,0.60531,0.35148,1,0.40090,0.36048,26.93931,0.74201,1,0.70298,0.38885,25.46545,0.74201,1,-0.02076,0.02229,0.55151,0.00462,1,0.18006,0.07573,2.39277,0.00438,0,0,0.00000,7
0.61182,0.34302,3250.85913,0.09326,6705,1,0.60010,0.35789,1,0.61149,0.34077,1,0.60580,0.34933,1,0.40094,0.36026,26.15428,0.74201,1,0.70331,0.38895,25.18963,0.74635,1,-0.02081,0.02249,0.55736,0.00465,1,0.18850,0.07898,2.49535,0.00440,0,0,0.00000,7
0.61073,0.34446,3250.85913,0.10010,6705,1,0.58825,0.37074,1,0.60067,0.36142,1,0.59446,0.36608,1,0.40108,0.36038,26.15404,0.74635,1,0.70340,0.38897,25.02098,0.75070,1,-0.02081,0.02249,0.55736,0.00465,1,0.18850,0.07898,2.49535,0.00438,0,0,0.00000,7
0.60958,0.34446,3250.85913,0.10669,6705,1,0.58195,0.37729,1,0.60015,0.31176,1,0.59105,0.34453,1,0.40123,0.36074,26.82572,0.75070,1,0.70339,0.38900,25.05603,0.75505,1,-0.02081,0.02249,0.55736,0.00464,1,0.18850,0.07898,2.49535,0.00441,0,0,0.00000,7
0.60856,0.34424,3250.85913,0.11304,6705,1,0.58140,0.37334,1,0.60105,0.30734,1,0.59122,0.34034,1,0.40099,0.36056,26.10758,0.75505,1,0.70337,0.38909,25.26361,0.75940,1,-0.02081,0.02249,0.55736,0.00470,1,0.19244,0.08021,2.54646,0.00440,0,0,0.00000,7
0.60826,0.34517,3250.85913,0.12109,6705,1,0.59562,0.37515,1,0.61010,0.34900,1,0.60286,0.36208,1,0.40084,0.36066,26.26328,0.75940,1,0.70308,0.38907,25.43500,0.75940,1,-0.02081,0.02249,0.55736,0.00467,1,0.19244,0.08021,2.54646,0.00437,0,0,0.00000,7
0.60689,0.34610,3250.85913,0.12695,6705,1,0.57707,0.38386,1,0.58494,0.34345,1,0.58101,0.36365,1,0.40062,0.36071,26.30389,0.75940,1,0.70287,0.38914,25.38696,0.75940,1,-0.02081,0.02249,0.55736,0.00467,1,0.19244,0.08021,2.54646,0.00440,0,0,0.00000,7
0.60564,0.34704,3250.85913,0.13379,6705,1,0.57707,0.38386,1,0.58413,0.34768,1,0.58060,0.36577,1,0.40042,0.36074,26.04717,0.75940,1,0.70266,0.38902,25.33121,0.75505,1,-0.02087,0.02230,0.55460,0.00467,1,0.18006,0.07573,2.39277,0.00438,0,0,0.00000,7
0.60467,0.34660,3250.85913,0.14038,6705,1,0.57749,0.35111,1,0.59107,0.32396,1,0.58428,0.33753,1,0.39977,0.36080,26.29775,0.75505,1,0.70215,0.38869,25.22297,0.75070,1,-0.02087,0.02230,0.55460,0.00463,1,0.18006,0.07573,2.39277,0.00441,0,0,0.00000,7
0.60356,0.34633,3250.85913,0.14648,6705,1,0.57202,0.36054,1,0.58605,0.31997,1,0.57903,0.34025,1,0.39961,0.36088,26.28242,0.75070,1,0.70188,0.38886,25.46170,0.74635,1,-0.02087,0.02230,0.55460,0.00464,1,0.18006,0.07573,2.39277,0.00441,0,0,0.00000,7
0.60252,0.34618,3250.85913,0.15332,6705,1,0.57208,0.36096,1,0.58521,0.32450,1,0.57865,0.34273,1,0.39898,0.36084,25.92170,0.75025,1,0.70142,0.38866,25.23182,0.74192,1,-0.02168,0.02280,0.56822,0.00463,1,0.04225,0.01752,0.55358,0.00438,1,0,0.00000,7
0.60157,0.34493,3250.85913,0.16040,6705,1,0.58393,0.33451,1,0.57389,0.29556,1,0.57891,0.31503,1,0.39840,0.36087,25.59051,0.74581,1,0.70072,0.38853,25.31955,0.74183,1,-0.02168,0.02280,0.56822,0.00473,1,0.04225,0.01752,0.55358,0.00439,1,0,0.00000,7
0.60018,0.34359,3250.85913,0.16943,6705,1,0.57107,0.33565,1,0.55973,0.28428,1,0.56540,0.30996,1,0.39800,0.36105,26.36595,0.74572,1,0.70040,0.38840,25.30326,0.74173,1,-0.02168,0.02280,0.56822,0.00466,1,0.04225,0.01752,0.55358,0.00442,1,0,0.00000,7
0.59889,0.34249,3250.85913,0.17578,6705,1,0.57163,0.33951,1,0.55911,0.28857,1,0.56537,0.31404,1,0.39743,0.36111,26.09200,0.74173,1,0.69977,0.38830,25.38825,0.73775,1,-0.02131,0.02206,0.55078,0.00466,1,0.04255,0.01787,0.56198,0.00438,1,0,0.00000,7
0.59789,0.34355,3250.85913,0.18018,6705,1,0.57805,0.36742,1,0.56367,0.37660,1,0.57086,0.37201,1,0.39668,0.36123,26.32701,0.73385,1,0.69911,0.38802,25.49768,0.73385,1,-0.02131,0.02206,0.55078,0.00464,1,0.04255,0.01787,0.56198,0.00438,1,0,0.00000,7
0.59701,0.34440,3250.85913,0.18750,6705,1,0.56793,0.37327,1,0.57674,0.36338,1,0.57234,0.36832,1,0.39632,0.36132,26.20235,0.72996,1,0.69876,0.38787,25.28693,0.72996,1,-0.02131,0.02206,0.55078,0.00465,1,0.04255,0.01787,0.56198,0.00442,1,0,0.00000,7
0.59619,0.34520,3250.85913,0.19434,6705,1,0.56793,0.37327,1,0.57674,0.36338,1,0.57234,0.36832,1,0.39567,0.36134,26.07295,0.72996,1,0.69817,0.38793,25.67233,0.72996,1,-0.02243,0.02282,0.56985,0.00469,1,0.04140,0.01761,0.55119,0.00436,1,0,0.00000,7
0.59528,0.34562,3250.85913,0.20117,6705,1,0.57375,0.37956,1,0.56242,0.33728,1,0.56808,0.35842,1,0.39496,0.36145,26.18606,0.73385,1,0.69746,0.38773,25.30371,0.73385,1,-0.02243,0.02282,0.56985,0.00464,1,0.04140,0.01761,0.55119,0.00440,1,0,0.00000,7
0.59459,0.34578,3250.85913,0.20776,6705,1,0.56058,0.37777,1,0.58597,0.32367,1,0.57327,0.35072,1,0.39473,0.36155,26.20490,0.73775,1,0.69718,0.38770,25.04776,0.73775,1,-0.02243,0.02282,0.56985,0.00465,1,0.04140,0.01761,0.55119,0.00440,1,0,0.00000,7
0.59396,0.34587,3250.85913,0.21460,6705,1,0.56058,0.37777,1,0.58674,0.31957,1,0.57366,0.34867,1,0.39407,0.36156,26.29114,0.73775,1,0.69664,0.38767,25.25212,0.74173,1,-0.02215,0.02224,0.55528,0.00465,1,0.04230,0.01812,0.56706,0.00436,1,0,0.00000,7
0.59289,0.34598,3250.85913,0.22266,6705,1,0.54986,0.38651,1,0.56555,0.31292,1,0.55770,0.34971,1,0.39338,0.36161,26.14956,0.73784,1,0.69592,0.38755,25.44661,0.74183,1,-0.02215,0.02224,0.55528,0.00465,1,0.04230,0.01812,0.56706,0.00436,1,0,0.00000,7
0.59180,0.34588,3250.85913,0.22754,6705,1,0.54546,0.39185,1,0.56362,0.29257,1,0.55454,0.34221,1,0.39312,0.36168,26.19707,0.73793,1,0.69578,0.38745,25.49035,0.74192,1,-0.02215,0.02224,0.55528,0.00467,1,0.04230,0.01812,0.56706,0.00440,1,0,0.00000,7
0.59075,0.34583,3250.85913,0.23413,6705,1,0.54544,0.39177,1,0.56299,0.29672,1,0.55422,0.34425,1,0.39270,0.36173,26.28137,0.73802,1,0.69538,0.38745,25.24530,0.73802,1,-0.02231,0.02207,0.55316,0.00464,1,0.04096,0.01763,0.55187,0.00436,1,0,0.00000,7
0.58980,0.34538,3250.85913,0.24072,6705,1,0.54832,0.35438,1,0.56264,0.30369,1,0.55548,0.32904,1,0.39230,0.36175,26.25546,0.73802,1,0.69480,0.38738,25.30942,0.73404,1,-0.02231,0.02207,0.55316,0.00464,1,0.04096,0.01763,0.55187,0.00437,1,0,0.00000,7
0.58882,0.34511,3250.85913,0.24780,6705,1,0.55280,0.36674,1,0.55264,0.30361,1,0.55272,0.33518,1,0.39189,0.36177,26.02971,0.73404,1,0.69465,0.38735,25.31342,0.73005,1,-0.02231,0.02207,0.55316,0.00460,1,0.04096,0.01763,0.55187,0.00437,1,0,0.00000,7
0.56316,0.35050,3250.85913,0.24780,6705,0,0.55347,0.37048,1,0.55204,0.30787,1,0.55275,0.33918,1,0.39168,0.36186,26.16050,0.73005,1,0.69426,0.38734,25.37153,0.72606,1,-0.02248,0.02207,0.55325,0.00464,1,0.04092,0.01769,0.55360,0.00438,1,0,0.00000,7
0.55328,0.35050,3250.85913,0.24780,6705,0,0.54616,0.38318,1,0.54063,0.31783,1,0.54339,0.35050,1,0.39149,0.36193,26.47158,0.72606,1,0.69397,0.38735,25.25819,0.72606,1,-0.02248,0.02207,0.55325,0.00464,1,0.04092,0.01769,0.55360,0.00440,1,0,0.00000,7
0.55017,0.34869,3250.85913,0.24780,6705,0,0.53504,0.37861,1,0.55284,0.31150,1,0.54394,0.34505,1,0.39124,0.36205,26.38119,0.72606,1,0.69389,0.38738,25.51043,0.72606,1,-0.02248,0.02207,0.55325,0.00461,1,0.04092,0.01769,0.55360,0.00435,1,0,0.00000,7
0.54861,0.34778,3251.11353,0.02026,6706,1,0.53504,0.37861,1,0.55284,0.31150,1,0.54394,0.34505,1,0.39111,0.36192,26.25167,0.72606,1,0.69358,0.38742,25.44564,0.72606,1,-0.02252,0.02191,0.55010,0.00466,1,0.04138,0.01796,0.56211,0.00436,1,0,0.00000,7
0.54543,0.34592,3251.11353,0.02637,6706,1,0.53348,0.35299,1,0.53190,0.32399,1,0.53269,0.33849,1,0.39082,0.36208,26.34722,0.72606,1,0.69338,0.38739,25.45571,0.72606,1,-0.02252,0.02191,0.55010,0.00466,1,0.04138,0.01796,0.56211,0.00439,1,0,0.00000,7
0.54402,0.34492,3251.11353,0.03296,6706,1,0.52756,0.35719,1,0.54637,0.32262,1,0.53696,0.33991,1,0.39074,0.36217,26.37523,0.72606,1,0.69326,0.38738,25.31507,0.72606,1,-0.02252,0.02191,0.55010,0.00464,1,0.04138,0.01796,0.56211,0.00436,1,0,0.00000,7
0.54305,0.34390,3251.11353,0.04028,6706,1,0.52756,0.35719,1,0.54694,0.31844,1,0.53725,0.33782,1,0.39062,0.36229,26.54687,0.72606,1,0.69321,0.38744,25.53029,0.73005,1,-0.02270,0.02205,0.55465,0.00465,1,0.04179,0.01816,0.56826,0.00436,1,0,0.00000,7
0.54182,0.34475,3251.11353,0.04639,6706,1,0.53088,0.37407,1,0.53557,0.32725,1,0.53323,0.35066,1,0.39039,0.36251,26.46194,0.73005,1,0.69294,0.38751,25.21980,0.73404,1,-0.02270,0.02205,0.55465,0.00464,1,0.04179,0.01816,0.56826,0.00439,1,0,0.00000,7
0.53971,0.34548,3251.11353,0.05322,6706,1,0.52467,0.37549,1,0.52099,0.32721,1,0.52283,0.35135,1,0.39034,0.36257,26.54025,0.73404,1,0.69287,0.38752,25.27599,0.73802,1,-0.02270,0.02205,0.55465,0.00464,1,0.04179,0.01816,0.56826,0.00440,1,0,0.00000,7
0.53800,0.34568,3251.11353,0.05981,6706,1,0.52386,0.37182,1,0.52143,0.32311,1,0.52264,0.34746,1,0.39018,0.36252,26.28838,0.73802,1,0.69274,0.38760,25.53314,0.74201,1,-0.02285,0.02210,0.55609,0.00467,1,0.04202,0.01829,0.57254,0.00435,1,0,0.00000,7
0.53634,0.34638,3251.11353,0.06689,6706,1,0.50808,0.38704,1,0.53121,0.31977,1,0.51964,0.35340,1,0.38998,0.36268,26.30684,0.74201,1,0.69265,0.38764,25.12170,0.74201,1,-0.02285,0.02210,0.55609,0.00465,1,0.04202,0.01829,0.57254,0.00440,1,0,0.00000,7
0.53500,0.34610,3251.11353,0.07300,6706,1,0.51910,0.35389,1,0.52143,0.33201,1,0.52026,0.34295,1,0.38994,0.36274,26.22576,0.74201,1,0.69257,0.38759,25.14567,0.74201,1,-0.02285,0.02210,0.55609,0.00466,1,0.04202,0.01829,0.57254,0.00437,1,0,0.00000,7
0.53385,0.34601,3251.11353,0.08008,6706,1,0.51910,0.35389,1,0.52100,0.33606,1,0.52005,0.34498,1,0.38968,0.36291,26.32759,0.74201,1,0.69236,0.38768,25.18951,0.73802,1,-0.02289,0.02199,0.55521,0.00462,1,0.04066,0.01772,0.55453,0.00434,1,0,0.00000,7
0.53233,0.34604,3251.11353,0.08813,6706,1,0.50140,0.34787,1,0.52386,0.34505,1,0.51263,0.34646,1,0.38949,0.36306,26.55165,0.73802,1,0.69212,0.38763,25.06817,0.73404,1,-0.02289,0.02199,0.55521,0.00464,1,0.04066,0.01772,0.55453,0.00441,1,0,0.00000,7
0.53119,0.34664,3251.11353,0.09448,6706,1,0.51520,0.35741,1,0.51526,0.35261,1,0.51523,0.35501,1,0.38935,0.36333,26.42598,0.73404,1,0.69207,0.38763,25.05352,0.73005,1,-0.02289,0.02199,0.55521,0.00464,1,0.04066,0.01772,0.55453,0.00442,1,0,0.00000,7
0.53022,0.34728,3251.11353,0.10034,6706,1,0.51606,0.36116,1,0.51526,0.35261,1,0.51566,0.35688,1,0.38928,0.36324,26.26571,0.73005,1,0.69193,0.38766,25.12640,0.73005,1,-0.02292,0.02185,0.55386,0.00463,1,0.04113,0.01798,0.56263,0.00440,1,0,0.00000,7
0.52879,0.34815,3251.11353,0.10693,6706,1,0.49454,0.38045,1,0.51718,0.34359,1,0.50586,0.36202,1,0.38896,0.36350,26.41519,0.73005,1,0.69176,0.38773,25.25827,0.73404,1,-0.02292,0.02185,0.55386,0.00459,1,0.04113,0.01798,0.56263,0.00441,1,0,0.00000,7
0.52694,0.34880,3251.11353,0.11377,6706,1,0.48222,0.37903,1,0.50892,0.34087,1,0.49557,0.35995,1,0.38886,0.36354,26.25550,0.73404,1,0.69159,0.38763,25.29345,0.73802,1,-0.02292,0.02185,0.55386,0.00464,1,0.04113,0.01798,0.56263,0.00437,1,0,0.00000,7
0.52526,0.34929,3251.11353,0.12085,6706,1,0.48118,0.37541,1,0.50892,0.34087,1,0.49505,0.35814,1,0.38872,0.36373,26.53076,0.73802,1,0.69141,0.38766,25.08106,0.73802,1,-0.02301,0.02186,0.55406,0.00463,1,0.04021,0.01760,0.55072,0.00440,1,0,0.00000,7
0.52471,0.35033,3251.11353,0.12744,6706,1,0.51346,0.39530,1,0.51504,0.34481,1,0.51425,0.37006,1,0.38852,0.36383,26.39772,0.73802,1,0.69124,0.38762,25.01847,0.73404,1,-0.02301,0.02186,0.55406,0.00462,1,0.04021,0.01760,0.55072,0.00439,1,0,0.00000,7
0.52369,0.35095,3251.11353,0.13452,6706,1,0.50138,0.37253,1,0.50519,0.35398,1,0.50329,0.36325,1,0.38848,0.36392,26.47804,0.73404,1,0.69113,0.38768,25.08796,0.73005,1,-0.02301,0.02186,0.55406,0.00464,1,0.04021,0.01760,0.55072,0.00437,1,0,0.00000,7
0.52279,0.35159,3251.11353,0.14087,6706,1,0.50232,0.37619,1,0.50519,0.35398,1,0.50375,0.36509,1,0.38827,0.36393,26.07062,0.73005,1,0.69112,0.38769,25.07616,0.73005,1,-0.02327,0.02190,0.55821,0.00469,1,0.04143,0.01815,0.56794,0.00441,1,0,0.00000,7
0.52206,0.35182,3251.11353,0.14771,6706,1,0.50282,0.34910,1,0.50936,0.36462,1,0.50609,0.35686,1,0.38844,0.36392,26.16758,0.73005,1,0.69136,0.38778,25.16182,0.73404,1,-0.02327,0.02190,0.55821,0.00468,1,0.04143,0.01815,0.56794,0.00441,1,0,0.00000,7
0.52314,0.35238,3251.11353,0.15356,6706,1,0.54333,0.34961,1,0.55265,0.38112,1,0.54799,0.36536,1,0.38923,0.36422,26.42380,0.73404,1,0.69202,0.38805,25.71002,0.73802,1,-0.02327,0.02190,0.55821,0.00467,1,0.04143,0.01815,0.56794,0.00441,1,0,0.00000,7
0.52414,0.35252,3251.11353,0.16064,6706,1,0.54191,0.34205,1,0.55447,0.36946,1,0.54819,0.35576,1,0.39024,0.36420,26.36914,0.74192,1,0.69291,0.38823,25.85002,0.75025,1,-0.02295,0.02191,0.55957,0.00470,1,0.17978,0.07928,2.49886,0.00446,0,0,0.00000,7
0.52703,0.35106,3251.11353,0.16772,6706,1,0.58812,0.34933,1,0.61054,0.27982,1,0.59933,0.31458,1,0.39201,0.36455,27.05548,0.75414,1,0.69421,0.38841,25.56016,0.75849,1,-0.02295,0.02191,0.55957,0.00470,1,0.17978,0.07928,2.49886,0.00443,0,0,0.00000,7
0.53041,0.34922,3251.11353,0.17456,6706,1,0.60841,0.33586,1,0.62781,0.26719,1,0.61811,0.30152,1,0.39219,0.36450,26.94694,0.76239,1,0.69445,0.38836,25.28795,0.76673,1,-0.02295,0.02191,0.55957,0.00467,1,0.17978,0.07928,2.49886,0.00444,0,0,0.00000,7
0.53353,0.34738,3251.11353,0.18213,6706,1,0.60766,0.32799,1,0.62779,0.26728,1,0.61772,0.29763,1,0.39263,0.36446,27.09240,0.77063,1,0.69482,0.38848,25.52254,0.76664,1,-0.02307,0.02218,0.56666,0.00466,1,0.04138,0.01783,0.56211,0.00438,1,0,0.00000,7
0.53617,0.34628,3251.11353,0.18896,6706,1,0.60135,0.34920,1,0.61917,0.28140,1,0.61026,0.31530,1,0.39254,0.36455,26.85563,0.76664,1,0.69467,0.38845,25.77389,0.75831,1,-0.02307,0.02218,0.56666,0.00468,1,0.04138,0.01783,0.56211,0.00438,1,0,0.00000,7
0.53858,0.34561,3251.11353,0.19702,6706,1,0.60002,0.36143,1,0.61690,0.29089,1,0.60846,0.32616,1,0.39249,0.36461,26.91266,0.75831,1,0.69467,0.38845,25.75440,0.74998,1,-0.02307,0.02218,0.56666,0.00468,1,0.04138,0.01783,0.56211,0.00438,1,0,0.00000,7
0.56553,0.33847,3251.11353,0.19702,6706,0,0.60088,0.36915,1,0.61690,0.29089,1,0.60889,0.33002,1,0.39242,0.36468,27.08735,0.74998,1,0.69469,0.38850,25.74659,0.74998,1,-0.02307,0.02218,0.56666,0.00466,1,0.18017,0.07894,2.49408,0.00438,0,0,0.00000,7
0.58329,0.33737,3251.11353,0.19702,6706,0,0.60134,0.38003,1,0.60076,0.29252,1,0.60105,0.33628,1,0.39253,0.36475,27.10871,0.74998,1,0.69479,0.38857,25.72955,0.75831,1,-0.02307,0.02218,0.56666,0.00468,1,0.18017,0.07894,2.49408,0.00440,0,0,0.00000,7
0.58622,0.33528,3251.11353,0.19702,6706,0,0.57576,0.37099,1,0.60844,0.29124,1,0.59210,0.33111,1,0.39254,0.36481,27.03107,0.75831,1,0.69487,0.38859,25.56734,0.76664,1,-0.02307,0.02218,0.56666,0.00467,1,0.18017,0.07894,2.49408,0.00443,0,0,0.00000,7
0.58762,0.33373,3251.31641,0.01831,6707,1,0.57517,0.36696,1,0.60845,0.29114,1,0.59181,0.32905,1,0.39260,0.36486,26.93512,0.76275,1,0.69482,0.38866,25.68698,0.76673,1,-0.02248,0.02166,0.55325,0.00468,1,0.04216,0.01807,0.57090,0.00442,1,0,0.00000,7
0.58419,0.33502,3251.31641,0.02515,6707,1,0.55696,0.36798,1,0.58396,0.31241,1,0.57046,0.34020,1,0.39265,0.36487,27.12126,0.76284,1,0.69484,0.38877,25.78946,0.75849,1,-0.02248,0.02166,0.55325,0.00468,1,0.04216,0.01807,0.57090,0.00439,1,0,0.00000,7
0.58315,0.33774,3251.31641,0.03174,6707,1,0.57039,0.37452,1,0.58550,0.32821,1,0.57795,0.35137,1,0.39269,0.36479,26.96073,0.75460,1,0.69492,0.38879,25.65535,0.75025,1,-0.02248,0.02166,0.55325,0.00469,1,0.04216,0.01807,0.57090,0.00440,1,0,0.00000,7
0.58239,0.34028,3251.31641,0.03882,6707,1,0.57100,0.37847,1,0.58468,0.33258,1,0.57784,0.35552,1,0.39258,0.36455,26.51422,0.75025,1,0.69499,0.38880,25.76693,0.74590,1,-0.02305,0.02225,0.56830,0.00466,1,0.04221,0.01805,0.57043,0.00441,1,0,0.00000,7
0.58163,0.34151,3251.31641,0.04517,6707,1,0.57872,0.37204,1,0.57395,0.32820,1,0.57634,0.35012,1,0.39269,0.36449,26.41700,0.74980,1,0.69517,0.38879,25.61893,0.74980,1,-0.02305,0.02225,0.56830,0.00469,1,0.04221,0.01805,0.57043,0.00442,1,0,0.00000,7
0.58239,0.34194,3251.31641,0.05176,6707,1,0.58857,0.36549,1,0.58833,0.32525,1,0.58845,0.34537,1,0.39274,0.36440,26.41297,0.75369,1,0.69521,0.38875,25.60675,0.75369,1,-0.02305,0.02225,0.56830,0.00469,1,0.04221,0.01805,0.57043,0.00441,1,0,0.00000,7
0.58300,0.34228,3251.31641,0.05835,6707,1,0.58857,0.36549,1,0.58833,0.32525,1,0.58845,0.34537,1,0.39288,0.36433,26.42776,0.75369,1,0.69530,0.38867,25.29468,0.75369,1,-0.02231,0.02166,0.55316,0.00468,1,0.04160,0.01776,0.56109,0.00445,1,0,0.00000,7
0.58137,0.34221,3251.31641,0.06445,6707,1,0.55492,0.35043,1,0.57535,0.33248,1,0.56514,0.34145,1,0.39303,0.36421,26.51771,0.74980,1,0.69561,0.38876,25.40233,0.74980,1,-0.02231,0.02166,0.55316,0.00471,1,0.04160,0.01776,0.56109,0.00444,1,0,0.00000,7
0.58056,0.34224,3251.31641,0.07104,6707,1,0.56152,0.35054,1,0.58181,0.33453,1,0.57167,0.34253,1,0.39309,0.36417,26.50378,0.74590,1,0.69564,0.38879,25.43956,0.74590,1,-0.02231,0.02166,0.55316,0.00469,1,0.04160,0.01776,0.56109,0.00441,1,0,0.00000,7
0.57991,0.34209,3251.31641,0.07837,6707,1,0.56152,0.35054,1,0.58261,0.33017,1,0.57207,0.34036,1,0.39327,0.36424,26.92112,0.74590,1,0.69569,0.38881,25.64137,0.75025,1,-0.02264,0.02210,0.56441,0.00464,1,0.18085,0.07859,2.48304,0.00440,0,0,0.00000,7
0.57958,0.34120,3251.31641,0.08472,6707,1,0.56337,0.32957,1,0.58715,0.32975,1,0.57526,0.32966,1,0.39341,0.36417,26.90526,0.75414,1,0.69590,0.38892,25.59291,0.75849,1,-0.02264,0.02210,0.56441,0.00470,1,0.18085,0.07859,2.48304,0.00444,0,0,0.00000,7
0.57840,0.34141,3251.31641,0.09155,6707,1,0.56256,0.35946,1,0.56124,0.32914,1,0.56190,0.34430,1,0.39362,0.36409,26.81910,0.76239,1,0.69599,0.38897,25.58348,0.76673,1,-0.02264,0.02210,0.56441,0.00465,1,0.18085,0.07859,2.48304,0.00441,0,0,0.00000,7
0.57733,0.34136,3251.31641,0.09839,6707,1,0.56133,0.35192,1,0.56122,0.32923,1,0.56128,0.34058,1,0.39368,0.36395,26.52086,0.77063,1,0.69620,0.38896,25.33418,0.76664,1,-0.02281,0.02244,0.57093,0.00470,1,0.04153,0.01764,0.55725,0.00444,1,0,0.00000,7
0.57623,0.34188,3251.31641,0.10474,6707,1,0.55665,0.34879,1,0.56069,0.35161,1,0.55867,0.35020,1,0.39400,0.36380,26.35171,0.76664,1,0.69640,0.38890,25.74298,0.75831,1,-0.02281,0.02244,0.57093,0.00468,1,0.04153,0.01764,0.55725,0.00441,1,0,0.00000,7
0.57492,0.34355,3251.31641,0.11157,6707,1,0.54245,0.38712,1,0.56294,0.35682,1,0.55269,0.37197,1,0.39402,0.36394,26.64979,0.75831,1,0.69655,0.38910,25.46781,0.74998,1,-0.02281,0.02244,0.57093,0.00467,1,0.04153,0.01764,0.55725,0.00441,1,0,0.00000,7
0.57376,0.34564,3251.31641,0.11938,6707,1,0.54460,0.39789,1,0.56098,0.36867,1,0.55279,0.38328,1,0.39412,0.36377,26.25968,0.74608,1,0.69664,0.38914,25.22229,0.73775,1,-0.02196,0.02172,0.55278,0.00464,1,0.04140,0.01751,0.55336,0.00442,1,0,0.00000,7
0.57245,0.34701,3251.31641,0.12476,6707,1,0.54130,0.39821,1,0.55388,0.34765,1,0.54759,0.37293,1,0.39437,0.36363,26.17137,0.73385,1,0.69685,0.38924,25.30176,0.73385,1,-0.02196,0.02172,0.55278,0.00478,1,0.04140,0.01751,0.55336,0.00446,1,0,0.00000,7
0.57160,0.34775,3251.31641,0.13159,6707,1,0.54855,0.40203,1,0.56051,0.32316,1,0.55453,0.36260,1,0.39444,0.36367,26.22376,0.72996,1,0.69692,0.38933,25.32192,0.72996,1,-0.02196,0.02172,0.55278,0.00478,1,0.04140,0.01751,0.55336,0.00441,1,0,0.00000,7
0.57084,0.34833,3251.31641,0.13843,6707,1,0.54855,0.40203,1,0.56116,0.31901,1,0.55485,0.36052,1,0.39452,0.36370,26.46415,0.72996,1,0.69694,0.38945,25.61399,0.73394,1,-0.02215,0.02212,0.56063,0.00472,1,0.04218,0.01766,0.56317,0.00441,1,0,0.00000,7
0.56951,0.34864,3251.31641,0.14551,6707,1,0.53274,0.39457,1,0.54781,0.31641,1,0.54027,0.35549,1,0.39466,0.36362,26.44053,0.73784,1,0.69708,0.38950,25.58886,0.74183,1,-0.02215,0.02212,0.56063,0.00470,1,0.04218,0.01766,0.56317,0.00437,1,0,0.00000,7
0.56877,0.34879,3251.31641,0.15210,6707,1,0.54557,0.38454,1,0.55800,0.32002,1,0.55179,0.35228,1,0.39478,0.36365,26.55531,0.74572,1,0.69722,0.38962,25.65290,0.74971,1,-0.02215,0.02212,0.56063,0.00469,1,0.04218,0.01766,0.56317,0.00439,1,0,0.00000,7
0.56809,0.34878,3251.31641,0.15869,6707,1,0.54488,0.38096,1,0.55861,0.31596,1,0.55175,0.34846,1,0.39486,0.36367,26.63537,0.74971,1,0.69723,0.38968,25.38912,0.75369,1,-0.02191,0.02192,0.55563,0.00469,1,0.04402,0.01839,0.58655,0.00440,1,0,0.00000,7
0.56685,0.34889,3251.31641,0.16528,6707,1,0.52789,0.37561,1,0.54401,0.32787,1,0.53595,0.35174,1,0.39496,0.36357,26.62595,0.74980,1,0.69731,0.38973,25.58027,0.74980,1,-0.02191,0.02192,0.55563,0.00472,1,0.04402,0.01839,0.58655,0.00438,1,0,0.00000,7
0.56584,0.34914,3251.31641,0.17163,6707,1,0.53162,0.37141,1,0.54739,0.33998,1,0.53951,0.35569,1,0.39496,0.36354,26.59535,0.74590,1,0.69739,0.38978,25.41372,0.74590,1,-0.02191,0.02192,0.55563,0.00471,1,0.04402,0.01839,0.58655,0.00440,1,0,0.00000,7
0.56489,0.34958,3251.31641,0.17993,6707,1,0.53237,0.37497,1,0.54628,0.34784,1,0.53933,0.36141,1,0.39489,0.36352,26.45206,0.74201,1,0.69745,0.38972,25.22793,0.73802,1,-0.02172,0.02181,0.55284,0.00468,1,0.04168,0.01739,0.55485,0.00442,1,0,0.00000,7
0.56403,0.35045,3251.31641,0.18677,6707,1,0.53298,0.38863,1,0.54684,0.36061,1,0.53991,0.37462,1,0.39509,0.36361,26.61688,0.73802,1,0.69747,0.38985,25.51355,0.73404,1,-0.02172,0.02181,0.55284,0.00471,1,0.04168,0.01739,0.55485,0.00442,1,0,0.00000,7
0.56280,0.35146,3251.31641,0.19312,6707,1,0.53541,0.38734,1,0.51896,0.37426,1,0.52718,0.38080,1,0.39499,0.36365,26.81056,0.73404,1,0.69754,0.38990,25.35153,0.73005,1,-0.02172,0.02181,0.55284,0.00468,1,0.04168,0.01739,0.55485,0.00440,1,0,0.00000,7
0.56167,0.35246,3251.31641,0.19849,6707,1,0.53617,0.39096,1,0.51896,0.37426,1,0.52757,0.38261,1,0.39493,0.36361,26.54143,0.73005,1,0.69750,0.38996,25.50323,0.73005,1,-0.02172,0.02181,0.55284,0.00467,1,0.04365,0.01820,0.58051,0.00440,1,0,0.00000,7
0.56054,0.35368,3251.31641,0.20581,6707,1,0.53138,0.39861,1,0.51980,0.38412,1,0.52559,0.39136,1,0.39493,0.36361,26.54143,0.73005,1,0.69752,0.39005,25.21750,0.73404,1,-0.02172,0.02181,0.55284,0.00467,1,0.04365,0.01820,0.58051,0.00442,1,0,0.00000,7
0.55993,0.35469,3251.31641,0.21216,6707,1,0.54689,0.39534,1,0.53412,0.37913,1,0.54051,0.38723,1,0.39513,0.36365,26.51330,0.73404,1,0.69762,0.39011,25.49490,0.73802,1,-0.02172,0.02181,0.55284,0.00473,1,0.04365,0.01820,0.58051,0.00441,1,0,0.00000,7
0.55935,0.35560,3251.31641,0.21899,6707,1,0.54619,0.39176,1,0.53412,0.37913,1,0.54016,0.38544,1,0.39545,0.36361,26.58452,0.73802,1,0.69802,0.39014,25.42970,0.73802,1,-0.02161,0.02187,0.55435,0.00470,1,0.04161,0.01721,0.55174,0.00438,1,0,0.00000,7
0.55966,0.35528,3251.31641,0.22583,6707,1,0.56239,0.38229,1,0.57830,0.30642,1,0.57034,0.34436,1,0.39670,0.36344,26.15904,0.73802,1,0.69916,0.39045,25.46644,0.73404,1,-0.02161,0.02187,0.55435,0.00475,1,0.04161,0.01721,0.55174,0.00438,1,0,0.00000,7
0.56096,0.35505,3251.31641,0.23267,6707,1,0.59153,0.37917,1,0.62083,0.31498,1,0.60618,0.34707,1,0.39752,0.36365,27.02624,0.73404,1,0.69971,0.39040,25.18758,0.73005,1,-0.02161,0.02187,0.55435,0.00469,1,0.04161,0.01721,0.55174,0.00437,1,0,0.00000,7
0.56221,0.35472,3251.31641,0.24072,6707,1,0.59155,0.37925,1,0.62280,0.30636,1,0.60717,0.34280,1,0.39829,0.36362,27.13569,0.73394,1,0.70031,0.39044,25.14112,0.73829,1,-0.02195,0.02252,0.57084,0.00468,1,0.18498,0.07726,2.48832,0.00440,0,0,0.00000,7
0.56324,0.35409,3251.31641,0.24561,6707,1,0.58845,0.36359,1,0.61462,0.29834,1,0.60153,0.33097,1,0.39854,0.36361,27.25947,0.74219,1,0.70044,0.39054,25.19028,0.75052,1,-0.02195,0.02252,0.57084,0.00471,1,0.18498,0.07726,2.48832,0.00437,0,0,0.00000,7
0.56458,0.35324,3251.31641,0.25220,6707,1,0.59708,0.35749,1,0.63354,0.28446,1,0.61531,0.32097,1,0.39831,0.36359,27.05195,0.75442,1,0.70036,0.39051,25.14267,0.76275,1,-0.02195,0.02252,0.57084,0.00471,1,0.18498,0.07726,2.48832,0.00437,0,0,0.00000,7
0.56584,0.35224,3251.31641,0.26025,6707,1,0.59577,0.34606,1,0.63448,0.28042,1,0.61513,0.31324,1,0.39821,0.36359,27.12033,0.76664,1,0.70022,0.39047,25.25169,0.76664,1,-0.02178,0.02225,0.56402,0.00467,1,0.04209,0.01730,0.55587,0.00436,1,0,0.00000,7
0.56678,0.35124,3251.31641,0.26685,6707,1,0.59620,0.34340,1,0.61275,0.27903,1,0.60447,0.31122,1,0.39796,0.36359,27.18101,0.76664,1,0.70000,0.39049,25.25530,0.75831,1,-0.02178,0.02225,0.56402,0.00471,1,0.04209,0.01730,0.55587,0.00436,1,0,0.00000,7
0.56747,0.35058,3251.31641,0.27295,6707,1,0.59075,0.35276,1,0.60090,0.29374,1,0.59582,0.32325,1,0.39765,0.36332,26.45037,0.75831,1,0.70003,0.39048,25.05980,0.74998,1,-0.02178,0.02225,0.56402,0.00472,1,0.04209,0.01730,0.55587,0.00438,1,0,0.00000,7
0.56812,0.35013,3251.31641,0.27954,6707,1,0.59170,0.36055,1,0.59917,0.30248,1,0.59543,0.33151,1,0.39771,0.36364,27.22089,0.74998,1,0.69976,0.39043,25.40472,0.74164,1,-0.02194,0.02233,0.56613,0.00469,1,0.04255,0.01745,0.56198,0.00433,1,0,0.00000,7
0.56873,0.34980,3251.31641,0.28613,6707,1,0.58943,0.36821,1,0.60060,0.30310,1,0.59502,0.33566,1,0.39710,0.36329,26.46296,0.74164,1,0.69956,0.39034,25.07769,0.74164,1,-0.02194,0.02233,0.56613,0.00466,1,0.04255,0.01745,0.56198,0.00437,1,0,0.00000,7
0.59574,0.33577,3251.31641,0.28613,6707,0,0.59544,0.37596,1,0.60922,0.30950,1,0.60233,0.34273,1,0.39705,0.36334,26.57533,0.74164,1,0.69941,0.39044,25.13063,0.74164,1,-0.02194,0.02233,0.56613,0.00468,1,0.04255,0.01745,0.56198,0.00437,1,0,0.00000,7
0.59904,0.33925,3251.31641,0.28613,6707,0,0.59544,0.37596,1,0.60922,0.30950,1,0.60233,0.34273,1,0.39703,0.36365,27.07004,0.74164,1,0.69919,0.39049,25.27408,0.74164,1,-0.02194,0.02216,0.56181,0.00468,1,0.04209,0.01737,0.55805,0.00437,1,0,0.00000,7
0.59494,0.34039,3251.31641,0.28613,6707,0,0.56842,0.38685,1,0.60509,0.29852,1,0.58676,0.34268,1,0.39647,0.36355,26.49810,0.74164,1,0.69889,0.39045,25.05639,0.74164,1,-0.02194,0.02216,0.56181,0.00469,1,0.04209,0.01737,0.55805,0.00437,1,0,0.00000,7
0.59193,0.34379,3251.60938,0.02026,6708,1,0.57521,0.39235,1,0.59055,0.31557,1,0.58288,0.35396,1,0.39629,0.36356,26.31203,0.74164,1,0.69867,0.39046,25.18343,0.74164,1,-0.02194,0.02216,0.56181,0.00470,1,0.04209,0.01737,0.55805,0.00436,1,0,0.00000,7
0.59012,0.34582,3251.60938,0.02686,6708,1,0.57521,0.39235,1,0.59055,0.31557,1,0.58288,0.35396,1,0.39599,0.36363,26.27250,0.74164,1,0.69849,0.39052,25.16339,0.74164,1,-0.02243,0.02248,0.56985,0.00475,1,0.04140,0.01711,0.55119,0.00437,1,0,0.00000,7
0.58661,0.34383,3251.60938,0.03345,6708,1,0.56082,0.35977,1,0.57730,0.30793,1,0.56906,0.33385,1,0.39558,0.36372,26.46200,0.74164,1,0.69814,0.39046,25.08252,0.74164,1,-0.02243,0.02248,0.56985,0.00473,1,0.04140,0.01711,0.55119,0.00437,1,0,0.00000,7
0.58470,0.34331,3251.60938,0.04004,6708,1,0.56170,0.36946,1,0.58476,0.31092,1,0.57323,0.34019,1,0.39541,0.36377,26.44893,0.74164,1,0.69785,0.39053,25.34859,0.74164,1,-0.02243,0.02248,0.56985,0.00467,1,0.04140,0.01711,0.55119,0.00435,1,0,0.00000,7
0.58331,0.34266,3251.60938,0.04688,6708,1,0.56170,0.36946,1,0.58551,0.30678,1,0.57361,0.33812,1,0.39511,0.36378,26.20847,0.74164,1,0.69760,0.39054,25.27278,0.74563,1,-0.02215,0.02203,0.56063,0.00474,1,0.04218,0.01749,0.56317,0.00437,1,0,0.00000,7
0.58138,0.34198,3251.60938,0.05347,6708,1,0.55857,0.37337,1,0.57336,0.29976,1,0.56596,0.33657,1,0.39474,0.36392,26.67402,0.74563,1,0.69719,0.39040,25.33955,0.74962,1,-0.02215,0.02203,0.56063,0.00468,1,0.04218,0.01749,0.56317,0.00438,1,0,0.00000,7
0.58057,0.34046,3251.60938,0.06030,6708,1,0.55976,0.36369,1,0.58670,0.28988,1,0.57323,0.32678,1,0.39455,0.36395,26.58550,0.74962,1,0.69706,0.39049,25.26209,0.75360,1,-0.02215,0.02203,0.56063,0.00470,1,0.04218,0.01749,0.56317,0.00436,1,0,0.00000,7
0.57994,0.33900,3251.60938,0.06689,6708,1,0.55975,0.36360,1,0.58754,0.28522,1,0.57364,0.32441,1,0.39417,0.36390,26.44358,0.74971,1,0.69671,0.39045,25.35579,0.75804,1,-0.02221,0.02184,0.55679,0.00465,1,0.18276,0.07758,2.49860,0.00435,0,0,0.00000,7
0.57826,0.33781,3251.60938,0.07324,6708,1,0.54452,0.36223,1,0.57499,0.28715,1,0.55975,0.32469,1,0.39381,0.36394,26.36968,0.75414,1,0.69633,0.39038,25.55993,0.75849,1,-0.02221,0.02184,0.55679,0.00470,1,0.18276,0.07758,2.49860,0.00435,0,0,0.00000,7
0.57768,0.33462,3251.60938,0.07983,6708,1,0.55651,0.32622,1,0.58505,0.26646,1,0.57078,0.29634,1,0.39364,0.36400,26.45835,0.75460,1,0.69626,0.39033,25.47873,0.75895,1,-0.02221,0.02184,0.55679,0.00470,1,0.18276,0.07758,2.49860,0.00437,0,0,0.00000,7
0.57719,0.33185,3251.60938,0.08643,6708,1,0.55644,0.32578,1,0.58514,0.26598,1,0.57079,0.29588,1,0.39327,0.36400,26.29033,0.75505,1,0.69583,0.39030,25.45991,0.75940,1,-0.02218,0.02161,0.55196,0.00473,1,0.18026,0.07704,2.47516,0.00437,0,0,0.00000,7
0.57576,0.32978,3251.60938,0.09302,6708,1,0.53872,0.32160,1,0.57272,0.27989,1,0.55572,0.30074,1,0.39297,0.36409,26.20206,0.75940,1,0.69560,0.39030,25.28799,0.75940,1,-0.02218,0.02161,0.55196,0.00470,1,0.18026,0.07704,2.47516,0.00436,0,0,0.00000,7
0.57503,0.32820,3251.60938,0.09961,6708,1,0.54456,0.34065,1,0.58364,0.26844,1,0.56410,0.30455,1,0.39276,0.36416,26.43324,0.75940,1,0.69544,0.39028,25.52415,0.75940,1,-0.02218,0.02161,0.55196,0.00465,1,0.18026,0.07704,2.47516,0.00436,0,0,0.00000,7
0.57439,0.32681,3251.60938,0.10742,6708,1,0.54456,0.34065,1,0.58364,0.26844,1,0.56410,0.30455,1,0.39242,0.36419,26.27982,0.75940,1,0.69509,0.39026,25.37344,0.75940,1,-0.02234,0.02161,0.55189,0.00466,1,0.18044,0.07724,2.48750,0.00438,0,0,0.00000,7
0.57330,0.32722,3251.60938,0.11353,6708,1,0.53670,0.34556,1,0.57297,0.32298,1,0.55484,0.33427,1,0.39215,0.36426,26.49275,0.75940,1,0.69479,0.39032,25.39529,0.75940,1,-0.02234,0.02161,0.55189,0.00468,1,0.18044,0.07724,2.48750,0.00436,0,0,0.00000,7
0.57212,0.32756,3251.60938,0.12012,6708,1,0.54722,0.34908,1,0.55451,0.31814,1,0.55087,0.33361,1,0.39191,0.36434,26.35727,0.75940,1,0.69465,0.39032,25.48493,0.75940,1,-0.02234,0.02161,0.55189,0.00467,1,0.18044,0.07724,2.48750,0.00438,0,0,0.00000,7
0.57104,0.32778,3251.60938,0.12720,6708,1,0.54656,0.34547,1,0.55445,0.31860,1,0.55050,0.33203,1,0.39171,0.36436,26.41073,0.76329,1,0.69431,0.39020,25.13598,0.75895,1,-0.02307,0.02218,0.56666,0.00465,1,0.04134,0.01747,0.55983,0.00439,1,0,0.00000,7
0.56957,0.32880,3251.60938,0.13354,6708,1,0.53350,0.34402,1,0.54684,0.35426,1,0.54017,0.34914,1,0.39135,0.36431,26.30564,0.76284,1,0.69397,0.39018,25.56015,0.75849,1,-0.02307,0.02218,0.56666,0.00470,1,0.04134,0.01747,0.55983,0.00438,1,0,0.00000,7
0.56828,0.32983,3251.60938,0.14038,6708,1,0.52524,0.34831,1,0.55721,0.35454,1,0.54122,0.35142,1,0.39117,0.36439,26.27366,0.76239,1,0.69392,0.39001,25.25368,0.75804,1,-0.02307,0.02218,0.56666,0.00466,1,0.04134,0.01747,0.55983,0.00440,1,0,0.00000,7
0.56709,0.33103,3251.60938,0.14697,6708,1,0.52609,0.35231,1,0.55595,0.36256,1,0.54102,0.35744,1,0.39099,0.36438,26.43167,0.75804,1,0.69375,0.39000,25.52306,0.74971,1,-0.02270,0.02171,0.55465,0.00470,1,0.04138,0.01762,0.56211,0.00440,1,0,0.00000,7
0.56680,0.33201,3251.60938,0.15479,6708,1,0.55931,0.34790,1,0.56068,0.36105,1,0.56000,0.35447,1,0.39150,0.36419,26.48490,0.74581,1,0.69412,0.39001,25.52748,0.74183,1,-0.02270,0.02171,0.55465,0.00471,1,0.04138,0.01762,0.56211,0.00436,1,0,0.00000,7
0.56761,0.33260,3251.60938,0.16064,6708,1,0.58894,0.34474,1,0.58525,0.34913,1,0.58710,0.34694,1,0.39169,0.36406,26.41713,0.73793,1,0.69436,0.38994,25.51919,0.73395,1,-0.02270,0.02171,0.55465,0.00468,1,0.04138,0.01762,0.56211,0.00438,1,0,0.00000,7
0.56837,0.33323,3251.60938,0.16748,6708,1,0.58942,0.34861,1,0.58525,0.34913,1,0.58734,0.34887,1,0.39203,0.36394,26.52469,0.73395,1,0.69472,0.38989,25.07767,0.73395,1,-0.02339,0.02254,0.57456,0.00470,1,0.04216,0.01790,0.57090,0.00441,1,0,0.00000,7
0.56925,0.33352,3251.60938,0.17383,6708,1,0.59581,0.34472,1,0.58856,0.33728,1,0.59219,0.34100,1,0.39218,0.36396,26.50233,0.73784,1,0.69473,0.38987,25.03657,0.74183,1,-0.02339,0.02254,0.57456,0.00471,1,0.04216,0.01790,0.57090,0.00441,1,0,0.00000,7
0.56988,0.33340,3251.60938,0.18042,6708,1,0.57599,0.33212,1,0.59776,0.32858,1,0.58688,0.33035,1,0.39190,0.36386,26.11568,0.74572,1,0.69447,0.38977,25.13110,0.74971,1,-0.02339,0.02254,0.57456,0.00467,1,0.04216,0.01790,0.57090,0.00439,1,0,0.00000,7
0.57047,0.33316,3251.60938,0.18701,6708,1,0.57546,0.32824,1,0.59858,0.32458,1,0.58702,0.32641,1,0.39192,0.36413,26.78436,0.74971,1,0.69421,0.38974,25.41640,0.75369,1,-0.02252,0.02158,0.55010,0.00471,1,0.04197,0.01789,0.57073,0.00438,1,0,0.00000,7
0.57109,0.33299,3251.60938,0.19385,6708,1,0.58877,0.33180,1,0.58914,0.32428,1,0.58895,0.32804,1,0.39147,0.36410,26.67755,0.74980,1,0.69396,0.38980,25.53002,0.74980,1,-0.02252,0.02158,0.55010,0.00469,1,0.04197,0.01789,0.57073,0.00439,1,0,0.00000,7
0.57139,0.33311,3251.60938,0.20044,6708,1,0.58459,0.34172,1,0.57604,0.33183,1,0.58032,0.33678,1,0.39135,0.36415,26.66514,0.74590,1,0.69385,0.38977,25.38423,0.74590,1,-0.02252,0.02158,0.55010,0.00467,1,0.04197,0.01789,0.57073,0.00436,1,0,0.00000,7
0.57165,0.33329,3251.60938,0.20679,6708,1,0.58459,0.34172,1,0.57534,0.33584,1,0.57996,0.33878,1,0.39099,0.36407,26.39158,0.74590,1,0.69357,0.38967,25.24771,0.74192,1,-0.02362,0.02247,0.57390,0.00472,1,0.04066,0.01738,0.55453,0.00440,1,0,0.00000,7
0.57140,0.33382,3251.60938,0.21436,6708,1,0.55421,0.34915,1,0.57253,0.35239,1,0.56337,0.35077,1,0.39080,0.36420,26.39317,0.74581,1,0.69332,0.38981,25.60210,0.74183,1,-0.02362,0.02247,0.57390,0.00470,1,0.04066,0.01738,0.55453,0.00439,1,0,0.00000,7
0.57177,0.33440,3251.60938,0.22070,6708,1,0.58740,0.35987,1,0.58049,0.34688,1,0.58394,0.35337,1,0.39068,0.36422,26.59233,0.74572,1,0.69316,0.38989,25.12814,0.74173,1,-0.02362,0.02247,0.57390,0.00470,1,0.04066,0.01738,0.55453,0.00441,1,0,0.00000,7
0.57214,0.33493,3251.60938,0.22705,6708,1,0.58788,0.36361,1,0.58129,0.34257,1,0.58458,0.35309,1,0.39052,0.36434,26.28658,0.74173,1,0.69292,0.38981,25.15024,0.74608,1,-0.02298,0.02175,0.55543,0.00473,1,0.17856,0.07814,2.49252,0.00441,0,0,0.00000,7
0.57213,0.33563,3251.60938,0.23364,6708,1,0.56524,0.37155,1,0.57876,0.34903,1,0.57200,0.36029,1,0.39021,0.36444,26.41496,0.74219,1,0.69261,0.38985,25.45910,0.75052,1,-0.02298,0.02175,0.55543,0.00469,1,0.17856,0.07814,2.49252,0.00436,0,0,0.00000,7
0.57179,0.33646,3251.60938,0.24023,6708,1,0.55138,0.38054,1,0.56741,0.35162,1,0.55939,0.36608,1,0.39008,0.36450,26.22939,0.74663,1,0.69248,0.38991,25.27029,0.75496,1,-0.02298,0.02175,0.55543,0.00469,1,0.17856,0.07814,2.49252,0.00441,0,0,0.00000,7
0.57145,0.33723,3251.60938,0.24878,6708,1,0.55064,0.37652,1,0.56677,0.35539,1,0.55870,0.36596,1,0.38988,0.36454,26.28240,0.75106,1,0.69229,0.38994,25.34218,0.75106,1,-0.02301,0.02169,0.55406,0.00469,1,0.04021,0.01727,0.55072,0.00440,1,0,0.00000,7
0.57124,0.33816,3251.60938,0.25415,6708,1,0.55514,0.38784,1,0.57167,0.35876,1,0.56341,0.37330,1,0.38957,0.36463,26.25274,0.75106,1,0.69204,0.38994,25.45315,0.74273,1,-0.02301,0.02169,0.55406,0.00472,1,0.04021,0.01727,0.55072,0.00440,1,0,0.00000,7
0.57113,0.33897,3251.60938,0.26074,6708,1,0.57481,0.36578,1,0.55918,0.37576,1,0.56699,0.37077,1,0.38950,0.36471,26.28486,0.74273,1,0.69200,0.39002,25.02679,0.73440,1,-0.02301,0.02169,0.55406,0.00467,1,0.04021,0.01727,0.55072,0.00441,1,0,0.00000,7
0.57105,0.33975,3251.60938,0.26733,6708,1,0.57542,0.36992,1,0.55980,0.37200,1,0.56761,0.37096,1,0.38934,0.36475,26.12792,0.73829,1,0.69179,0.39013,25.38756,0.73829,1,-0.02359,0.02203,0.56485,0.00474,1,0.17876,0.07836,2.50547,0.00436,0,0,0.00000,7
0.57084,0.33960,3251.60938,0.27417,6708,1,0.55706,0.33908,1,0.56745,0.32746,1,0.56226,0.33327,1,0.38919,0.36496,26.36548,0.74219,1,0.69161,0.39024,25.38408,0.75052,1,-0.02359,0.02203,0.56485,0.00472,1,0.17876,0.07836,2.50547,0.00437,0,0,0.00000,7
0.57085,0.33888,3251.60938,0.28076,6708,1,0.56128,0.33589,1,0.58108,0.28167,1,0.57118,0.30878,1,0.38932,0.36508,26.63202,0.75442,1,0.69175,0.39038,25.43399,0.76275,1,-0.02359,0.02203,0.56485,0.00468,1,0.17876,0.07836,2.50547,0.00440,0,0,0.00000,7
0.57084,0.33802,3251.60938,0.28809,6708,1,0.55942,0.32422,1,0.58178,0.27759,1,0.57060,0.30091,1,0.38953,0.36518,26.36120,0.76664,1,0.69207,0.39052,25.42218,0.76664,1,-0.02310,0.02165,0.55721,0.00471,1,0.04021,0.01710,0.55072,0.00439,1,0,0.00000,7
0.57208,0.33803,3251.60938,0.29517,6708,1,0.60536,0.35070,1,0.64812,0.32647,1,0.62674,0.33859,1,0.39134,0.36564,27.08012,0.76664,1,0.69350,0.39085,25.47408,0.75831,1,-0.02310,0.02165,0.55721,0.00472,1,0.04021,0.01710,0.55072,0.00439,1,0,0.00000,7
0.57377,0.33834,3251.60938,0.30127,6708,1,0.64840,0.36179,1,0.65058,0.34291,1,0.64949,0.35235,1,0.39206,0.36556,26.92705,0.75831,1,0.69401,0.39094,25.26602,0.74998,1,-0.02310,0.02165,0.55721,0.00473,1,0.04021,0.01710,0.55072,0.00440,1,0,0.00000,7
0.57536,0.33885,3251.60938,0.30786,6708,1,0.64891,0.37323,1,0.64835,0.35098,1,0.64863,0.36210,1,0.39312,0.36562,27.10555,0.74608,1,0.69487,0.39108,25.50160,0.74173,1,-0.02255,0.02148,0.55282,0.00471,1,0.04121,0.01736,0.56040,0.00436,1,0,0.00000,7
0.57734,0.33962,3251.60938,0.31470,6708,1,0.67785,0.38535,1,0.66343,0.36590,1,0.67064,0.37562,1,0.39372,0.36563,27.20080,0.73784,1,0.69528,0.39122,25.32260,0.74183,1,-0.02255,0.02148,0.55282,0.00477,1,0.04121,0.01736,0.56040,0.00437,1,0,0.00000,7
0.60250,0.35259,3251.60938,0.31470,6708,0,0.66734,0.38750,1,0.68012,0.36935,1,0.67373,0.37843,1,0.39354,0.36556,27.13058,0.73793,1,0.69513,0.39131,25.42330,0.74192,1,-0.02255,0.02148,0.55282,0.00469,1,0.04121,0.01736,0.56040,0.00438,1,0,0.00000,7
0.63841,0.36363,3251.60938,0.31470,6708,0,0.66726,0.38379,1,0.68137,0.36556,1,0.67432,0.37468,1,0.39348,0.36562,27.02916,0.74192,1,0.69509,0.39127,25.45688,0.74590,1,-0.02323,0.02208,0.56845,0.00471,1,0.04121,0.01736,0.56040,0.00436,1,0,0.00000,7
0.64706,0.36205,3251.60938,0.31470,6708,0,0.65259,0.39293,1,0.67614,0.32485,1,0.66437,0.35889,1,0.39344,0.36586,27.01864,0.74980,1,0.69504,0.39129,25.40549,0.74980,1,-0.02323,0.02208,0.56845,0.00474,1,0.04121,0.01736,0.56040,0.00436,1,0,0.00000,7
0.65184,0.35614,3251.93018,0.02075,6709,1,0.65669,0.39521,1,0.67564,0.28163,1,0.66617,0.33842,1,0.39342,0.36584,26.97162,0.75369,1,0.69507,0.39130,25.38446,0.75369,1,-0.02323,0.02208,0.56845,0.00473,1,0.04121,0.01736,0.56040,0.00436,1,0,0.00000,7
0.65469,0.35226,3251.93018,0.02686,6709,1,0.65657,0.39170,1,0.67562,0.28173,1,0.66609,0.33672,1,0.39346,0.36589,26.98801,0.75759,1,0.69507,0.39134,25.38876,0.75360,1,-0.02323,0.02208,0.56845,0.00472,1,0.04138,0.01728,0.56211,0.00435,1,0,0.00000,7
0.65454,0.35106,3251.93018,0.03394,6709,1,0.66031,0.39995,1,0.64733,0.29018,1,0.65382,0.34506,1,0.39344,0.36601,27.16132,0.75360,1,0.69506,0.39147,25.36066,0.74962,1,-0.02323,0.02208,0.56845,0.00470,1,0.04138,0.01728,0.56211,0.00436,1,0,0.00000,7
0.65415,0.34822,3251.93018,0.04053,6709,1,0.65657,0.36172,1,0.64703,0.30061,1,0.65180,0.33116,1,0.39343,0.36601,27.15251,0.74962,1,0.69507,0.39154,25.34752,0.74563,1,-0.02323,0.02208,0.56845,0.00470,1,0.04138,0.01728,0.56211,0.00436,1,0,0.00000,7
0.65380,0.34658,3251.93018,0.04712,6709,1,0.65670,0.36550,1,0.64596,0.30476,1,0.65133,0.33513,1,0.39343,0.36601,27.15251,0.74563,1,0.69506,0.39155,25.38504,0.74164,1,-0.02339,0.02219,0.57456,0.00470,1,0.04138,0.01728,0.56211,0.00435,1,0,0.00000,7
0.65250,0.34484,3251.93018,0.05396,6709,1,0.63553,0.33918,1,0.64874,0.32260,1,0.64213,0.33089,1,0.39344,0.36602,27.13837,0.74164,1,0.69507,0.39170,25.35727,0.74164,1,-0.02339,0.02219,0.57456,0.00471,1,0.04138,0.01728,0.56211,0.00436,1,0,0.00000,7
0.65160,0.34382,3251.93018,0.06079,6709,1,0.63475,0.33744,1,0.65211,0.33189,1,0.64343,0.33466,1,0.39340,0.36608,27.20153,0.74164,1,0.69514,0.39175,25.27356,0.74164,1,-0.02339,0.02219,0.57456,0.00467,1,0.04138,0.01728,0.56211,0.00437,1,0,0.00000,7
0.65081,0.34334,3251.93018,0.06787,6709,1,0.63498,0.34128,1,0.65104,0.33580,1,0.64301,0.33854,1,0.39355,0.36624,27.22567,0.73775,1,0.69518,0.39178,25.28877,0.73775,1,-0.02248,0.02133,0.55325,0.00473,1,0.04138,0.01728,0.56211,0.00438,1,0,0.00000,7
0.65056,0.34489,3251.93018,0.07422,6709,1,0.64376,0.36529,1,0.65186,0.35857,1,0.64781,0.36193,1,0.39356,0.36631,27.38116,0.73385,1,0.69528,0.39190,25.30451,0.73385,1,-0.02248,0.02133,0.55325,0.00473,1,0.04138,0.01728,0.56211,0.00439,1,0,0.00000,7
0.64865,0.34689,3251.93018,0.08105,6709,1,0.62199,0.37020,1,0.62938,0.37169,1,0.62569,0.37094,1,0.39359,0.36632,27.37179,0.72996,1,0.69535,0.39189,25.16248,0.72996,1,-0.02248,0.02133,0.55325,0.00475,1,0.04138,0.01728,0.56211,0.00438,1,0,0.00000,7
0.64705,0.34847,3251.93018,0.08740,6709,1,0.62199,0.37020,1,0.63038,0.36782,1,0.62619,0.36901,1,0.39362,0.36638,27.33240,0.72996,1,0.69532,0.39193,25.33998,0.73395,1,-0.02305,0.02191,0.56830,0.00471,1,0.04216,0.01756,0.57090,0.00438,1,0,0.00000,7
0.64667,0.34963,3251.93018,0.09424,6709,1,0.63705,0.36723,1,0.64573,0.36434,1,0.64139,0.36579,1,0.39369,0.36641,27.44952,0.73784,1,0.69544,0.39207,25.31745,0.74183,1,-0.02305,0.02191,0.56830,0.00473,1,0.04216,0.01756,0.57090,0.00438,1,0,0.00000,7
0.64582,0.35037,3251.93018,0.10059,6709,1,0.63981,0.35699,1,0.62626,0.36618,1,0.63304,0.36159,1,0.39384,0.36632,27.20004,0.74572,1,0.69554,0.39204,25.20165,0.74971,1,-0.02305,0.02191,0.56830,0.00471,1,0.04216,0.01756,0.57090,0.00438,1,0,0.00000,7
0.64508,0.35070,3251.93018,0.10767,6709,1,0.63939,0.34946,1,0.62720,0.36247,1,0.63329,0.35597,1,0.39391,0.36633,27.08813,0.75360,1,0.69560,0.39214,25.25528,0.75360,1,-0.02308,0.02202,0.57112,0.00475,1,0.04092,0.01702,0.55361,0.00436,1,0,0.00000,7
0.64449,0.35033,3251.93018,0.11401,6709,1,0.62355,0.32916,1,0.64536,0.35879,1,0.63446,0.34398,1,0.39394,0.36622,27.19930,0.75360,1,0.69580,0.39220,25.39585,0.74962,1,-0.02308,0.02202,0.57112,0.00473,1,0.04092,0.01702,0.55361,0.00441,1,0,0.00000,7
0.64356,0.35035,3251.93018,0.12109,6709,1,0.63164,0.33048,1,0.62196,0.37097,1,0.62680,0.35072,1,0.39404,0.36616,27.32279,0.74962,1,0.69576,0.39222,25.42076,0.74563,1,-0.02308,0.02202,0.57112,0.00474,1,0.04092,0.01702,0.55361,0.00439,1,0,0.00000,7
0.64274,0.35055,3251.93018,0.12793,6709,1,0.63214,0.33823,1,0.62207,0.37054,1,0.62710,0.35439,1,0.39420,0.36602,27.14454,0.74173,1,0.69590,0.39216,25.17975,0.74608,1,-0.02231,0.02141,0.55316,0.00471,1,0.18198,0.07694,2.50833,0.00438,0,0,0.00000,7
0.64190,0.35113,3251.93018,0.13428,6709,1,0.61643,0.40318,1,0.63384,0.32221,1,0.62513,0.36270,1,0.39433,0.36596,27.31210,0.74219,1,0.69614,0.39231,25.19264,0.75052,1,-0.02231,0.02141,0.55316,0.00474,1,0.18198,0.07694,2.50833,0.00442,0,0,0.00000,7
0.64102,0.35032,3251.93018,0.14136,6709,1,0.62415,0.39172,1,0.62099,0.27469,1,0.62257,0.33321,1,0.39436,0.36593,27.37138,0.74663,1,0.69612,0.39233,25.17412,0.75496,1,-0.02231,0.02141,0.55316,0.00473,1,0.18198,0.07694,2.50833,0.00438,0,0,0.00000,7
0.64019,0.34957,3251.93018,0.14771,6709,1,0.62382,0.38770,1,0.62009,0.27884,1,0.62196,0.33327,1,0.39449,0.36583,27.37753,0.75106,1,0.69626,0.39237,25.37878,0.75106,1,-0.02212,0.02146,0.55247,0.00474,1,0.04151,0.01707,0.55923,0.00436,1,0,0.00000,7
0.63930,0.34877,3251.93018,0.15430,6709,1,0.61229,0.37054,1,0.62547,0.28988,1,0.61888,0.33021,1,0.39455,0.36572,27.25363,0.75106,1,0.69636,0.39230,25.42671,0.74273,1,-0.02212,0.02146,0.55247,0.00477,1,0.04151,0.01707,0.55923,0.00436,1,0,0.00000,7
0.63817,0.34852,3251.93018,0.16138,6709,1,0.59313,0.37555,1,0.62902,0.30975,1,0.61108,0.34265,1,0.39465,0.36567,27.39971,0.74273,1,0.69639,0.39225,25.26854,0.73440,1,-0.02212,0.02146,0.55247,0.00472,1,0.04151,0.01707,0.55923,0.00437,1,0,0.00000,7
0.63716,0.34830,3251.93018,0.16846,6709,1,0.59364,0.37966,1,0.62999,0.30568,1,0.61181,0.34267,1,0.39473,0.36556,27.32327,0.73829,1,0.69657,0.39223,24.88148,0.73829,1,-0.02281,0.02218,0.57093,0.00472,1,0.18026,0.07555,2.47516,0.00443,0,0,0.00000,7
0.63625,0.34714,3251.93018,0.17529,6709,1,0.60251,0.35006,1,0.62260,0.28384,1,0.61256,0.31695,1,0.39484,0.36543,27.23798,0.74219,1,0.69662,0.39218,25.01386,0.75052,1,-0.02281,0.02218,0.57093,0.00472,1,0.18026,0.07555,2.47516,0.00441,0,0,0.00000,7
0.63548,0.34621,3251.93018,0.18115,6709,1,0.60196,0.33065,1,0.62749,0.31149,1,0.61472,0.32107,1,0.39484,0.36538,27.29738,0.75442,1,0.69660,0.39223,25.27477,0.76275,1,-0.02281,0.02218,0.57093,0.00472,1,0.18026,0.07555,2.47516,0.00439,0,0,0.00000,7
0.63476,0.34507,3251.93018,0.18823,6709,1,0.60073,0.31878,1,0.62841,0.30757,1,0.61457,0.31318,1,0.39487,0.36523,27.46121,0.76664,1,0.69661,0.39222,25.38607,0.76664,1,-0.02285,0.02226,0.57196,0.00471,1,0.04068,0.01674,0.54586,0.00439,1,0,0.00000,7
0.63402,0.34532,3251.93018,0.19507,6709,1,0.60138,0.34896,1,0.62389,0.35634,1,0.61263,0.35265,1,0.39482,0.36515,27.36145,0.76664,1,0.69661,0.39216,25.34928,0.75831,1,-0.02285,0.02226,0.57196,0.00473,1,0.04068,0.01674,0.54586,0.00439,1,0,0.00000,7
0.63332,0.34555,3251.93018,0.20142,6709,1,0.60164,0.34924,1,0.62277,0.35580,1,0.61220,0.35252,1,0.39483,0.36514,27.34523,0.75831,1,0.69659,0.39218,25.30677,0.74998,1,-0.02285,0.02226,0.57196,0.00472,1,0.04068,0.01674,0.54586,0.00438,1,0,0.00000,7
0.63265,0.34596,3251.93018,0.20874,6709,1,0.60248,0.35709,1,0.62174,0.36000,1,0.61211,0.35855,1,0.39484,0.36508,27.19985,0.74998,1,0.69657,0.39214,25.30620,0.74563,1,-0.02281,0.02235,0.57093,0.00474,1,0.04227,0.01746,0.56775,0.00440,1,0,0.00000,7
0.63180,0.34680,3251.93018,0.21582,6709,1,0.59879,0.39505,1,0.61010,0.35216,1,0.60445,0.37360,1,0.39475,0.36503,27.31380,0.74563,1,0.69653,0.39214,25.32861,0.74962,1,-0.02281,0.02235,0.57093,0.00472,1,0.04227,0.01746,0.56775,0.00441,1,0,0.00000,7
0.63083,0.34751,3251.93018,0.22168,6709,1,0.59339,0.39395,1,0.60450,0.34851,1,0.59895,0.37123,1,0.39471,0.36499,27.28784,0.74962,1,0.69648,0.39208,25.38978,0.75360,1,-0.02281,0.02235,0.57093,0.00472,1,0.04227,0.01746,0.56775,0.00437,1,0,0.00000,7
0.62993,0.34809,3251.93018,0.22852,6709,1,0.59295,0.39040,1,0.60534,0.34464,1,0.59914,0.36752,1,0.39461,0.36487,27.20423,0.75360,1,0.69635,0.39198,25.19974,0.75759,1,-0.02281,0.02235,0.57093,0.00473,1,0.04227,0.01746,0.56775,0.00439,1,0,0.00000,7
0.62877,0.34826,3251.93018,0.23486,6709,1,0.58159,0.37316,1,0.59519,0.33551,1,0.58839,0.35433,1,0.39453,0.36484,27.31804,0.75759,1,0.69628,0.39184,25.10076,0.75759,1,-0.02281,0.02235,0.57093,0.00472,1,0.04227,0.01746,0.56775,0.00442,1,0,0.00000,7
0.62731,0.34841,3251.93018,0.24121,6709,1,0.56718,0.37802,1,0.58212,0.32963,1,0.57465,0.35383,1,0.39437,0.36484,27.19963,0.75759,1,0.69622,0.39179,25.14451,0.75759,1,-0.02281,0.02235,0.57093,0.00470,1,0.04227,0.01746,0.56775,0.00438,1,0,0.00000,7
0.62592,0.34865,3251.93018,0.24829,6709,1,0.56775,0.38152,1,0.58141,0.33349,1,0.57458,0.35751,1,0.39428,0.36489,27.20538,0.75369,1,0.69601,0.39179,25.16129,0.75369,1,-0.02212,0.02163,0.55247,0.00470,1,0.04193,0.01735,0.56438,0.00440,1,0,0.00000,7
0.59935,0.35254,3251.93018,0.24829,6709,0,0.57906,0.39239,1,0.59259,0.31668,1,0.58582,0.35453,1,0.39422,0.36486,27.27126,0.74980,1,0.69585,0.39169,25.29318,0.74980,1,-0.02212,0.02163,0.55247,0.00472,1,0.04193,0.01735,0.56438,0.00441,1,0,0.00000,7
0.59259,0.35354,3251.93018,0.24829,6709,0,0.57906,0.39239,1,0.59259,0.31668,1,0.58582,0.35453,1,0.39400,0.36502,27.30880,0.74980,1,0.69568,0.39168,25.35816,0.74980,1,-0.02264,0.02210,0.56441,0.00472,1,0.04160,0.01725,0.56109,0.00439,1,0,0.00000,7
0.58986,0.35078,3251.93018,0.24829,6709,0,0.57745,0.36195,1,0.59137,0.32858,1,0.58441,0.34527,1,0.39344,0.36484,26.90414,0.74980,1,0.69540,0.39178,25.25275,0.74980,1,-0.02264,0.02210,0.56441,0.00464,1,0.04160,0.01725,0.56109,0.00436,1,0,0.00000,7
0.58517,0.34898,3252.18530,0.02612,6710,1,0.56568,0.35927,1,0.57653,0.32791,1,0.57111,0.34359,1,0.39331,0.36499,26.68379,0.75369,1,0.69536,0.39166,25.03758,0.75369,1,-0.02264,0.02210,0.56441,0.00472,1,0.04160,0.01725,0.56109,0.00436,1,0,0.00000,7
0.58236,0.34791,3252.18530,0.03369,6710,1,0.56568,0.35927,1,0.57653,0.32791,1,0.57111,0.34359,1,0.39345,0.36523,27.44796,0.75369,1,0.69515,0.39162,25.21287,0.75369,1,-0.02231,0.02157,0.55316,0.00469,1,0.04221,0.01754,0.57043,0.00441,1,0,0.00000,7
0.58221,0.34377,3252.18530,0.04028,6710,1,0.57573,0.33488,1,0.58714,0.31131,1,0.58144,0.32310,1,0.39310,0.36500,26.74364,0.74980,1,0.69493,0.39172,25.29523,0.74980,1,-0.02231,0.02157,0.55316,0.00473,1,0.04221,0.01754,0.57043,0.00438,1,0,0.00000,7
0.57995,0.34214,3252.18530,0.04785,6710,1,0.56083,0.34137,1,0.57197,0.32337,1,0.56640,0.33237,1,0.39303,0.36511,26.82730,0.74590,1,0.69487,0.39177,25.29368,0.74590,1,-0.02231,0.02157,0.55316,0.00471,1,0.04221,0.01754,0.57043,0.00442,1,0,0.00000,7
0.57825,0.34140,3252.18530,0.05371,6710,1,0.56143,0.34510,1,0.57130,0.32734,1,0.56637,0.33622,1,0.39271,0.36523,26.99814,0.74201,1,0.69461,0.39174,25.31245,0.74201,1,-0.02234,0.02144,0.55189,0.00471,1,0.04216,0.01756,0.57090,0.00438,1,0,0.00000,7
0.57387,0.34201,3252.18530,0.06128,6710,1,0.52337,0.36555,1,0.55421,0.32829,1,0.53879,0.34692,1,0.39171,0.36530,26.64925,0.74201,1,0.69366,0.39164,24.99864,0.74201,1,-0.02234,0.02144,0.55189,0.00474,1,0.04216,0.01756,0.57090,0.00443,1,0,0.00000,7
0.56731,0.34312,3252.18530,0.06738,6710,1,0.49845,0.38061,1,0.51827,0.32562,1,0.50836,0.35312,1,0.39117,0.36545,26.68938,0.74201,1,0.69297,0.39145,25.00272,0.74201,1,-0.02234,0.02144,0.55189,0.00469,1,0.04216,0.01756,0.57090,0.00444,1,0,0.00000,7
0.56194,0.34422,3252.18530,0.07422,6710,1,0.49845,0.38061,1,0.51785,0.32971,1,0.50815,0.35516,1,0.39049,0.36555,26.61796,0.74201,1,0.69216,0.39152,25.08050,0.73802,1,-0.02274,0.02158,0.55544,0.00475,1,0.04066,0.01705,0.55453,0.00443,1,0,0.00000,7
0.55704,0.34512,3252.18530,0.08057,6710,1,0.49998,0.38365,1,0.50649,0.32654,1,0.50324,0.35509,1,0.39016,0.36562,26.58655,0.73802,1,0.69188,0.39144,24.92989,0.73404,1,-0.02274,0.02158,0.55544,0.00472,1,0.04066,0.01705,0.55453,0.00438,1,0,0.00000,7
0.55321,0.34652,3252.18530,0.08789,6710,1,0.50444,0.38891,1,0.50996,0.33759,1,0.50720,0.36325,1,0.39016,0.36564,26.75509,0.73404,1,0.69195,0.39145,24.98174,0.73005,1,-0.02274,0.02158,0.55544,0.00472,1,0.04066,0.01705,0.55453,0.00437,1,0,0.00000,7
0.54994,0.34799,3252.18530,0.09424,6710,1,0.50536,0.39250,1,0.50958,0.34168,1,0.50747,0.36709,1,0.39013,0.36561,26.64033,0.73005,1,0.69195,0.39149,24.89064,0.72606,1,-0.02274,0.02158,0.55544,0.00473,1,0.04066,0.01705,0.55453,0.00439,1,0,0.00000,7
0.54660,0.34987,3252.18530,0.10083,6710,1,0.48223,0.39472,1,0.51744,0.35767,1,0.49983,0.37619,1,0.39024,0.36563,26.47898,0.72606,1,0.69194,0.39149,24.90755,0.72606,1,-0.02274,0.02158,0.55544,0.00476,1,0.04066,0.01705,0.55453,0.00438,1,0,0.00000,7
0.54254,0.35171,3252.18530,0.10718,6710,1,0.48192,0.39631,1,0.48133,0.36234,1,0.48162,0.37933,1,0.39022,0.36567,26.43968,0.72606,1,0.69189,0.39158,24.90830,0.72606,1,-0.02274,0.02158,0.55544,0.00477,1,0.04066,0.01705,0.55453,0.00439,1,0,0.00000,7
0.53893,0.35312,3252.18530,0.11401,6710,1,0.48089,0.39282,1,0.48156,0.35844,1,0.48122,0.37563,1,0.39022,0.36574,26.64293,0.72996,1,0.69189,0.39159,24.85652,0.72996,1,-0.02323,0.02208,0.56845,0.00474,1,0.04066,0.01705,0.55453,0.00441,1,0,0.00000,7
0.53582,0.35468,3252.18530,0.12036,6710,1,0.48027,0.39681,1,0.48539,0.36579,1,0.48283,0.38130,1,0.39028,0.36570,26.59145,0.73385,1,0.69189,0.39172,25.09501,0.73385,1,-0.02323,0.02208,0.56845,0.00470,1,0.04066,0.01705,0.55453,0.00437,1,0,0.00000,7
0.50622,0.36365,3252.18530,0.12036,6710,0,0.48810,0.39430,1,0.49109,0.35467,1,0.48960,0.37448,1,0.39034,0.36568,26.53873,0.73775,1,0.69196,0.39174,24.92403,0.73775,1,-0.02323,0.02208,0.56845,0.00469,1,0.04066,0.01705,0.55453,0.00440,1,0,0.00000,7
0.49798,0.36807,3252.18530,0.12036,6710,0,0.48810,0.39430,1,0.49137,0.35070,1,0.48974,0.37250,1,0.39033,0.36567,26.59665,0.73775,1,0.69197,0.39170,24.74973,0.74174,1,-0.02255,0.02148,0.55282,0.00469,1,0.04202,0.01761,0.57254,0.00442,1,0,0.00000,7
0.49281,0.37174,3252.18530,0.12036,6710,0,0.49216,0.39129,1,0.47281,0.36687,1,0.48248,0.37908,1,0.39032,0.36566,26.68575,0.73784,1,0.69192,0.39181,25.15854,0.74183,1,-0.02255,0.02148,0.55282,0.00468,1,0.04202,0.01761,0.57254,0.00440,1,0,0.00000,7
0.49079,0.37322,3252.31226,0.02148,6711,1,0.49453,0.38574,1,0.47492,0.36955,1,0.48472,0.37764,1,0.39032,0.36565,26.68608,0.73793,1,0.69199,0.39185,25.07446,0.74192,1,-0.02255,0.02148,0.55282,0.00467,1,0.04202,0.01761,0.57254,0.00441,1,0,0.00000,7
0.48960,0.37366,3252.31226,0.02759,6711,1,0.49451,0.38566,1,0.47513,0.36524,1,0.48482,0.37545,1,0.39052,0.36576,26.98210,0.73802,1,0.69205,0.39184,24.95876,0.74635,1,-0.02248,0.02149,0.55325,0.00472,1,0.18054,0.07716,2.50920,0.00440,0,0,0.00000,7
0.48670,0.37411,3252.31226,0.03394,6711,1,0.47006,0.38304,1,0.47431,0.36961,1,0.47219,0.37633,1,0.39057,0.36579,26.78875,0.74635,1,0.69206,0.39203,25.13910,0.75070,1,-0.02248,0.02149,0.55325,0.00473,1,0.18054,0.07716,2.50920,0.00442,0,0,0.00000,7
0.48467,0.37401,3252.31226,0.04053,6711,1,0.46879,0.37645,1,0.47630,0.37047,1,0.47255,0.37346,1,0.39053,0.36576,26.69102,0.75070,1,0.69205,0.39211,25.19531,0.75505,1,-0.02248,0.02149,0.55325,0.00472,1,0.18054,0.07716,2.50920,0.00440,0,0,0.00000,7
0.48310,0.37344,3252.31226,0.04736,6711,1,0.46761,0.37259,1,0.47652,0.36632,1,0.47206,0.36946,1,0.39053,0.36580,26.64638,0.75505,1,0.69205,0.39216,25.01915,0.75940,1,-0.02248,0.02149,0.55325,0.00471,1,0.17978,0.07628,2.49887,0.00439,0,0,0.00000,7
0.48179,0.36917,3252.31226,0.05396,6711,1,0.46659,0.37564,1,0.47608,0.29438,1,0.47133,0.33501,1,0.39062,0.36592,27.00083,0.75940,1,0.69203,0.39224,24.97432,0.75940,1,-0.02248,0.02149,0.55325,0.00471,1,0.17978,0.07628,2.49887,0.00439,0,0,0.00000,7
0.48039,0.36601,3252.31226,0.06079,6711,1,0.46440,0.38035,1,0.47124,0.29473,1,0.46782,0.33754,1,0.39060,0.36589,26.97402,0.75940,1,0.69203,0.39227,25.09463,0.75940,1,-0.02248,0.02149,0.55325,0.00471,1,0.17978,0.07628,2.49887,0.00437,0,0,0.00000,7
0.47925,0.36342,3252.31226,0.06763,6711,1,0.46440,0.38035,1,0.47124,0.29473,1,0.46782,0.33754,1,0.39060,0.36598,27.09511,0.75940,1,0.69201,0.39229,25.21161,0.75940,1,-0.02248,0.02141,0.55325,0.00469,1,0.18054,0.07641,2.50920,0.00436,0,0,0.00000,7
0.47821,0.36000,3252.31226,0.07422,6711,1,0.45865,0.34137,1,0.47485,0.30327,1,0.46675,0.32232,1,0.39037,0.36605,26.90207,0.75940,1,0.69197,0.39235,25.34265,0.75940,1,-0.02248,0.02141,0.55325,0.00473,1,0.18054,0.07641,2.50920,0.00437,0,0,0.00000,7
0.47685,0.35766,3252.31226,0.08081,6711,1,0.45378,0.35048,1,0.46726,0.30877,1,0.46052,0.32963,1,0.39039,0.36612,27.10050,0.75940,1,0.69188,0.39247,25.19258,0.75940,1,-0.02248,0.02141,0.55325,0.00474,1,0.18054,0.07641,2.50920,0.00438,0,0,0.00000,7
0.47568,0.35582,3252.31226,0.08740,6711,1,0.45378,0.35048,1,0.46709,0.31325,1,0.46044,0.33187,1,0.39029,0.36618,27.03326,0.75940,1,0.69186,0.39248,25.15786,0.75505,1,-0.02248,0.02141,0.55325,0.00469,1,0.04179,0.01730,0.56826,0.00438,1,0,0.00000,7
0.47428,0.35515,3252.31226,0.09424,6711,1,0.44971,0.35945,1,0.45977,0.33199,1,0.45474,0.34572,1,0.39028,0.36620,27.03636,0.75505,1,0.69182,0.39249,25.04256,0.75070,1,-0.02248,0.02141,0.55325,0.00469,1,0.04179,0.01730,0.56826,0.00441,1,0,0.00000,7
0.47271,0.35347,3252.31226,0.10107,6711,1,0.44314,0.32164,1,0.45510,0.33509,1,0.44912,0.32837,1,0.39026,0.36623,27.07092,0.75070,1,0.69178,0.39249,25.07395,0.74635,1,-0.02248,0.02141,0.55325,0.00470,1,0.04179,0.01730,0.56826,0.00442,1,0,0.00000,7
0.47136,0.35212,3252.31226,0.10767,6711,1,0.44446,0.32578,1,0.45510,0.33509,1,0.44978,0.33043,1,0.39023,0.36629,27.10777,0.74635,1,0.69173,0.39253,25.20226,0.74635,1,-0.02260,0.02149,0.55629,0.00468,1,0.18054,0.07641,2.50920,0.00442,0,0,0.00000,7
0.46958,0.35123,3252.31226,0.11377,6711,1,0.43582,0.33192,1,0.44292,0.34024,1,0.43937,0.33608,1,0.39010,0.36632,27.08030,0.74635,1,0.69167,0.39255,25.42269,0.75070,1,-0.02260,0.02149,0.55629,0.00473,1,0.18054,0.07641,2.50920,0.00438,0,0,0.00000,7
0.46846,0.35045,3252.31226,0.12085,6711,1,0.45781,0.34094,1,0.43870,0.33203,1,0.44826,0.33648,1,0.39009,0.36635,27.06351,0.75070,1,0.69159,0.39252,25.41379,0.75505,1,-0.02260,0.02149,0.55629,0.00473,1,0.18054,0.07641,2.50920,0.00435,0,0,0.00000,7
0.46739,0.34946,3252.31226,0.12720,6711,1,0.45546,0.33328,1,0.43871,0.32810,1,0.44709,0.33069,1,0.39002,0.36637,27.02445,0.75895,1,0.69150,0.39253,25.23967,0.75895,1,-0.02307,0.02184,0.56667,0.00471,1,0.04202,0.01743,0.57254,0.00438,1,0,0.00000,7
0.46634,0.34817,3252.31226,0.13403,6711,1,0.43491,0.31775,1,0.45562,0.32706,1,0.44527,0.32240,1,0.38983,0.36638,26.86440,0.76284,1,0.69138,0.39258,24.84804,0.75849,1,-0.02307,0.02184,0.56667,0.00474,1,0.04202,0.01743,0.57254,0.00444,1,0,0.00000,7
0.46524,0.34717,3252.31226,0.14087,6711,1,0.43143,0.32126,1,0.45275,0.33116,1,0.44209,0.32621,1,0.38979,0.36632,26.64705,0.76239,1,0.69135,0.39257,24.86298,0.75804,1,-0.02307,0.02184,0.56667,0.00475,1,0.04202,0.01743,0.57254,0.00444,1,0,0.00000,7
0.46426,0.34653,3252.31226,0.14697,6711,1,0.43279,0.32533,1,0.45258,0.33952,1,0.44269,0.33242,1,0.38960,0.36635,26.81821,0.75804,1,0.69111,0.39283,25.64718,0.74971,1,-0.02255,0.02131,0.55282,0.00470,1,0.04066,0.01689,0.55453,0.00438,1,0,0.00000,7
0.46299,0.34595,3252.31226,0.15381,6711,1,0.42882,0.33609,1,0.43887,0.32881,1,0.43384,0.33245,1,0.38959,0.36634,26.93209,0.74581,1,0.69112,0.39240,24.86263,0.74183,1,-0.02255,0.02131,0.55282,0.00470,1,0.04066,0.01689,0.55453,0.00440,1,0,0.00000,7
0.46167,0.34556,3252.31226,0.16040,6711,1,0.42751,0.33266,1,0.43275,0.33972,1,0.43013,0.33619,1,0.38951,0.36631,26.96055,0.73793,1,0.69090,0.39269,25.66071,0.73395,1,-0.02255,0.02131,0.55282,0.00471,1,0.04066,0.01689,0.55453,0.00438,1,0,0.00000,7
0.46049,0.34535,3252.31226,0.16772,6711,1,0.42882,0.33645,1,0.43277,0.34381,1,0.43080,0.34013,1,0.38950,0.36628,27.07704,0.73395,1,0.69089,0.39269,25.65315,0.72996,1,-0.02323,0.02200,0.56845,0.00470,1,0.04066,0.01689,0.55453,0.00438,1,0,0.00000,7
0.45915,0.34556,3252.31226,0.17407,6711,1,0.42232,0.37671,1,0.42659,0.32555,1,0.42446,0.35113,1,0.38940,0.36629,27.10208,0.73385,1,0.69074,0.39260,25.64409,0.73385,1,-0.02323,0.02200,0.56845,0.00471,1,0.04066,0.01689,0.55453,0.00437,1,0,0.00000,7
0.45768,0.34552,3252.31226,0.18042,6711,1,0.41446,0.36714,1,0.42125,0.32172,1,0.41786,0.34443,1,0.38937,0.36627,27.00102,0.73775,1,0.69068,0.39259,25.66464,0.73775,1,-0.02323,0.02200,0.56845,0.00471,1,0.04066,0.01689,0.55453,0.00438,1,0,0.00000,7
0.45630,0.34548,3252.31226,0.18750,6711,1,0.41446,0.36714,1,0.42125,0.32172,1,0.41786,0.34443,1,0.38929,0.36620,26.90855,0.73775,1,0.69083,0.39224,24.96280,0.73775,1,-0.02274,0.02150,0.55544,0.00472,1,0.04066,0.01689,0.55453,0.00437,1,0,0.00000,7
0.45509,0.34659,3252.31226,0.19409,6711,1,0.40307,0.40098,1,0.43689,0.35619,1,0.41998,0.37858,1,0.38915,0.36611,26.98545,0.73385,1,0.69074,0.39217,25.03094,0.73385,1,-0.02274,0.02150,0.55544,0.00471,1,0.04066,0.01689,0.55453,0.00438,1,0,0.00000,7
0.45392,0.34837,3252.31226,0.20142,6711,1,0.40317,0.39812,1,0.43403,0.40574,1,0.41860,0.40193,1,0.38916,0.36608,26.98948,0.72996,1,0.69059,0.39212,24.95605,0.72996,1,-0.02274,0.02150,0.55544,0.00469,1,0.04066,0.01689,0.55453,0.00435,1,0,0.00000,7
0.45283,0.35010,3252.31226,0.20776,6711,1,0.40459,0.40152,1,0.43403,0.40565,1,0.41931,0.40358,1,0.38907,0.36606,26.93572,0.72606,1,0.69052,0.39206,24.72741,0.73005,1,-0.02266,0.02146,0.55356,0.00468,1,0.04132,0.01735,0.56414,0.00436,1,0,0.00000,7
0.42627,0.35679,3252.31226,0.20776,6711,0,0.41864,0.38890,1,0.41665,0.39104,1,0.41765,0.38997,1,0.38894,0.36594,26.76135,0.73005,1,0.69031,0.39225,25.34434,0.73404,1,-0.02266,0.02146,0.55356,0.00470,1,0.04132,0.01735,0.56414,0.00432,1,0,0.00000,7
0.42022,0.37188,3252.31226,0.20776,6711,0,0.41651,0.38710,1,0.41181,0.38683,1,0.41416,0.38696,1,0.38884,0.36596,26.78553,0.73404,1,0.69037,0.39188,24.62058,0.73802,1,-0.02266,0.02146,0.55356,0.00468,1,0.04132,0.01735,0.56414,0.00432,1,0,0.00000,7
0.41792,0.37499,3252.31226,0.20776,6711,0,0.41513,0.38357,1,0.41154,0.37884,1,0.41334,0.38121,1,0.38884,0.36588,26.86117,0.73802,1,0.69039,0.39181,24.57192,0.74635,1,-0.02274,0.02158,0.55544,0.00463,1,0.17856,0.07665,2.49252,0.00434,0,0,0.00000,7
0.41431,0.37409,3252.52686,0.02026,6712,1,0.39772,0.37180,1,0.40924,0.37098,1,0.40348,0.37139,1,0.38875,0.36585,26.88154,0.74635,1,0.69034,0.39171,24.52354,0.75070,1,-0.02274,0.02158,0.55544,0.00469,1,0.17856,0.07665,2.49252,0.00437,0,0,0.00000,7
0.41387,0.37142,3252.52686,0.02612,6712,1,0.42216,0.36069,1,0.40206,0.36080,1,0.41211,0.36074,1,0.38875,0.36580,26.76865,0.75070,1,0.69025,0.39156,24.24974,0.75505,1,-0.02274,0.02158,0.55544,0.00466,1,0.17856,0.07665,2.49252,0.00431,0,0,0.00000,7
0.41344,0.36896,3252.52686,0.03320,6712,1,0.42072,0.35679,1,0.40187,0.35657,1,0.41130,0.35668,1,0.38863,0.36584,26.61290,0.75505,1,0.68995,0.39197,25.26216,0.75940,1,-0.02274,0.02158,0.55544,0.00468,1,0.17856,0.07665,2.49252,0.00428,0,0,0.00000,7
0.41179,0.36640,3252.52686,0.04028,6712,1,0.40804,0.35431,1,0.39576,0.34769,1,0.40190,0.35100,1,0.38855,0.36577,26.44413,0.75940,1,0.69007,0.39176,24.74336,0.75940,1,-0.02274,0.02158,0.55544,0.00470,1,0.17856,0.07665,2.49252,0.00430,0,0,0.00000,7
0.41138,0.36399,3252.52686,0.04712,6712,1,0.40266,0.34769,1,0.41434,0.34666,1,0.40850,0.34717,1,0.38852,0.36579,26.57591,0.75940,1,0.68984,0.39138,24.05991,0.75940,1,-0.02274,0.02158,0.55544,0.00466,1,0.17856,0.07665,2.49252,0.00423,0,0,0.00000,7
0.41099,0.36195,3252.52686,0.05371,6712,1,0.40129,0.34418,1,0.41435,0.34711,1,0.40782,0.34564,1,0.38835,0.36580,26.69558,0.76329,1,0.68960,0.39167,24.49189,0.75895,1,-0.02295,0.02174,0.55957,0.00463,1,0.04113,0.01730,0.56263,0.00427,1,0,0.00000,7
0.40981,0.35999,3252.52686,0.06030,6712,1,0.38965,0.34205,1,0.40883,0.34248,1,0.39924,0.34226,1,0.38837,0.36580,26.67900,0.76284,1,0.68967,0.39133,24.15616,0.75849,1,-0.02295,0.02174,0.55957,0.00462,1,0.04113,0.01730,0.56263,0.00422,1,0,0.00000,7
0.40849,0.35845,3252.52686,0.06665,6712,1,0.38576,0.34319,1,0.40477,0.34290,1,0.39527,0.34305,1,0.38834,0.36582,26.70798,0.76239,1,0.68961,0.39139,24.34550,0.75804,1,-0.02295,0.02174,0.55957,0.00461,1,0.04113,0.01730,0.56263,0.00418,1,0,0.00000,7
0.40747,0.35767,3252.52686,0.07349,6712,1,0.38737,0.34710,1,0.40511,0.35117,1,0.39624,0.34913,1,0.38830,0.36574,26.50760,0.75804,1,0.68956,0.39131,24.14076,0.74971,1,-0.02285,0.02160,0.55609,0.00462,1,0.04021,0.01693,0.55072,0.00420,1,0,0.00000,7
0.40641,0.35705,3252.52686,0.08057,6712,1,0.38779,0.35079,1,0.39951,0.34846,1,0.39365,0.34962,1,0.38818,0.36574,26.36875,0.74581,1,0.68923,0.39148,24.45104,0.74183,1,-0.02285,0.02160,0.55609,0.00465,1,0.04021,0.01693,0.55072,0.00424,1,0,0.00000,7
0.40513,0.35687,3252.52686,0.08667,6712,1,0.38641,0.35785,1,0.39078,0.35129,1,0.38859,0.35457,1,0.38818,0.36575,26.53908,0.73793,1,0.68920,0.39146,24.41527,0.73395,1,-0.02285,0.02160,0.55609,0.00462,1,0.04021,0.01693,0.55072,0.00424,1,0,0.00000,7
0.40415,0.35723,3252.52686,0.09375,6712,1,0.38943,0.36503,1,0.39124,0.35929,1,0.39034,0.36216,1,0.38811,0.36575,26.51762,0.73005,1,0.68912,0.39150,24.35486,0.72606,1,-0.02285,0.02160,0.55609,0.00464,1,0.04021,0.01693,0.55072,0.00420,1,0,0.00000,7
0.40285,0.35770,3252.52686,0.10059,6712,1,0.38217,0.36253,1,0.38476,0.36708,1,0.38346,0.36480,1,0.38805,0.36577,26.50778,0.72606,1,0.68904,0.39152,24.28969,0.72606,1,-0.02285,0.02160,0.55609,0.00464,1,0.04021,0.01693,0.55072,0.00423,1,0,0.00000,7
0.40181,0.35832,3252.52686,0.10742,6712,1,0.38665,0.37249,1,0.38368,0.36402,1,0.38517,0.36826,1,0.38799,0.36568,26.26095,0.72606,1,0.68903,0.39154,24.41134,0.72606,1,-0.02285,0.02160,0.55609,0.00461,1,0.04021,0.01693,0.55072,0.00421,1,0,0.00000,7
0.40089,0.35887,3252.52686,0.11401,6712,1,0.38665,0.37249,1,0.38368,0.36402,1,0.38517,0.36826,1,0.38789,0.36571,26.33504,0.72606,1,0.68901,0.39151,24.31184,0.72606,1,-0.02285,0.02160,0.55609,0.00461,1,0.04021,0.01693,0.55072,0.00420,1,0,0.00000,7
0.39963,0.35948,3252.52686,0.12085,6712,1,0.36983,0.36859,1,0.38401,0.37225,1,0.37692,0.37042,1,0.38783,0.36576,26.39580,0.72606,1,0.68895,0.39156,24.31449,0.72606,1,-0.02285,0.02160,0.55609,0.00455,1,0.04021,0.01693,0.55072,0.00423,1,0,0.00000,7
0.39826,0.35949,3252.52686,0.12744,6712,1,0.37239,0.36240,1,0.37226,0.35704,1,0.37232,0.35972,1,0.38784,0.36579,26.30118,0.72606,1,0.68893,0.39159,24.33143,0.72606,1,-0.02285,0.02160,0.55609,0.00456,1,0.04021,0.01693,0.55072,0.00423,1,0,0.00000,7
0.39703,0.35950,3252.52686,0.13452,6712,1,0.37239,0.36240,1,0.37226,0.35704,1,0.37232,0.35972,1,0.38777,0.36577,26.21950,0.72606,1,0.68893,0.39159,24.33143,0.72606,1,-0.02285,0.02160,0.55609,0.00457,1,0.04021,0.01693,0.55072,0.00423,1,0,0.00000,7
0.39584,0.35968,3252.52686,0.14087,6712,1,0.36789,0.36530,1,0.37377,0.36160,1,0.37083,0.36345,1,0.38769,0.36576,26.12285,0.72606,1,0.68890,0.39156,24.36664,0.72606,1,-0.02285,0.02160,0.55609,0.00454,1,0.04021,0.01693,0.55072,0.00423,1,0,0.00000,7
0.39490,0.35998,3252.52686,0.14771,6712,1,0.37317,0.36917,1,0.37553,0.36410,1,0.37435,0.36663,1,0.38781,0.36581,26.36466,0.72606,1,0.68888,0.39151,24.21218,0.72606,1,-0.02285,0.02160,0.55609,0.00456,1,0.04021,0.01693,0.55072,0.00424,1,0,0.00000,7
0.39404,0.36018,3252.52686,0.15430,6712,1,0.37317,0.36917,1,0.37522,0.36008,1,0.37419,0.36462,1,0.38800,0.36563,26.17174,0.72606,1,0.68906,0.39155,24.18649,0.73005,1,-0.02274,0.02158,0.55544,0.00450,1,0.04132,0.01735,0.56414,0.00423,1,0,0.00000,7
0.39471,0.35977,3252.52686,0.16113,6712,1,0.40256,0.33809,1,0.41918,0.36169,1,0.41087,0.34989,1,0.38881,0.36542,26.20598,0.73005,1,0.69031,0.39140,23.97320,0.73404,1,-0.02274,0.02158,0.55544,0.00457,1,0.04132,0.01735,0.56414,0.00417,1,0,0.00000,7
0.39597,0.35977,3252.52686,0.16772,6712,1,0.41912,0.37015,1,0.43598,0.34953,1,0.42755,0.35984,1,0.38919,0.36531,26.23476,0.73404,1,0.69091,0.39158,24.18008,0.73802,1,-0.02274,0.02158,0.55544,0.00457,1,0.04132,0.01735,0.56414,0.00429,1,0,0.00000,7
0.39712,0.35971,3252.52686,0.17432,6712,1,0.41775,0.36655,1,0.43598,0.34953,1,0.42687,0.35804,1,0.38989,0.36510,26.36674,0.73802,1,0.69142,0.39130,24.11264,0.73802,1,-0.02228,0.02150,0.55033,0.00455,1,0.04138,0.01728,0.56211,0.00418,1,0,0.00000,7
0.39848,0.36013,3252.52686,0.18115,6712,1,0.42852,0.38614,1,0.44185,0.35678,1,0.43518,0.37146,1,0.39034,0.36496,26.29542,0.73802,1,0.69205,0.39146,24.06026,0.73404,1,-0.02228,0.02150,0.55033,0.00457,1,0.04138,0.01728,0.56211,0.00424,1,0,0.00000,7
0.39967,0.36039,3252.52686,0.18774,6712,1,0.42758,0.37989,1,0.43851,0.35558,1,0.43304,0.36774,1,0.39033,0.36494,26.32897,0.73404,1,0.69189,0.39151,24.15428,0.73005,1,-0.02228,0.02150,0.55033,0.00459,1,0.04138,0.01728,0.56211,0.00425,1,0,0.00000,7
0.40078,0.36064,3252.52686,0.19482,6712,1,0.42761,0.37997,1,0.43851,0.35568,1,0.43306,0.36782,1,0.39037,0.36493,26.28190,0.73395,1,0.69188,0.39151,24.14977,0.72996,1,-0.02284,0.02209,0.56527,0.00458,1,0.04138,0.01728,0.56211,0.00425,1,0,0.00000,7
0.40180,0.36089,3252.52686,0.20093,6712,1,0.42706,0.38992,1,0.43753,0.34735,1,0.43229,0.36863,1,0.39035,0.36494,26.31590,0.73385,1,0.69191,0.39148,23.97328,0.73385,1,-0.02284,0.02209,0.56527,0.00457,1,0.04138,0.01728,0.56211,0.00427,1,0,0.00000,7
0.40272,0.36079,3252.52686,0.20703,6712,1,0.42708,0.37771,1,0.43559,0.33729,1,0.43134,0.35750,1,0.39037,0.36493,26.28190,0.73775,1,0.69188,0.39145,24.05932,0.73775,1,-0.02284,0.02209,0.56527,0.00458,1,0.04138,0.01728,0.56211,0.00425,1,0,0.00000,7
0.40357,0.36051,3252.52686,0.21411,6712,1,0.42579,0.37423,1,0.43558,0.32922,1,0.43069,0.35172,1,0.39031,0.36489,26.17296,0.74164,1,0.69159,0.39115,24.19486,0.74563,1,-0.02308,0.02236,0.57112,0.00456,1,0.04158,0.01735,0.56425,0.00410,1,0,0.00000,7
0.40440,0.35993,3252.52686,0.22168,6712,1,0.42563,0.36400,1,0.43793,0.31717,1,0.43178,0.34059,1,0.39030,0.36486,26.06606,0.74563,1,0.69164,0.39101,24.14550,0.74962,1,-0.02308,0.02236,0.57112,0.00457,1,0.04158,0.01735,0.56425,0.00416,1,0,0.00000,7
0.40516,0.35923,3252.52686,0.22803,6712,1,0.42462,0.35975,1,0.43738,0.31110,1,0.43100,0.33543,1,0.39030,0.36483,26.10355,0.74962,1,0.69163,0.39104,24.36679,0.75360,1,-0.02308,0.02236,0.57112,0.00455,1,0.04158,0.01735,0.56425,0.00408,1,0,0.00000,7
0.40588,0.35850,3252.52686,0.23462,6712,1,0.42459,0.35967,1,0.43738,0.30650,1,0.43099,0.33308,1,0.39038,0.36475,26.13450,0.74971,1,0.69179,0.39088,23.64782,0.75804,1,-0.02231,0.02166,0.55316,0.00453,1,0.18017,0.07669,2.49408,0.00421,0,0,0.00000,7
0.40592,0.35728,3252.52686,0.24170,6712,1,0.39684,0.33547,1,0.41803,0.29105,1,0.40744,0.31326,1,0.39033,0.36460,26.05112,0.75414,1,0.69171,0.39076,23.71212,0.75849,1,-0.02231,0.02166,0.55316,0.00451,1,0.18017,0.07669,2.49408,0.00416,0,0,0.00000,7
0.40593,0.35599,3252.52686,0.24805,6712,1,0.39641,0.32818,1,0.41641,0.28839,1,0.40641,0.30829,1,0.39033,0.36456,26.07249,0.75460,1,0.69171,0.39066,23.56681,0.75895,1,-0.02231,0.02166,0.55316,0.00452,1,0.18017,0.07669,2.49408,0.00415,0,0,0.00000,7
0.40594,0.35481,3252.52686,0.25488,6712,1,0.39625,0.32776,1,0.41650,0.29253,1,0.40638,0.31014,1,0.39026,0.36444,26.00727,0.75505,1,0.69179,0.39070,23.74910,0.75505,1,-0.02221,0.02160,0.55071,0.00452,1,0.04216,0.01760,0.57090,0.00413,1,0,0.00000,7
0.40566,0.35396,3252.52686,0.26147,6712,1,0.39310,0.30420,1,0.39584,0.33723,1,0.39447,0.32071,1,0.39026,0.36427,25.99669,0.75505,1,0.69177,0.39071,23.75120,0.75070,1,-0.02221,0.02160,0.55071,0.00453,1,0.04216,0.01760,0.57090,0.00413,1,0,0.00000,7
0.40551,0.35379,3252.52686,0.26807,6712,1,0.39925,0.35132,1,0.39966,0.34272,1,0.39946,0.34702,1,0.39029,0.36425,25.94121,0.75070,1,0.69180,0.39073,23.70140,0.74635,1,-0.02221,0.02160,0.55071,0.00452,1,0.04216,0.01760,0.57090,0.00415,1,0,0.00000,7
0.40538,0.35378,3252.52686,0.27515,6712,1,0.40082,0.35525,1,0.40005,0.35112,1,0.40043,0.35319,1,0.39024,0.36423,25.85875,0.74635,1,0.69174,0.39078,23.73009,0.73802,1,-0.02231,0.02174,0.55316,0.00450,1,0.04060,0.01693,0.54930,0.00417,1,0,0.00000,7
0.40534,0.35417,3252.52686,0.28149,6712,1,0.40387,0.35913,1,0.40309,0.38253,1,0.40348,0.37083,1,0.39020,0.36413,25.87938,0.73802,1,0.69184,0.39067,23.59200,0.73404,1,-0.02231,0.02174,0.55316,0.00450,1,0.04060,0.01693,0.54930,0.00413,1,0,0.00000,7
0.40494,0.35507,3252.52686,0.28857,6712,1,0.37418,0.38467,1,0.40106,0.40259,1,0.38762,0.39363,1,0.39021,0.36413,25.86438,0.73404,1,0.69187,0.39062,23.33953,0.73005,1,-0.02231,0.02174,0.55316,0.00449,1,0.04060,0.01693,0.54930,0.00415,1,0,0.00000,7
0.40457,0.35601,3252.52686,0.29492,6712,1,0.37578,0.38817,1,0.40125,0.40637,1,0.38851,0.39727,1,0.39024,0.36406,25.85678,0.73005,1,0.69185,0.39063,23.47200,0.72606,1,-0.02221,0.02168,0.55071,0.00452,1,0.04092,0.01719,0.55360,0.00413,1,0,0.00000,7
0.40430,0.35673,3252.52686,0.30200,6712,1,0.37975,0.38743,1,0.40479,0.39084,1,0.39227,0.38914,1,0.39026,0.36399,25.82100,0.72606,1,0.69193,0.39049,23.54135,0.72606,1,-0.02221,0.02168,0.55071,0.00449,1,0.04092,0.01719,0.55360,0.00413,1,0,0.00000,7
0.40400,0.35733,3252.52686,0.30859,6712,1,0.37714,0.38855,1,0.40282,0.38189,1,0.38998,0.38522,1,0.39029,0.36394,25.81534,0.72606,1,0.69188,0.39042,23.59105,0.72606,1,-0.02221,0.02168,0.55071,0.00451,1,0.04092,0.01719,0.55360,0.00412,1,0,0.00000,7
0.40369,0.35784,3252.52686,0.31494,6712,1,0.37557,0.38511,1,0.40265,0.37806,1,0.38911,0.38159,1,0.39022,0.36391,25.89875,0.72996,1,0.69190,0.39043,23.78892,0.72996,1,-0.02272,0.02227,0.56448,0.00451,1,0.04092,0.01719,0.55360,0.00412,1,0,0.00000,7
0.40293,0.35820,3252.52686,0.32104,6712,1,0.38979,0.38139,1,0.39008,0.36709,1,0.38994,0.37424,1,0.39033,0.36382,25.87824,0.73385,1,0.69205,0.39040,23.57529,0.73385,1,-0.02272,0.02227,0.56448,0.00446,1,0.04092,0.01719,0.55360,0.00415,1,0,0.00000,7
0.40286,0.35742,3252.52686,0.32764,6712,1,0.40153,0.35655,1,0.41984,0.34235,1,0.41068,0.34945,1,0.39085,0.36376,25.85234,0.73775,1,0.69267,0.39038,23.76405,0.73775,1,-0.02272,0.02227,0.56448,0.00449,1,0.04092,0.01719,0.55360,0.00413,1,0,0.00000,7
0.40280,0.35667,3252.52686,0.33472,6712,1,0.40153,0.35655,1,0.41966,0.33385,1,0.41059,0.34520,1,0.39146,0.36361,25.86120,0.73775,1,0.69312,0.39036,23.87683,0.74608,1,-0.02217,0.02193,0.55593,0.00448,1,0.18085,0.07710,2.48304,0.00414,0,0,0.00000,7
0.40379,0.35600,3252.52686,0.34131,6712,1,0.44439,0.33755,1,0.45755,0.34085,1,0.45097,0.33920,1,0.39212,0.36339,25.80029,0.74219,1,0.69406,0.39054,24.18808,0.75052,1,-0.02217,0.02193,0.55593,0.00450,1,0.18085,0.07710,2.48304,0.00427,0,0,0.00000,7
0.40431,0.35535,3252.52686,0.34814,6712,1,0.42068,0.32621,1,0.45278,0.33241,1,0.43673,0.32931,1,0.39212,0.36339,25.77645,0.74663,1,0.69401,0.39045,24.22698,0.75496,1,-0.02217,0.02193,0.55593,0.00451,1,0.18085,0.07710,2.48304,0.00421,0,0,0.00000,7
0.40482,0.35473,3252.52686,0.35449,6712,1,0.41920,0.32201,1,0.45278,0.33232,1,0.43599,0.32717,1,0.39213,0.36335,25.83348,0.75106,1,0.69411,0.39048,24.09964,0.75505,1,-0.02216,0.02205,0.55776,0.00451,1,0.04227,0.01763,0.56775,0.00424,1,0,0.00000,7
0.40551,0.35418,3252.52686,0.36304,6712,1,0.43069,0.32119,1,0.43936,0.32755,1,0.43502,0.32437,1,0.39204,0.36324,25.49180,0.75505,1,0.69372,0.39022,24.00636,0.75070,1,-0.02216,0.02205,0.55776,0.00450,1,0.04227,0.01763,0.56775,0.00417,1,0,0.00000,7
0.40606,0.35371,3252.52686,0.37451,6712,1,0.43084,0.32162,1,0.43936,0.32801,1,0.43510,0.32482,1,0.39209,0.36341,25.72445,0.75460,1,0.69372,0.39028,23.94108,0.75025,1,-0.02235,0.02215,0.56156,0.00450,1,0.04227,0.01763,0.56775,0.00416,1,0,0.00000,7
0.40645,0.35366,3252.52686,0.38159,6712,1,0.41944,0.34883,1,0.43305,0.33741,1,0.42625,0.34312,1,0.39190,0.36363,25.71455,0.75414,1,0.69354,0.39032,23.85197,0.74980,1,-0.02235,0.02215,0.56156,0.00447,1,0.04227,0.01763,0.56775,0.00413,1,0,0.00000,7
0.40702,0.35370,3252.52686,0.38843,6712,1,0.41728,0.34967,1,0.43609,0.33846,1,0.42668,0.34406,1,0.39188,0.36366,25.68906,0.75369,1,0.69352,0.39035,23.83856,0.75369,1,-0.02235,0.02215,0.56156,0.00448,1,0.04227,0.01763,0.56775,0.00412,1,0,0.00000,7
0.40767,0.35367,3252.52686,0.39526,6712,1,0.41728,0.34967,1,0.43609,0.33410,1,0.42668,0.34189,1,0.39186,0.36366,25.71453,0.75369,1,0.69351,0.39038,23.74557,0.75804,1,-0.02217,0.02193,0.55593,0.00447,1,0.18085,0.07710,2.48304,0.00414,0,0,0.00000,7
0.40814,0.35353,3252.52686,0.40186,6712,1,0.41394,0.35628,1,0.42278,0.32889,1,0.41836,0.34258,1,0.39180,0.36369,25.60090,0.75414,1,0.69349,0.39041,23.78670,0.75849,1,-0.02217,0.02193,0.55593,0.00445,1,0.18085,0.07710,2.48304,0.00414,0,0,0.00000,7
0.40849,0.35371,3252.52686,0.40796,6712,1,0.40553,0.37073,1,0.41584,0.34520,1,0.41069,0.35796,1,0.39168,0.36382,25.71843,0.75460,1,0.69334,0.39037,23.77517,0.75895,1,-0.02217,0.02193,0.55593,0.00443,1,0.18085,0.07710,2.48304,0.00407,0,0,0.00000,7
0.40895,0.35377,3252.52686,0.41504,6712,1,0.40538,0.37034,1,0.41583,0.34475,1,0.41060,0.35754,1,0.39162,0.36386,25.45555,0.75505,1,0.69323,0.39033,23.68027,0.75940,1,-0.02217,0.02193,0.55593,0.00446,1,0.18085,0.07710,2.48304,0.00408,0,0,0.00000,7
0.40929,0.35356,3252.52686,0.42163,6712,1,0.38732,0.35815,1,0.42635,0.34555,1,0.40684,0.35185,1,0.39144,0.36390,25.46170,0.75940,1,0.69320,0.39043,23.63680,0.75940,1,-0.02217,0.02193,0.55593,0.00444,1,0.18085,0.07710,2.48304,0.00408,0,0,0.00000,7
0.40968,0.35327,3252.52686,0.42822,6712,1,0.38406,0.36356,1,0.41980,0.33854,1,0.40193,0.35105,1,0.39136,0.36391,25.41848,0.75940,1,0.69305,0.39051,23.58205,0.75940,1,-0.02217,0.02193,0.55593,0.00443,1,0.18085,0.07710,2.48304,0.00411,0,0,0.00000,7
0.41003,0.35300,3252.52686,0.43530,6712,1,0.38406,0.36356,1,0.41997,0.34683,1,0.40202,0.35519,1,0.39122,0.36399,25.40499,0.75940,1,0.69288,0.39047,23.62810,0.75106,1,-0.02243,0.02206,0.56020,0.00439,1,0.04096,0.01714,0.55187,0.00408,1,0,0.00000,7
0.41037,0.35289,3252.52686,0.44214,6712,1,0.39663,0.37245,1,0.40618,0.35422,1,0.40141,0.36333,1,0.39110,0.36403,25.47258,0.75106,1,0.69277,0.39042,23.58184,0.74273,1,-0.02243,0.02206,0.56020,0.00440,1,0.04096,0.01714,0.55187,0.00411,1,0,0.00000,7
0.41096,0.35279,3252.52686,0.44873,6712,1,0.39015,0.35212,1,0.42106,0.37888,1,0.40561,0.36550,1,0.39105,0.36403,25.36698,0.74273,1,0.69274,0.39041,23.47518,0.73440,1,-0.02243,0.02206,0.56020,0.00442,1,0.04096,0.01714,0.55187,0.00405,1,0,0.00000,7
0.41169,0.35304,3252.52686,0.45532,6712,1,0.39328,0.35972,1,0.42115,0.38312,1,0.40721,0.37142,1,0.39091,0.36424,25.53691,0.73440,1,0.69260,0.39048,23.37122,0.73005,1,-0.02188,0.02144,0.54647,0.00442,1,0.04160,0.01742,0.56109,0.00409,1,0,0.00000,7
0.41248,0.35253,3252.52686,0.46216,6712,1,0.40751,0.33116,1,0.41329,0.33955,1,0.41040,0.33535,1,0.39075,0.36426,25.52776,0.73005,1,0.69238,0.39054,23.38121,0.73404,1,-0.02188,0.02144,0.54647,0.00442,1,0.04160,0.01742,0.56109,0.00407,1,0,0.00000,7
0.41309,0.35198,3252.52686,0.46924,6712,1,0.39802,0.33747,1,0.40149,0.33666,1,0.39975,0.33706,1,0.39074,0.36428,25.42369,0.73404,1,0.69240,0.39056,23.42599,0.73802,1,-0.02188,0.02144,0.54647,0.00442,1,0.04160,0.01742,0.56109,0.00404,1,0,0.00000,7
0.41360,0.35123,3252.52686,0.47534,6712,1,0.39654,0.33371,1,0.40111,0.32809,1,0.39883,0.33090,1,0.39056,0.36441,25.37204,0.73802,1,0.69231,0.39059,23.41925,0.74635,1,-0.02218,0.02161,0.55196,0.00442,1,0.18198,0.07732,2.50833,0.00408,0,0,0.00000,7
0.41418,0.35015,3252.52686,0.48169,6712,1,0.40730,0.32884,1,0.39745,0.29596,1,0.40238,0.31240,1,0.39078,0.36437,25.39127,0.74635,1,0.69246,0.39071,23.67877,0.75070,1,-0.02218,0.02161,0.55196,0.00442,1,0.18198,0.07732,2.50833,0.00410,0,0,0.00000,7
0.41481,0.34917,3252.52686,0.48877,6712,1,0.41306,0.31835,1,0.46832,0.28743,1,0.44069,0.30289,1,0.39115,0.36430,25.14896,0.75070,1,0.69333,0.39105,23.86837,0.75505,1,-0.02218,0.02161,0.55196,0.00444,1,0.18198,0.07732,2.50833,0.00422,0,0,0.00000,7
0.41506,0.34798,3252.52686,0.49536,6712,1,0.41158,0.31422,1,0.46816,0.29167,1,0.43987,0.30295,1,0.39219,0.36427,25.28342,0.75505,1,0.69413,0.39083,23.70250,0.75106,1,-0.02223,0.02195,0.55950,0.00448,1,0.04153,0.01714,0.55725,0.00416,1,0,0.00000,7
0.41619,0.34703,3252.52686,0.50293,6712,1,0.46067,0.31408,1,0.50144,0.31037,1,0.48106,0.31222,1,0.39330,0.36412,25.29420,0.75106,1,0.69521,0.39122,24.36286,0.74273,1,-0.02223,0.02195,0.55950,0.00446,1,0.04153,0.01714,0.55725,0.00420,1,0,0.00000,7
0.41739,0.34582,3252.52686,0.50903,6712,1,0.49024,0.31362,1,0.49506,0.31313,1,0.49265,0.31338,1,0.39357,0.36406,25.15136,0.74273,1,0.69551,0.39115,23.97439,0.73440,1,-0.02223,0.02195,0.55950,0.00445,1,0.04153,0.01714,0.55725,0.00422,1,0,0.00000,7
0.41865,0.34486,3252.52686,0.51514,6712,1,0.49228,0.32181,1,0.49443,0.32193,1,0.49336,0.32187,1,0.39406,0.36395,25.39949,0.73440,1,0.69584,0.39121,24.25912,0.72606,1,-0.02191,0.02184,0.55563,0.00442,1,0.04140,0.01702,0.55336,0.00418,1,0,0.00000,7
0.41999,0.34426,3252.52686,0.52222,6712,1,0.48725,0.36548,1,0.50829,0.31207,1,0.49777,0.33878,1,0.39403,0.36400,25.39202,0.72606,1,0.69578,0.39110,24.28897,0.72606,1,-0.02191,0.02184,0.55563,0.00446,1,0.04140,0.01702,0.55336,0.00416,1,0,0.00000,7
0.44638,0.32651,3252.52686,0.52222,6712,0,0.48497,0.36822,1,0.50029,0.30948,1,0.49263,0.33885,1,0.39398,0.36400,25.34440,0.72606,1,0.69560,0.39103,24.19039,0.72606,1,-0.02191,0.02184,0.55563,0.00445,1,0.04140,0.01702,0.55336,0.00422,1,0,0.00000,7
0.46968,0.33044,3252.52686,0.52222,6712,0,0.48497,0.36822,1,0.50099,0.30054,1,0.49298,0.33438,1,0.39383,0.36397,25.00608,0.72606,1,0.69553,0.39098,23.89575,0.73440,1,-0.02191,0.02184,0.55563,0.00444,1,0.18276,0.07683,2.49860,0.00423,0,0,0.00000,7
0.47688,0.32672,3252.52686,0.52222,6712,0,0.49223,0.35243,1,0.49034,0.28613,1,0.49128,0.31928,1,0.39371,0.36383,25.36967,0.73440,1,0.69545,0.39107,24.18183,0.74273,1,-0.02191,0.02184,0.55563,0.00444,1,0.18276,0.07683,2.49860,0.00421,0,0,0.00000,7
0.47944,0.32674,3253.05566,0.02148,6713,1,0.48729,0.33690,1,0.48692,0.31670,1,0.48711,0.32680,1,0.39371,0.36382,25.28198,0.74273,1,0.69540,0.39099,24.15514,0.75106,1,-0.02191,0.02184,0.55563,0.00445,1,0.18276,0.07683,2.49860,0.00422,0,0,0.00000,7
0.48082,0.32510,3253.05566,0.02710,6713,1,0.48521,0.32897,1,0.48745,0.30813,1,0.48633,0.31855,1,0.39367,0.36375,25.41351,0.75106,1,0.69539,0.39090,24.21049,0.75940,1,-0.02186,0.02179,0.55222,0.00446,1,0.18078,0.07657,2.47215,0.00421,0,0,0.00000,7
0.47993,0.32803,3253.05566,0.03418,6713,1,0.46984,0.35062,1,0.48109,0.33470,1,0.47547,0.34266,1,0.39346,0.36371,25.40796,0.75940,1,0.69530,0.39085,24.32568,0.75940,1,-0.02186,0.02179,0.55222,0.00449,1,0.18078,0.07657,2.47215,0.00423,0,0,0.00000,7
0.47847,0.32975,3253.05566,0.04102,6713,1,0.46512,0.35013,1,0.47437,0.32998,1,0.46975,0.34005,1,0.39341,0.36365,25.25889,0.75940,1,0.69533,0.39082,24.23618,0.75940,1,-0.02186,0.02179,0.55222,0.00447,1,0.18078,0.07657,2.47215,0.00422,0,0,0.00000,7
0.47737,0.33131,3253.05566,0.04736,6713,1,0.46512,0.35013,1,0.47417,0.33433,1,0.46965,0.34223,1,0.39331,0.36352,25.48860,0.75940,1,0.69514,0.39069,24.30732,0.75505,1,-0.02186,0.02179,0.55222,0.00443,1,0.04230,0.01761,0.56706,0.00418,1,0,0.00000,7
0.47683,0.33178,3253.05566,0.05420,6713,1,0.45708,0.34462,1,0.48796,0.32657,1,0.47252,0.33560,1,0.39319,0.36347,25.43797,0.75505,1,0.69503,0.39054,24.16476,0.75070,1,-0.02186,0.02179,0.55222,0.00445,1,0.04230,0.01761,0.56706,0.00420,1,0,0.00000,7
0.47567,0.33170,3253.05566,0.06079,6713,1,0.45179,0.33677,1,0.47860,0.32517,1,0.46519,0.33097,1,0.39318,0.36345,25.49432,0.75070,1,0.69502,0.39052,24.18386,0.74635,1,-0.02186,0.02179,0.55222,0.00444,1,0.04230,0.01761,0.56706,0.00421,1,0,0.00000,7
0.47475,0.33221,3253.05566,0.06763,6713,1,0.45306,0.34083,1,0.47815,0.33371,1,0.46560,0.33727,1,0.39304,0.36338,25.39317,0.74635,1,0.69483,0.39025,23.76401,0.73802,1,-0.02196,0.02181,0.55277,0.00449,1,0.04153,0.01730,0.55725,0.00423,1,0,0.00000,7
0.47351,0.33241,3253.05566,0.07422,6713,1,0.44767,0.34594,1,0.47205,0.32339,1,0.45986,0.33466,1,0.39296,0.36338,25.42323,0.73802,1,0.69476,0.39015,23.71385,0.73404,1,-0.02196,0.02181,0.55277,0.00449,1,0.04153,0.01730,0.55725,0.00424,1,0,0.00000,7
0.47237,0.33260,3253.05566,0.08105,6713,1,0.45010,0.34675,1,0.46714,0.32287,1,0.45862,0.33481,1,0.39288,0.36331,25.37703,0.73404,1,0.69471,0.39009,23.77168,0.73005,1,-0.02196,0.02181,0.55277,0.00450,1,0.04153,0.01730,0.55725,0.00424,1,0,0.00000,7
0.47142,0.33304,3253.05566,0.08765,6713,1,0.45131,0.35051,1,0.46698,0.32706,1,0.45914,0.33878,1,0.39296,0.36329,25.48690,0.73005,1,0.69466,0.39002,24.06025,0.72606,1,-0.02216,0.02205,0.55776,0.00447,1,0.04068,0.01699,0.54586,0.00421,1,0,0.00000,7
0.47008,0.33546,3253.05566,0.09424,6713,1,0.44794,0.36329,1,0.45482,0.37555,1,0.45138,0.36942,1,0.39298,0.36311,25.56978,0.72606,1,0.69456,0.38986,24.07494,0.72606,1,-0.02216,0.02205,0.55776,0.00449,1,0.04068,0.01699,0.54586,0.00425,1,0,0.00000,7
0.46930,0.33783,3253.05566,0.10107,6713,1,0.45509,0.38312,1,0.45985,0.36355,1,0.45747,0.37333,1,0.39303,0.36295,25.69698,0.72606,1,0.69416,0.38944,23.76766,0.72606,1,-0.02216,0.02205,0.55776,0.00449,1,0.04068,0.01699,0.54586,0.00420,1,0,0.00000,7
0.46860,0.33992,3253.05566,0.10767,6713,1,0.45509,0.38312,1,0.45985,0.36355,1,0.45747,0.37333,1,0.39305,0.36276,25.65513,0.72606,1,0.69464,0.38958,24.22223,0.72606,1,-0.02186,0.02195,0.55222,0.00447,1,0.04153,0.01747,0.55725,0.00422,1,0,0.00000,7
0.46812,0.33933,3253.05566,0.11450,6713,1,0.46457,0.33787,1,0.45531,0.32081,1,0.45994,0.32934,1,0.39314,0.36236,25.62888,0.72606,1,0.69449,0.38912,24.13250,0.72606,1,-0.02186,0.02195,0.55222,0.00448,1,0.04153,0.01747,0.55725,0.00421,1,0,0.00000,7
0.46735,0.34137,3253.05566,0.12109,6713,1,0.44666,0.38510,1,0.46017,0.37096,1,0.45342,0.37803,1,0.39324,0.36216,25.60971,0.72606,1,0.69439,0.38857,23.42143,0.72606,1,-0.02186,0.02195,0.55222,0.00450,1,0.04153,0.01747,0.55725,0.00421,1,0,0.00000,7
0.46665,0.34310,3253.05566,0.12744,6713,1,0.44666,0.38510,1,0.46029,0.36701,1,0.45348,0.37605,1,0.39337,0.36179,25.47846,0.72606,1,0.69457,0.38877,24.11303,0.73005,1,-0.02191,0.02225,0.55563,0.00448,1,0.04230,0.01795,0.56706,0.00423,1,0,0.00000,7
0.46599,0.34254,3253.05566,0.13403,6713,1,0.43833,0.35907,1,0.46712,0.30341,1,0.45272,0.33124,1,0.39366,0.36118,25.73619,0.73005,1,0.69468,0.38804,24.13991,0.73404,1,-0.02191,0.02225,0.55563,0.00447,1,0.04230,0.01795,0.56706,0.00425,1,0,0.00000,7
0.46511,0.34308,3253.05566,0.14087,6713,1,0.44999,0.35197,1,0.44334,0.35715,1,0.44666,0.35456,1,0.39359,0.36081,25.32625,0.73404,1,0.69446,0.38752,23.65442,0.73802,1,-0.02191,0.02225,0.55563,0.00453,1,0.04230,0.01795,0.56706,0.00419,1,0,0.00000,7
0.46428,0.34332,3253.05566,0.14746,6713,1,0.44878,0.34824,1,0.44341,0.34885,1,0.44610,0.34855,1,0.39381,0.36034,25.53065,0.73802,1,0.69469,0.38763,24.63803,0.74635,1,-0.02146,0.02225,0.54843,0.00446,1,0.18276,0.07983,2.49860,0.00421,0,0,0.00000,7
0.46316,0.34317,3253.05566,0.15430,6713,1,0.42181,0.32503,1,0.45292,0.35442,1,0.43737,0.33973,1,0.39401,0.35953,25.46756,0.74635,1,0.69464,0.38671,23.72252,0.75070,1,-0.02146,0.02225,0.54843,0.00450,1,0.18276,0.07983,2.49860,0.00426,0,0,0.00000,7
0.46193,0.34268,3253.05566,0.16138,6713,1,0.43449,0.35436,1,0.43035,0.30733,1,0.43242,0.33085,1,0.39409,0.35915,25.23976,0.75070,1,0.69461,0.38641,24.00921,0.75505,1,-0.02146,0.02225,0.54843,0.00450,1,0.18276,0.07983,2.49860,0.00421,0,0,0.00000,7
0.46077,0.34223,3253.05566,0.16772,6713,1,0.43312,0.35041,1,0.43038,0.31148,1,0.43175,0.33095,1,0.39440,0.35854,25.61763,0.75505,1,0.69485,0.38606,24.11444,0.75106,1,-0.02145,0.02270,0.55232,0.00451,1,0.04161,0.01810,0.55617,0.00427,1,0,0.00000,7
0.45958,0.34205,3253.05566,0.17456,6713,1,0.43582,0.35066,1,0.42133,0.32427,1,0.42858,0.33746,1,0.39447,0.35801,25.68107,0.75106,1,0.69462,0.38533,23.96229,0.74273,1,-0.02145,0.02270,0.55232,0.00455,1,0.04161,0.01810,0.55617,0.00417,1,0,0.00000,7
0.45794,0.34303,3253.05566,0.18115,6713,1,0.41172,0.34857,1,0.41537,0.39045,1,0.41354,0.36951,1,0.39421,0.35767,25.60753,0.74273,1,0.69418,0.38486,23.03071,0.73440,1,-0.02145,0.02270,0.55232,0.00448,1,0.04161,0.01810,0.55617,0.00421,1,0,0.00000,7
0.45643,0.34395,3253.05566,0.18799,6713,1,0.41326,0.35265,1,0.41526,0.38672,1,0.41426,0.36969,1,0.39404,0.35730,25.82507,0.73829,1,0.69401,0.38499,24.15456,0.73829,1,-0.02201,0.02350,0.56566,0.00450,1,0.18276,0.08208,2.49860,0.00422,0,0,0.00000,7
0.45418,0.34341,3253.05566,0.19482,6713,1,0.37752,0.35463,1,0.40046,0.30105,1,0.38899,0.32784,1,0.39388,0.35672,25.83321,0.74219,1,0.69347,0.38401,23.52493,0.75052,1,-0.02201,0.02350,0.56566,0.00453,1,0.18276,0.08208,2.49860,0.00420,0,0,0.00000,7
0.45187,0.34352,3253.05566,0.20142,6713,1,0.38538,0.34849,1,0.37944,0.34504,1,0.38241,0.34676,1,0.39401,0.35628,25.64427,0.75442,1,0.69353,0.38377,23.42618,0.76275,1,-0.02201,0.02350,0.56566,0.00451,1,0.18276,0.08208,2.49860,0.00426,0,0,0.00000,7
0.42128,0.34384,3253.05566,0.20142,6713,0,0.38225,0.34098,1,0.37885,0.33682,1,0.38055,0.33890,1,0.39415,0.35590,25.70614,0.76275,1,0.69324,0.38389,24.28248,0.77108,1,-0.02145,0.02320,0.55232,0.00455,1,0.18276,0.08283,2.49860,0.00423,0,0,0.00000,7
0.40181,0.33768,3253.05566,0.20142,6713,0,0.37140,0.35606,1,0.39330,0.30698,1,0.38235,0.33152,1,0.39436,0.35536,25.76477,0.76719,1,0.69364,0.38336,24.11455,0.76719,1,-0.02145,0.02320,0.55232,0.00450,1,0.18276,0.08283,2.49860,0.00417,0,0,0.00000,7
0.39592,0.33164,3253.05566,0.20142,6713,0,0.38217,0.34815,1,0.38609,0.29100,1,0.38413,0.31958,1,0.39442,0.35514,25.86283,0.76329,1,0.69362,0.38312,23.32816,0.76329,1,-0.02145,0.02320,0.55232,0.00451,1,0.18276,0.08283,2.49860,0.00424,0,0,0.00000,7
0.39319,0.32958,3253.26489,0.01904,6714,1,0.38363,0.35162,1,0.38633,0.29511,1,0.38498,0.32337,1,0.39441,0.35498,25.56830,0.75940,1,0.69342,0.38308,24.00118,0.75940,1,-0.02147,0.02352,0.55710,0.00453,1,0.18276,0.08358,2.49860,0.00428,0,0,0.00000,7
0.39001,0.33567,3253.26489,0.02563,6714,1,0.36612,0.35518,1,0.38853,0.36491,1,0.37732,0.36004,1,0.39456,0.35468,25.68428,0.75940,1,0.69343,0.38309,24.01281,0.75940,1,-0.02147,0.02352,0.55710,0.00451,1,0.18276,0.08358,2.49860,0.00426,0,0,0.00000,7
0.38750,0.33861,3253.26489,0.03296,6714,1,0.36710,0.34692,1,0.38280,0.35970,1,0.37495,0.35331,1,0.39455,0.35468,25.71333,0.75940,1,0.69341,0.38307,24.06376,0.75940,1,-0.02147,0.02352,0.55710,0.00452,1,0.18276,0.08358,2.49860,0.00426,0,0,0.00000,7
0.38573,0.34101,3253.26489,0.03931,6714,1,0.36710,0.34692,1,0.38309,0.36392,1,0.37510,0.35542,1,0.39457,0.35457,25.60806,0.75940,1,0.69339,0.38301,23.94451,0.75505,1,-0.02135,0.02344,0.55417,0.00450,1,0.04202,0.01880,0.56212,0.00428,1,0,0.00000,7
0.38356,0.34572,3253.26489,0.04688,6714,1,0.37451,0.38097,1,0.36219,0.37631,1,0.36835,0.37864,1,0.39468,0.35454,25.57099,0.75505,1,0.69340,0.38314,24.33804,0.75070,1,-0.02135,0.02344,0.55417,0.00448,1,0.04202,0.01880,0.56212,0.00426,1,0,0.00000,7
0.38058,0.34797,3253.26489,0.05273,6714,1,0.34788,0.39341,1,0.36560,0.33861,1,0.35674,0.36601,1,0.39475,0.35465,25.47563,0.75070,1,0.69339,0.38317,24.28403,0.74635,1,-0.02135,0.02344,0.55417,0.00446,1,0.04202,0.01880,0.56212,0.00427,1,0,0.00000,7
0.37822,0.35002,3253.26489,0.05933,6714,1,0.34807,0.39379,1,0.36600,0.34312,1,0.35704,0.36846,1,0.39475,0.35464,25.41094,0.75025,1,0.69342,0.38323,24.19945,0.74192,1,-0.02195,0.02415,0.57084,0.00446,1,0.04140,0.01834,0.55336,0.00428,1,0,0.00000,7
0.37757,0.34920,3253.26489,0.06592,6714,1,0.36714,0.33691,1,0.37501,0.34515,1,0.37107,0.34103,1,0.39485,0.35472,25.37547,0.74581,1,0.69352,0.38365,24.57046,0.74183,1,-0.02195,0.02415,0.57084,0.00447,1,0.04140,0.01834,0.55336,0.00426,1,0,0.00000,7
0.37742,0.34969,3253.26489,0.07275,6714,1,0.37284,0.35412,1,0.37862,0.35593,1,0.37573,0.35502,1,0.39495,0.35480,25.61248,0.74572,1,0.69354,0.38368,24.49360,0.74173,1,-0.02195,0.02415,0.57084,0.00449,1,0.04140,0.01834,0.55336,0.00427,1,0,0.00000,7
0.37727,0.34978,3253.26489,0.07935,6714,1,0.37288,0.35420,1,0.37801,0.34769,1,0.37545,0.35095,1,0.39500,0.35501,25.64463,0.74563,1,0.69355,0.38386,24.48734,0.74998,1,-0.02180,0.02399,0.56911,0.00451,1,0.18276,0.08250,2.48864,0.00430,0,0,0.00000,7
0.37710,0.35079,3253.26489,0.08618,6714,1,0.37286,0.35754,1,0.37696,0.37007,1,0.37491,0.36380,1,0.39505,0.35502,25.57536,0.74998,1,0.69362,0.38403,24.25326,0.75831,1,-0.02180,0.02399,0.56911,0.00452,1,0.18276,0.08250,2.48864,0.00427,0,0,0.00000,7
0.37599,0.35110,3253.26489,0.09302,6714,1,0.34738,0.34914,1,0.37344,0.36179,1,0.36041,0.35546,1,0.39505,0.35502,25.68064,0.75831,1,0.69363,0.38417,24.25744,0.76664,1,-0.02180,0.02399,0.56911,0.00452,1,0.18276,0.08250,2.48864,0.00429,0,0,0.00000,7
0.37495,0.35111,3253.26489,0.09985,6714,1,0.34551,0.34520,1,0.37310,0.35753,1,0.35930,0.35136,1,0.39512,0.35506,25.77860,0.76275,1,0.69362,0.38430,24.43131,0.77108,1,-0.02123,0.02340,0.55516,0.00453,1,0.18276,0.08212,2.48863,0.00429,0,0,0.00000,7
0.37394,0.34947,3253.26489,0.10620,6714,1,0.35354,0.35184,1,0.36206,0.29461,1,0.35780,0.32323,1,0.39521,0.35515,25.81405,0.76719,1,0.69375,0.38454,24.55171,0.76719,1,-0.02123,0.02340,0.55516,0.00452,1,0.18276,0.08212,2.48863,0.00429,0,0,0.00000,7
0.37476,0.34892,3253.26489,0.11279,6714,1,0.37916,0.35898,1,0.39843,0.32008,1,0.38879,0.33953,1,0.39558,0.35515,25.69484,0.76329,1,0.69451,0.38486,24.99758,0.76329,1,-0.02123,0.02340,0.55516,0.00449,1,0.18276,0.08212,2.48863,0.00425,0,0,0.00000,7
0.37555,0.34874,3253.26489,0.11938,6714,1,0.38064,0.36239,1,0.39882,0.32846,1,0.38973,0.34543,1,0.39650,0.35500,25.64242,0.75940,1,0.69522,0.38470,24.27714,0.75505,1,-0.02106,0.02350,0.55743,0.00455,1,0.04263,0.01855,0.56471,0.00430,1,0,0.00000,7
0.37898,0.34880,3253.26489,0.12646,6714,1,0.43559,0.34604,1,0.45285,0.35401,1,0.44422,0.35002,1,0.39793,0.35487,25.75071,0.75505,1,0.69724,0.38481,24.46368,0.75070,1,-0.02106,0.02350,0.55743,0.00460,1,0.04263,0.01855,0.56471,0.00434,1,0,0.00000,7
0.38291,0.34922,3253.26489,0.13281,6714,1,0.45821,0.34871,1,0.46472,0.36644,1,0.46146,0.35758,1,0.39843,0.35489,25.85791,0.75070,1,0.69769,0.38504,24.46915,0.74635,1,-0.02106,0.02350,0.55743,0.00456,1,0.04263,0.01855,0.56471,0.00434,1,0,0.00000,7
0.38651,0.34969,3253.26489,0.13989,6714,1,0.45944,0.35272,1,0.46472,0.36644,1,0.46208,0.35958,1,0.39908,0.35493,26.03710,0.74635,1,0.69824,0.38504,24.54737,0.74635,1,-0.02081,0.02349,0.55736,0.00457,1,0.18289,0.08028,2.46079,0.00435,0,0,0.00000,7
0.39020,0.34818,3253.26489,0.14697,6714,1,0.45711,0.33511,1,0.48566,0.29496,1,0.47139,0.31503,1,0.39911,0.35507,25.83534,0.74635,1,0.69820,0.38511,24.23488,0.75070,1,-0.02081,0.02349,0.55736,0.00458,1,0.18289,0.08028,2.46079,0.00436,0,0,0.00000,7
0.39328,0.34629,3253.26489,0.15405,6714,1,0.44639,0.31089,1,0.48207,0.29470,1,0.46423,0.30280,1,0.39893,0.35530,25.90883,0.75070,1,0.69809,0.38530,24.50162,0.75505,1,-0.02081,0.02349,0.55736,0.00456,1,0.18289,0.08028,2.46079,0.00434,0,0,0.00000,7
0.39608,0.34422,3253.26489,0.15967,6714,1,0.44393,0.30293,1,0.48254,0.28603,1,0.46324,0.29448,1,0.39888,0.35539,25.86795,0.75895,1,0.69805,0.38548,24.59124,0.76329,1,-0.02154,0.02410,0.57582,0.00460,1,0.18497,0.08099,2.48832,0.00437,0,0,0.00000,7
0.42279,0.33500,3253.26489,0.15967,6714,0,0.45323,0.34102,1,0.44829,0.31001,1,0.45076,0.32551,1,0.39858,0.35577,25.67699,0.76719,1,0.69790,0.38558,24.86449,0.76719,1,-0.02154,0.02410,0.57582,0.00457,1,0.18497,0.08099,2.48832,0.00434,0,0,0.00000,7
0.43828,0.33805,3253.26489,0.15967,6714,0,0.43744,0.35669,1,0.47010,0.32550,1,0.45377,0.34110,1,0.39854,0.35586,25.70094,0.77108,1,0.69791,0.38577,24.55105,0.77108,1,-0.02154,0.02410,0.57582,0.00457,1,0.18497,0.08099,2.48832,0.00435,0,0,0.00000,7
0.44339,0.34044,3253.26489,0.15967,6714,0,0.43744,0.35669,1,0.46976,0.33377,1,0.45360,0.34523,1,0.39848,0.35616,25.96499,0.77108,1,0.69779,0.38592,24.92858,0.76275,1,-0.02087,0.02313,0.55460,0.00459,1,0.04209,0.01805,0.55587,0.00430,1,0,0.00000,7
0.44592,0.33458,3253.43115,0.02124,6715,1,0.45431,0.33625,1,0.45273,0.29771,1,0.45352,0.31698,1,0.39822,0.35646,25.91874,0.75885,1,0.69761,0.38607,24.55564,0.75052,1,-0.02087,0.02313,0.55460,0.00459,1,0.04209,0.01805,0.55587,0.00435,1,0,0.00000,7
0.44580,0.33617,3253.43115,0.02759,6715,1,0.44166,0.35889,1,0.44900,0.32620,1,0.44533,0.34254,1,0.39809,0.35672,25.90870,0.74663,1,0.69754,0.38623,24.74490,0.73829,1,-0.02087,0.02313,0.55460,0.00460,1,0.04209,0.01805,0.55587,0.00434,1,0,0.00000,7
0.44593,0.33858,3253.43115,0.03369,6715,1,0.44423,0.36647,1,0.44887,0.33484,1,0.44655,0.35066,1,0.39788,0.35695,25.96167,0.73829,1,0.69753,0.38634,24.67202,0.72996,1,-0.02112,0.02319,0.56012,0.00460,1,0.04255,0.01812,0.56198,0.00440,1,0,0.00000,7
0.44699,0.33971,3253.43115,0.04028,6715,1,0.44972,0.34136,1,0.45700,0.35158,1,0.45336,0.34647,1,0.39762,0.35731,25.86504,0.73385,1,0.69735,0.38662,24.72271,0.73385,1,-0.02112,0.02319,0.56012,0.00458,1,0.04255,0.01812,0.56198,0.00437,1,0,0.00000,7
0.44659,0.34308,3253.43115,0.04712,6715,1,0.43557,0.36549,1,0.45210,0.36778,1,0.44383,0.36663,1,0.39750,0.35756,25.87859,0.73775,1,0.69726,0.38671,24.53689,0.73775,1,-0.02112,0.02319,0.56012,0.00457,1,0.04255,0.01812,0.56198,0.00436,1,0,0.00000,7
0.44630,0.34524,3253.43115,0.05371,6715,1,0.43557,0.36549,1,0.45227,0.35960,1,0.44392,0.36255,1,0.39743,0.35796,26.12347,0.73775,1,0.69717,0.38684,24.47777,0.74608,1,-0.02103,0.02282,0.55430,0.00459,1,0.18572,0.08032,2.50804,0.00435,0,0,0.00000,7
0.44669,0.34308,3253.43115,0.06055,6715,1,0.43718,0.33962,1,0.46319,0.30767,1,0.45019,0.32364,1,0.39711,0.35837,25.86643,0.74219,1,0.69707,0.38727,24.53402,0.75052,1,-0.02103,0.02282,0.55430,0.00461,1,0.18572,0.08032,2.50804,0.00432,0,0,0.00000,7
0.44497,0.34301,3253.43115,0.06714,6715,1,0.42640,0.35697,1,0.42932,0.32764,1,0.42786,0.34230,1,0.39706,0.35856,26.15724,0.74663,1,0.69692,0.38738,24.68404,0.75496,1,-0.02103,0.02282,0.55430,0.00459,1,0.18572,0.08032,2.50804,0.00432,0,0,0.00000,7
0.44349,0.34259,3253.43115,0.07373,6715,1,0.42495,0.35294,1,0.42928,0.32314,1,0.42711,0.33804,1,0.39683,0.35881,26.15587,0.75106,1,0.69688,0.38751,24.76855,0.75940,1,-0.02103,0.02270,0.55430,0.00458,1,0.18490,0.07979,2.49719,0.00432,0,0,0.00000,7
0.44312,0.34344,3253.43115,0.08057,6715,1,0.42814,0.34383,1,0.44924,0.36339,1,0.43869,0.35361,1,0.39672,0.35919,26.09443,0.75940,1,0.69665,0.38798,24.70295,0.75940,1,-0.02103,0.02270,0.55430,0.00460,1,0.18490,0.07979,2.49719,0.00433,0,0,0.00000,7
0.44265,0.34095,3253.43115,0.08765,6715,1,0.42845,0.33132,1,0.44475,0.28591,1,0.43660,0.30861,1,0.39663,0.35937,26.01347,0.75940,1,0.69670,0.38797,24.42224,0.75940,1,-0.02103,0.02270,0.55430,0.00457,1,0.18490,0.07979,2.49719,0.00436,0,0,0.00000,7
0.44225,0.33880,3253.43115,0.09326,6715,1,0.42845,0.33132,1,0.44475,0.28591,1,0.43660,0.30861,1,0.39659,0.35965,26.12821,0.75940,1,0.69664,0.38825,24.74009,0.75940,1,-0.02112,0.02254,0.55456,0.00462,1,0.18490,0.07904,2.49719,0.00436,0,0,0.00000,7
0.44149,0.33954,3253.43115,0.10059,6715,1,0.41876,0.36861,1,0.44160,0.33273,1,0.43018,0.35067,1,0.39649,0.35996,26.23377,0.75940,1,0.69660,0.38858,24.73414,0.75940,1,-0.02112,0.02254,0.55456,0.00460,1,0.18490,0.07904,2.49719,0.00437,0,0,0.00000,7
0.44001,0.33929,3253.43115,0.10718,6715,1,0.41879,0.32741,1,0.41385,0.34313,1,0.41632,0.33527,1,0.39655,0.36006,26.19552,0.75940,1,0.69665,0.38863,24.71115,0.75940,1,-0.02112,0.02254,0.55456,0.00459,1,0.18490,0.07904,2.49719,0.00437,0,0,0.00000,7
0.43866,0.33886,3253.43115,0.11426,6715,1,0.41750,0.32379,1,0.41374,0.33927,1,0.41562,0.33153,1,0.39654,0.36009,26.27724,0.76329,1,0.69662,0.38872,24.40598,0.76329,1,-0.02189,0.02332,0.57580,0.00462,1,0.18490,0.07904,2.49719,0.00440,0,0,0.00000,7
0.43756,0.33879,3253.43115,0.12109,6715,1,0.41714,0.33149,1,0.41833,0.34367,1,0.41773,0.33758,1,0.39658,0.36016,26.04410,0.76719,1,0.69663,0.38877,24.37287,0.76719,1,-0.02189,0.02332,0.57580,0.00461,1,0.18490,0.07904,2.49719,0.00440,0,0,0.00000,7
0.43645,0.33852,3253.43115,0.12744,6715,1,0.41478,0.31926,1,0.41604,0.34765,1,0.41541,0.33345,1,0.39658,0.36016,26.04410,0.77108,1,0.69666,0.38879,24.39855,0.77108,1,-0.02189,0.02332,0.57580,0.00461,1,0.18490,0.07904,2.49719,0.00440,0,0,0.00000,7
0.43545,0.33838,3253.43115,0.13428,6715,1,0.41478,0.31926,1,0.41615,0.35186,1,0.41547,0.33556,1,0.39657,0.36018,26.03157,0.77108,1,0.69664,0.38883,24.56341,0.76673,1,-0.02080,0.02225,0.54834,0.00460,1,0.04271,0.01787,0.56465,0.00439,1,0,0.00000,7
0.43434,0.33885,3253.43115,0.14062,6715,1,0.39850,0.34342,1,0.42368,0.35374,1,0.41109,0.34858,1,0.39660,0.35993,25.94225,0.76284,1,0.69676,0.38878,24.66286,0.75849,1,-0.02080,0.02225,0.54834,0.00460,1,0.04271,0.01787,0.56465,0.00428,1,0,0.00000,7
0.43302,0.33920,3253.43115,0.14746,6715,1,0.40336,0.34544,1,0.40434,0.34838,1,0.40385,0.34691,1,0.39666,0.35991,26.05454,0.75460,1,0.69681,0.38871,24.81203,0.75025,1,-0.02080,0.02225,0.54834,0.00464,1,0.04271,0.01787,0.56465,0.00430,1,0,0.00000,7
0.43187,0.33993,3253.43115,0.15356,6715,1,0.40626,0.35294,1,0.40484,0.36055,1,0.40555,0.35674,1,0.39677,0.35974,26.11129,0.74635,1,0.69666,0.38893,25.51889,0.73802,1,-0.02103,0.02253,0.55430,0.00458,1,0.04255,0.01779,0.56198,0.00430,1,0,0.00000,7
0.43060,0.34050,3253.43115,0.16016,6715,1,0.39565,0.36275,1,0.40464,0.34575,1,0.40014,0.35425,1,0.39678,0.35939,26.05565,0.73802,1,0.69690,0.38848,24.69644,0.73404,1,-0.02103,0.02253,0.55430,0.00460,1,0.04255,0.01779,0.56198,0.00430,1,0,0.00000,7
0.42958,0.34116,3253.43115,0.16724,6715,1,0.39511,0.38916,1,0.41278,0.32591,1,0.40394,0.35753,1,0.39682,0.35930,26.17793,0.73404,1,0.69689,0.38831,24.59336,0.73005,1,-0.02103,0.02253,0.55430,0.00460,1,0.04255,0.01779,0.56198,0.00429,1,0,0.00000,7
0.42866,0.34183,3253.43115,0.17456,6715,1,0.39660,0.39265,1,0.41278,0.32591,1,0.40469,0.35928,1,0.39678,0.35905,25.88464,0.73005,1,0.69668,0.38851,25.29547,0.73005,1,-0.02106,0.02283,0.55743,0.00459,1,0.04275,0.01793,0.56398,0.00429,1,0,0.00000,7
0.42791,0.34316,3253.43115,0.18091,6715,1,0.40540,0.36991,1,0.41003,0.38854,1,0.40771,0.37922,1,0.39676,0.35879,26.12726,0.73005,1,0.69674,0.38766,24.03559,0.73404,1,-0.02106,0.02283,0.55743,0.00459,1,0.04275,0.01793,0.56398,0.00428,1,0,0.00000,7
0.42710,0.34401,3253.43115,0.18750,6715,1,0.40059,0.36311,1,0.40824,0.37218,1,0.40441,0.36764,1,0.39687,0.35876,26.25286,0.73404,1,0.69663,0.38752,23.84685,0.73802,1,-0.02106,0.02283,0.55743,0.00462,1,0.04275,0.01793,0.56398,0.00427,1,0,0.00000,7
0.42629,0.34448,3253.43115,0.19434,6715,1,0.39770,0.35594,1,0.40779,0.36020,1,0.40275,0.35807,1,0.39684,0.35864,26.06844,0.74192,1,0.69646,0.38774,24.36301,0.75025,1,-0.02112,0.02298,0.56012,0.00462,1,0.18497,0.07950,2.48832,0.00433,0,0,0.00000,7
0.42540,0.34444,3253.43115,0.20093,6715,1,0.39327,0.35241,1,0.40425,0.33426,1,0.39876,0.34333,1,0.39688,0.35838,26.16168,0.75414,1,0.69658,0.38748,24.51337,0.75849,1,-0.02112,0.02298,0.56012,0.00462,1,0.18497,0.07950,2.48832,0.00425,0,0,0.00000,7
0.42442,0.34401,3253.43115,0.20850,6715,1,0.38651,0.33308,1,0.40152,0.32828,1,0.39402,0.33068,1,0.39689,0.35838,26.18140,0.76239,1,0.69658,0.38740,24.45725,0.76673,1,-0.02112,0.02298,0.56012,0.00461,1,0.18497,0.07950,2.48832,0.00424,0,0,0.00000,7
0.42344,0.34337,3253.43115,0.21411,6715,1,0.38346,0.32558,1,0.40117,0.32003,1,0.39232,0.32281,1,0.39690,0.35831,26.31000,0.77063,1,0.69647,0.38764,24.82785,0.77498,1,-0.02112,0.02306,0.56012,0.00460,1,0.18497,0.07950,2.48832,0.00430,0,0,0.00000,7
0.42263,0.34307,3253.43115,0.22095,6715,1,0.38428,0.34953,1,0.40749,0.31686,1,0.39589,0.33319,1,0.39730,0.35812,25.93665,0.77498,1,0.69737,0.38764,25.09977,0.77498,1,-0.02112,0.02306,0.56012,0.00461,1,0.18497,0.07950,2.48832,0.00435,0,0,0.00000,7
0.42330,0.34286,3253.43115,0.22803,6715,1,0.41841,0.34903,1,0.47321,0.32229,1,0.44581,0.33566,1,0.39815,0.35812,25.99294,0.77498,1,0.69831,0.38764,24.88885,0.77498,1,-0.02112,0.02306,0.56012,0.00466,1,0.18497,0.07950,2.48832,0.00441,0,0,0.00000,7
0.42392,0.34272,3253.43115,0.23462,6715,1,0.41841,0.34903,1,0.47302,0.32660,1,0.44571,0.33781,1,0.39944,0.35801,26.10579,0.77498,1,0.69939,0.38781,25.05877,0.77063,1,-0.02094,0.02337,0.56659,0.00467,1,0.17819,0.07597,2.37777,0.00440,0,0,0.00000,7
0.42604,0.34235,3253.43115,0.24219,6715,1,0.49816,0.34883,1,0.50699,0.30946,1,0.50257,0.32915,1,0.40059,0.35778,26.20952,0.77063,1,0.70063,0.38768,24.94859,0.76628,1,-0.02094,0.02337,0.56659,0.00466,1,0.17819,0.07597,2.37777,0.00438,0,0,0.00000,7
0.42795,0.34205,3253.43115,0.24829,6715,1,0.48456,0.34635,1,0.51263,0.31532,1,0.49860,0.33083,1,0.40084,0.35778,26.11734,0.76628,1,0.70065,0.38766,25.02244,0.76193,1,-0.02094,0.02337,0.56659,0.00467,1,0.17819,0.07597,2.37777,0.00438,0,0,0.00000,7
0.42977,0.34192,3253.43115,0.25464,6715,1,0.48562,0.35031,1,0.51185,0.32376,1,0.49874,0.33703,1,0.40094,0.35759,26.06240,0.76193,1,0.70080,0.38767,24.80553,0.75360,1,-0.02071,0.02321,0.56255,0.00470,1,0.04243,0.01769,0.55379,0.00440,1,0,0.00000,7
0.43156,0.34170,3253.43115,0.26172,6715,1,0.49199,0.35749,1,0.51107,0.30922,1,0.50153,0.33335,1,0.40075,0.35773,26.11975,0.75360,1,0.70059,0.38751,24.84113,0.74962,1,-0.02071,0.02321,0.56255,0.00464,1,0.04243,0.01769,0.55379,0.00442,1,0,0.00000,7
0.43297,0.34165,3253.43115,0.26807,6715,1,0.47674,0.35937,1,0.50146,0.32005,1,0.48910,0.33971,1,0.40063,0.35776,26.12432,0.74962,1,0.70044,0.38743,24.78302,0.74563,1,-0.02071,0.02321,0.56255,0.00470,1,0.04243,0.01769,0.55379,0.00439,1,0,0.00000,7
0.43432,0.34160,3253.43115,0.27515,6715,1,0.47778,0.36301,1,0.50182,0.31558,1,0.48980,0.33929,1,0.40041,0.35776,26.10481,0.74563,1,0.70034,0.38750,24.92504,0.74998,1,-0.02094,0.02337,0.56659,0.00467,1,0.18734,0.07987,2.49971,0.00438,0,0,0.00000,7
0.46163,0.33351,3253.43115,0.27515,6715,0,0.48315,0.36490,1,0.48789,0.30030,1,0.48552,0.33260,1,0.40035,0.35788,26.33549,0.74998,1,0.70015,0.38745,24.98182,0.75831,1,-0.02094,0.02337,0.56659,0.00464,1,0.18734,0.07987,2.49971,0.00438,0,0,0.00000,7
0.48055,0.33203,3253.43115,0.27515,6715,0,0.49712,0.36251,1,0.50184,0.29861,1,0.49948,0.33056,1,0.40025,0.35795,26.26965,0.75831,1,0.70007,0.38742,24.95675,0.76664,1,-0.02094,0.02337,0.56659,0.00466,1,0.18734,0.07987,2.49971,0.00444,0,0,0.00000,7
0.48659,0.32961,3253.43115,0.27515,6715,0,0.49518,0.35499,1,0.50216,0.29450,1,0.49867,0.32475,1,0.39995,0.35777,25.91240,0.76664,1,0.69986,0.38739,25.08396,0.77063,1,-0.02117,0.02353,0.57034,0.00465,1,0.17697,0.07578,2.36641,0.00438,0,0,0.00000,7
0.48571,0.33184,3253.71265,0.02026,6716,1,0.47781,0.36186,1,0.48828,0.31521,1,0.48305,0.33853,1,0.39978,0.35794,26.03311,0.77063,1,0.69980,0.38732,24.93655,0.76628,1,-0.02117,0.02353,0.57034,0.00464,1,0.17697,0.07578,2.36641,0.00440,0,0,0.00000,7
0.48387,0.33447,3253.71265,0.02686,6716,1,0.46755,0.36556,1,0.48552,0.32448,1,0.47654,0.34502,1,0.39974,0.35797,26.00739,0.76628,1,0.69972,0.38721,25.05774,0.76193,1,-0.02117,0.02353,0.57034,0.00467,1,0.17697,0.07578,2.36641,0.00440,0,0,0.00000,7
0.48270,0.33725,3253.71265,0.03320,6716,1,0.46871,0.36940,1,0.48502,0.33284,1,0.47687,0.35112,1,0.39967,0.35796,26.31452,0.76193,1,0.69965,0.38709,25.07494,0.75360,1,-0.02100,0.02325,0.56372,0.00464,1,0.04199,0.01770,0.55021,0.00441,1,0,0.00000,7
0.48041,0.34070,3253.71265,0.04004,6716,1,0.45986,0.36712,1,0.47340,0.35572,1,0.46663,0.36142,1,0.39951,0.35794,26.45972,0.75360,1,0.69964,0.38691,24.76445,0.74962,1,-0.02100,0.02325,0.56372,0.00467,1,0.04199,0.01770,0.55021,0.00443,1,0,0.00000,7
0.47822,0.34283,3253.71265,0.04663,6716,1,0.45260,0.35987,1,0.47314,0.35555,1,0.46287,0.35771,1,0.39949,0.35795,26.50616,0.74962,1,0.69954,0.38683,24.78531,0.74563,1,-0.02100,0.02325,0.56372,0.00465,1,0.04199,0.01770,0.55021,0.00446,1,0,0.00000,7
0.47662,0.34531,3253.71265,0.05298,6716,1,0.45490,0.36702,1,0.47277,0.36331,1,0.46383,0.36517,1,0.39936,0.35780,26.33764,0.74173,1,0.69942,0.38672,25.00631,0.73775,1,-0.02081,0.02299,0.55736,0.00466,1,0.04225,0.01785,0.55358,0.00440,1,0,0.00000,7
0.47680,0.34672,3253.71265,0.05981,6716,1,0.47110,0.36592,1,0.48573,0.35295,1,0.47841,0.35943,1,0.39921,0.35768,26.41714,0.73385,1,0.69937,0.38669,24.94698,0.73385,1,-0.02081,0.02299,0.55736,0.00464,1,0.04225,0.01785,0.55358,0.00439,1,0,0.00000,7
0.47758,0.34823,3253.71265,0.06689,6716,1,0.49125,0.37198,1,0.47964,0.35463,1,0.48544,0.36331,1,0.39913,0.35769,26.54770,0.72996,1,0.69926,0.38669,24.88150,0.72996,1,-0.02081,0.02299,0.55736,0.00463,1,0.04225,0.01785,0.55358,0.00441,1,0,0.00000,7
0.47825,0.34932,3253.71265,0.07373,6716,1,0.49125,0.37198,1,0.47986,0.35062,1,0.48555,0.36130,1,0.39899,0.35765,26.31901,0.72996,1,0.69921,0.38668,25.01814,0.73394,1,-0.02154,0.02375,0.57582,0.00467,1,0.17783,0.07683,2.38237,0.00441,0,0,0.00000,7
0.47798,0.34952,3253.71265,0.08032,6716,1,0.47603,0.36253,1,0.47356,0.34130,1,0.47479,0.35191,1,0.39889,0.35768,26.35688,0.73784,1,0.69903,0.38671,25.22669,0.74183,1,-0.02154,0.02375,0.57582,0.00470,1,0.17783,0.07683,2.38237,0.00438,0,0,0.00000,7
0.47741,0.34929,3253.71265,0.08618,6716,1,0.46896,0.35433,1,0.47089,0.33846,1,0.46992,0.34639,1,0.39888,0.35770,26.45849,0.74572,1,0.69901,0.38674,25.07889,0.74971,1,-0.02154,0.02375,0.57582,0.00467,1,0.17783,0.07683,2.38237,0.00438,0,0,0.00000,7
0.47688,0.34885,3253.71265,0.09326,6716,1,0.46788,0.35066,1,0.47106,0.33446,1,0.46947,0.34256,1,0.39868,0.35770,26.39801,0.74971,1,0.69899,0.38674,25.17729,0.75369,1,-0.02057,0.02263,0.54868,0.00472,1,0.17783,0.07683,2.38237,0.00438,0,0,0.00000,7
0.47561,0.34919,3253.71265,0.10034,6716,1,0.44992,0.35819,1,0.46330,0.35039,1,0.45661,0.35429,1,0.39871,0.35779,26.60833,0.74980,1,0.69890,0.38674,25.39620,0.74980,1,-0.02057,0.02263,0.54868,0.00469,1,0.17783,0.07683,2.38237,0.00439,0,0,0.00000,7
0.47421,0.34969,3253.71265,0.10693,6716,1,0.44432,0.35968,1,0.45949,0.35580,1,0.45190,0.35774,1,0.39862,0.35784,26.56902,0.74590,1,0.69888,0.38680,25.30606,0.74590,1,-0.02057,0.02263,0.54868,0.00467,1,0.17783,0.07683,2.38237,0.00437,0,0,0.00000,7
0.47301,0.35022,3253.71265,0.11377,6716,1,0.44550,0.36323,1,0.45950,0.35535,1,0.45250,0.35929,1,0.39841,0.35797,26.46281,0.74201,1,0.69891,0.38680,25.00727,0.74635,1,-0.02087,0.02288,0.55468,0.00468,1,0.18500,0.07994,2.47889,0.00441,0,0,0.00000,7
0.47199,0.35083,3253.71265,0.12183,6716,1,0.46046,0.34776,1,0.44675,0.37571,1,0.45361,0.36174,1,0.39832,0.35804,26.73631,0.74635,1,0.69881,0.38708,25.27655,0.75070,1,-0.02087,0.02288,0.55468,0.00470,1,0.18500,0.07994,2.47889,0.00439,0,0,0.00000,7
0.47055,0.35044,3253.71265,0.12720,6716,1,0.44627,0.35266,1,0.44026,0.33341,1,0.44327,0.34304,1,0.39820,0.35823,26.72040,0.75070,1,0.69881,0.38712,25.13162,0.75505,1,-0.02087,0.02288,0.55468,0.00470,1,0.18500,0.07994,2.47889,0.00438,0,0,0.00000,7
0.46922,0.34999,3253.71265,0.13403,6716,1,0.44497,0.34870,1,0.44026,0.33341,1,0.44262,0.34105,1,0.39805,0.35823,26.52176,0.75505,1,0.69863,0.38718,25.24998,0.75505,1,-0.02076,0.02263,0.55151,0.00472,1,0.17634,0.07582,2.36749,0.00440,0,0,0.00000,7
0.46861,0.34846,3253.71265,0.14062,6716,1,0.45747,0.32152,1,0.45419,0.31102,1,0.45583,0.31627,1,0.39790,0.35842,26.62246,0.75505,1,0.69845,0.38734,25.08803,0.75070,1,-0.02076,0.02263,0.55151,0.00471,1,0.17634,0.07582,2.36749,0.00445,0,0,0.00000,7
0.46786,0.34753,3253.71265,0.14746,6716,1,0.44767,0.33647,1,0.45501,0.31751,1,0.45134,0.32699,1,0.39783,0.35857,26.55038,0.75070,1,0.69821,0.38777,26.02591,0.74635,1,-0.02076,0.02263,0.55151,0.00471,1,0.17634,0.07582,2.36749,0.00441,0,0,0.00000,7
0.46720,0.34693,3253.71265,0.15405,6716,1,0.44896,0.34053,1,0.45482,0.32615,1,0.45189,0.33334,1,0.39769,0.35864,26.63858,0.74635,1,0.69825,0.38740,25.22865,0.73802,1,-0.02106,0.02283,0.55743,0.00473,1,0.04251,0.01787,0.55927,0.00441,1,0,0.00000,7
0.46635,0.34729,3253.71265,0.16089,6716,1,0.43347,0.36596,1,0.45872,0.34570,1,0.44610,0.35583,1,0.39739,0.35877,26.52314,0.73802,1,0.69792,0.38792,26.17945,0.73404,1,-0.02106,0.02283,0.55743,0.00469,1,0.04251,0.01787,0.55927,0.00440,1,0,0.00000,7
0.46512,0.34777,3253.71265,0.16748,6716,1,0.42423,0.36742,1,0.44466,0.35185,1,0.43444,0.35964,1,0.39732,0.35883,26.69028,0.73404,1,0.69778,0.38797,26.17890,0.73005,1,-0.02106,0.02283,0.55743,0.00470,1,0.04251,0.01787,0.55927,0.00442,1,0,0.00000,7
0.46401,0.34827,3253.71265,0.17407,6716,1,0.42556,0.37105,1,0.44466,0.35185,1,0.43511,0.36145,1,0.39722,0.35890,26.62124,0.73005,1,0.69780,0.38768,25.47017,0.73005,1,-0.02103,0.02270,0.55430,0.00473,1,0.17762,0.07633,2.38900,0.00439,0,0,0.00000,7
0.46288,0.34937,3253.71265,0.18091,6716,1,0.42778,0.39113,1,0.43674,0.36702,1,0.43226,0.37907,1,0.39701,0.35904,26.72531,0.73005,1,0.69752,0.38793,25.96773,0.73404,1,-0.02103,0.02270,0.55430,0.00473,1,0.17762,0.07633,2.38900,0.00442,0,0,0.00000,7
0.46185,0.34984,3253.71265,0.18750,6716,1,0.44510,0.36459,1,0.42076,0.36099,1,0.43293,0.36279,1,0.39697,0.35906,26.78543,0.73404,1,0.69741,0.38801,25.99580,0.73802,1,-0.02103,0.02270,0.55430,0.00471,1,0.17762,0.07633,2.38900,0.00439,0,0,0.00000,7
0.46086,0.35007,3253.71265,0.19409,6716,1,0.44387,0.36094,1,0.42059,0.35271,1,0.43223,0.35682,1,0.39694,0.35910,26.69538,0.73802,1,0.69738,0.38806,25.81548,0.74635,1,-0.02103,0.02266,0.55430,0.00472,1,0.18497,0.07950,2.48832,0.00441,0,0,0.00000,7
0.46085,0.35041,3253.71265,0.20068,6716,1,0.45345,0.35187,1,0.46745,0.36924,1,0.46045,0.36055,1,0.39748,0.35908,26.57803,0.74635,1,0.69835,0.38798,25.61785,0.75070,1,-0.02103,0.02266,0.55430,0.00474,1,0.18497,0.07950,2.48832,0.00444,0,0,0.00000,7
0.46177,0.35065,3253.71265,0.20874,6716,1,0.48286,0.34869,1,0.49813,0.36790,1,0.49049,0.35829,1,0.39796,0.35897,26.26805,0.75070,1,0.69906,0.38798,25.43117,0.75505,1,-0.02103,0.02266,0.55430,0.00477,1,0.18497,0.07950,2.48832,0.00444,0,0,0.00000,7
0.46261,0.35077,3253.71265,0.21387,6716,1,0.48077,0.34106,1,0.49812,0.36799,1,0.48945,0.35452,1,0.39879,0.35898,26.55657,0.75894,1,0.69967,0.38800,25.10542,0.75496,1,-0.02118,0.02305,0.56382,0.00475,1,0.04225,0.01769,0.55358,0.00450,1,0,0.00000,7
0.46400,0.35147,3253.71265,0.22095,6716,1,0.50689,0.38501,1,0.51299,0.36413,1,0.50994,0.37457,1,0.39922,0.35890,26.49472,0.75885,1,0.70005,0.38800,25.37966,0.75052,1,-0.02118,0.02305,0.56382,0.00476,1,0.04225,0.01769,0.55358,0.00446,1,0,0.00000,7
0.46557,0.35160,3253.71265,0.22778,6716,1,0.50514,0.34784,1,0.53224,0.36417,1,0.51869,0.35601,1,0.39918,0.35889,26.52525,0.75442,1,0.70003,0.38801,25.37211,0.74608,1,-0.02118,0.02305,0.56382,0.00477,1,0.04225,0.01769,0.55358,0.00449,1,0,0.00000,7
0.46707,0.35183,3253.71265,0.23438,6716,1,0.50701,0.35557,1,0.53224,0.36417,1,0.51962,0.35987,1,0.39926,0.35904,26.80946,0.74608,1,0.70004,0.38802,25.39050,0.74608,1,-0.02087,0.02263,0.55460,0.00477,1,0.18628,0.07974,2.49571,0.00449,0,0,0.00000,7
0.46805,0.35199,3253.71265,0.24121,6716,1,0.50346,0.36312,1,0.50331,0.35209,1,0.50338,0.35760,1,0.39901,0.35913,26.79411,0.74219,1,0.69961,0.38785,25.61478,0.75052,1,-0.02087,0.02263,0.55460,0.00483,1,0.18628,0.07974,2.49571,0.00447,0,0,0.00000,7
0.46927,0.35205,3253.71265,0.24780,6716,1,0.51507,0.36648,1,0.51353,0.34256,1,0.51430,0.35452,1,0.39878,0.35911,26.58389,0.74663,1,0.69958,0.38782,25.46451,0.75496,1,-0.02087,0.02263,0.55460,0.00474,1,0.18628,0.07974,2.49571,0.00444,0,0,0.00000,7
0.47040,0.35202,3253.71265,0.25464,6716,1,0.51330,0.35886,1,0.51353,0.34256,1,0.51342,0.35071,1,0.39859,0.35911,26.52494,0.75496,1,0.69932,0.38790,25.34395,0.75496,1,-0.02130,0.02291,0.56248,0.00478,1,0.04251,0.01787,0.55927,0.00446,1,0,0.00000,7
0.47117,0.35209,3253.71265,0.26123,6716,1,0.48853,0.36188,1,0.51402,0.34819,1,0.50128,0.35503,1,0.39839,0.35917,26.54286,0.75885,1,0.69906,0.38781,25.19751,0.75052,1,-0.02130,0.02291,0.56248,0.00482,1,0.04251,0.01787,0.55927,0.00448,1,0,0.00000,7
0.47189,0.35227,3253.71265,0.26758,6716,1,0.50273,0.37130,1,0.49860,0.34762,1,0.50067,0.35946,1,0.39823,0.35918,26.72968,0.75442,1,0.69886,0.38768,25.12457,0.74608,1,-0.02130,0.02291,0.56248,0.00481,1,0.04251,0.01787,0.55927,0.00445,1,0,0.00000,7
0.50190,0.35857,3253.71265,0.26758,6716,0,0.50374,0.37528,1,0.49857,0.34807,1,0.50115,0.36167,1,0.39808,0.35930,26.80799,0.74998,1,0.69886,0.38766,24.93587,0.74563,1,-0.02142,0.02295,0.56347,0.00473,1,0.04275,0.01802,0.56398,0.00446,1,0,0.00000,7
0.50391,0.35039,3253.71265,0.26758,6716,0,0.49648,0.33708,1,0.51534,0.34733,1,0.50591,0.34220,1,0.39778,0.35931,26.81073,0.74563,1,0.69832,0.38775,25.33612,0.74962,1,-0.02142,0.02295,0.56347,0.00477,1,0.04275,0.01802,0.56398,0.00447,1,0,0.00000,7
0.50015,0.34542,3253.71265,0.26758,6716,0,0.48391,0.33385,1,0.50133,0.33714,1,0.49262,0.33549,1,0.39760,0.35939,26.64637,0.74962,1,0.69804,0.38775,25.50360,0.75360,1,-0.02142,0.02295,0.56347,0.00480,1,0.04275,0.01802,0.56398,0.00444,1,0,0.00000,7
0.49831,0.34238,3253.98706,0.01953,6717,1,0.48389,0.33377,1,0.50169,0.33271,1,0.49279,0.33324,1,0.39727,0.35940,26.99033,0.74971,1,0.69799,0.38768,25.30091,0.75804,1,-0.02133,0.02272,0.55786,0.00474,1,0.18490,0.07979,2.49719,0.00448,0,0,0.00000,7
0.49653,0.33783,3253.98706,0.02710,6717,1,0.49185,0.32685,1,0.48698,0.31242,1,0.48941,0.31964,1,0.39702,0.35937,26.91804,0.75414,1,0.69747,0.38759,25.45690,0.75849,1,-0.02133,0.02272,0.55786,0.00476,1,0.18490,0.07979,2.49719,0.00446,0,0,0.00000,7
0.49431,0.33321,3253.98706,0.03320,6717,1,0.47447,0.32063,1,0.49200,0.29956,1,0.48324,0.31010,1,0.39676,0.35938,26.99351,0.75460,1,0.69724,0.38740,25.55377,0.75894,1,-0.02133,0.02272,0.55786,0.00477,1,0.18490,0.07979,2.49719,0.00445,0,0,0.00000,7
0.49270,0.33016,3253.98706,0.04004,6717,1,0.47435,0.32019,1,0.49173,0.30361,1,0.48304,0.31190,1,0.39647,0.35925,26.76557,0.75505,1,0.69699,0.38735,25.40180,0.75505,1,-0.02147,0.02269,0.55710,0.00472,1,0.04365,0.01863,0.58051,0.00448,1,0,0.00000,7
0.49248,0.33491,3253.98706,0.04663,6717,1,0.48236,0.36221,1,0.49944,0.37412,1,0.49090,0.36817,1,0.39603,0.35923,27.00847,0.75505,1,0.69654,0.38715,25.52101,0.75070,1,-0.02147,0.02269,0.55710,0.00478,1,0.04365,0.01863,0.58051,0.00444,1,0,0.00000,7
0.49158,0.33728,3253.98706,0.05322,6717,1,0.48698,0.35471,1,0.48185,0.35765,1,0.48442,0.35618,1,0.39562,0.35915,26.55731,0.75070,1,0.69629,0.38695,25.51533,0.74635,1,-0.02147,0.02269,0.55710,0.00473,1,0.04365,0.01863,0.58051,0.00447,1,0,0.00000,7
0.49086,0.33941,3253.98706,0.06055,6717,1,0.48709,0.35513,1,0.48160,0.36200,1,0.48435,0.35857,1,0.39538,0.35907,26.65684,0.75025,1,0.69598,0.38687,25.35423,0.74192,1,-0.02201,0.02308,0.56565,0.00474,1,0.04140,0.01785,0.55336,0.00448,1,0,0.00000,7
0.49183,0.34037,3253.98706,0.06714,6717,1,0.49868,0.35793,1,0.50448,0.34206,1,0.50158,0.34999,1,0.39535,0.35912,26.86026,0.74581,1,0.69598,0.38666,25.46622,0.74183,1,-0.02201,0.02308,0.56565,0.00476,1,0.04140,0.01785,0.55336,0.00446,1,0,0.00000,7
0.49512,0.34261,3253.98706,0.07397,6717,1,0.51596,0.40124,1,0.54651,0.33335,1,0.53124,0.36729,1,0.39589,0.35908,26.74167,0.74572,1,0.69681,0.38672,25.45941,0.74173,1,-0.02201,0.02308,0.56565,0.00482,1,0.04140,0.01785,0.55336,0.00446,1,0,0.00000,7
0.49793,0.34464,3253.98706,0.08081,6717,1,0.51681,0.40471,1,0.54651,0.33335,1,0.53166,0.36903,1,0.39672,0.35893,26.72260,0.74173,1,0.69752,0.38667,25.58539,0.74173,1,-0.02147,0.02277,0.55710,0.00481,1,0.04365,0.01872,0.58051,0.00445,1,0,0.00000,7
0.50482,0.34507,3253.98706,0.08691,6717,1,0.59004,0.39559,1,0.59893,0.30566,1,0.59448,0.35063,1,0.39836,0.35904,27.31076,0.73784,1,0.69848,0.38665,25.68916,0.74183,1,-0.02147,0.02277,0.55710,0.00482,1,0.04365,0.01872,0.58051,0.00445,1,0,0.00000,7
0.51157,0.34445,3253.98706,0.09399,6717,1,0.58920,0.38728,1,0.62268,0.28416,1,0.60594,0.33572,1,0.39835,0.35899,27.36361,0.73793,1,0.69849,0.38645,25.79322,0.74192,1,-0.02147,0.02277,0.55710,0.00481,1,0.04365,0.01872,0.58051,0.00447,1,0,0.00000,7
0.51743,0.34403,3253.98706,0.10059,6717,1,0.58919,0.38720,1,0.62175,0.28833,1,0.60547,0.33776,1,0.39842,0.35895,27.35872,0.73802,1,0.69860,0.38634,25.67429,0.73802,1,-0.02135,0.02269,0.55417,0.00479,1,0.04140,0.01794,0.55119,0.00444,1,0,0.00000,7
0.52163,0.34572,3253.98706,0.10742,6717,1,0.58988,0.38518,1,0.58755,0.36018,1,0.58872,0.37268,1,0.39762,0.35864,26.90702,0.73802,1,0.69798,0.38599,25.61982,0.73404,1,-0.02135,0.02269,0.55417,0.00480,1,0.04140,0.01794,0.55119,0.00446,1,0,0.00000,7
0.52544,0.34726,3253.98706,0.11401,6717,1,0.59027,0.39541,1,0.59012,0.35177,1,0.59019,0.37359,1,0.39739,0.35873,26.83388,0.73404,1,0.69774,0.38602,25.81075,0.73005,1,-0.02135,0.02269,0.55417,0.00481,1,0.04140,0.01794,0.55119,0.00442,1,0,0.00000,7
0.52887,0.34855,3253.98706,0.12085,6717,1,0.59028,0.39549,1,0.59089,0.34787,1,0.59059,0.37168,1,0.39723,0.35903,27.57648,0.73394,1,0.69734,0.38588,25.78961,0.73394,1,-0.02194,0.02301,0.56180,0.00479,1,0.04202,0.01830,0.56212,0.00440,1,0,0.00000,7
0.55699,0.35786,3253.98706,0.12085,6717,0,0.57350,0.38956,1,0.57706,0.31293,1,0.57528,0.35124,1,0.39656,0.35871,26.66792,0.73784,1,0.69694,0.38562,25.53316,0.74183,1,-0.02194,0.02301,0.56180,0.00486,1,0.04202,0.01830,0.56212,0.00446,1,0,0.00000,7
0.57393,0.35228,3253.98706,0.12085,6717,0,0.60081,0.39064,1,0.58094,0.30277,1,0.59088,0.34670,1,0.39637,0.35866,26.89995,0.74572,1,0.69669,0.38556,25.53850,0.74971,1,-0.02194,0.02301,0.56180,0.00475,1,0.04202,0.01830,0.56212,0.00448,1,0,0.00000,7
0.57982,0.34712,3253.98706,0.12085,6717,0,0.59999,0.38352,1,0.58317,0.29007,1,0.59158,0.33680,1,0.39624,0.35892,27.39959,0.75360,1,0.69660,0.38546,25.50340,0.76193,1,-0.02243,0.02334,0.56985,0.00479,1,0.18158,0.08114,2.49289,0.00448,0,0,0.00000,7
0.58080,0.34928,3254.11450,0.01978,6718,1,0.57086,0.35681,1,0.59665,0.35467,1,0.58375,0.35574,1,0.39556,0.35864,26.93946,0.76193,1,0.69594,0.38521,25.69817,0.76628,1,-0.02243,0.02334,0.56985,0.00476,1,0.18158,0.08114,2.49289,0.00445,0,0,0.00000,7
0.58091,0.34568,3254.11450,0.02661,6718,1,0.58061,0.34408,1,0.58207,0.31850,1,0.58134,0.33129,1,0.39531,0.35854,26.80504,0.76628,1,0.69578,0.38504,25.63350,0.77063,1,-0.02243,0.02334,0.56985,0.00479,1,0.18158,0.08114,2.49289,0.00446,0,0,0.00000,7
0.58093,0.34294,3254.11450,0.03271,6718,1,0.58006,0.34002,1,0.58207,0.31850,1,0.58107,0.32926,1,0.39522,0.35869,27.63167,0.77063,1,0.69563,0.38492,25.35992,0.77063,1,-0.02376,0.02454,0.59919,0.00475,1,0.04198,0.01860,0.56624,0.00445,1,0,0.00000,7
0.58097,0.33800,3254.11450,0.04028,6718,1,0.56941,0.33107,1,0.59299,0.28566,1,0.58120,0.30837,1,0.39456,0.35830,26.96977,0.77063,1,0.69508,0.38468,25.52757,0.76628,1,-0.02376,0.02454,0.59919,0.00476,1,0.04198,0.01860,0.56624,0.00441,1,0,0.00000,7
0.58009,0.33299,3254.11450,0.04639,6718,1,0.57350,0.32303,1,0.57425,0.27270,1,0.57387,0.29786,1,0.39445,0.35824,26.93196,0.76628,1,0.69491,0.38457,25.65160,0.76193,1,-0.02376,0.02454,0.59919,0.00483,1,0.04198,0.01860,0.56624,0.00445,1,0,0.00000,7
0.57939,0.32957,3254.11450,0.05322,6718,1,0.57408,0.32720,1,0.57351,0.27731,1,0.57380,0.30226,1,0.39436,0.35846,27.61775,0.76193,1,0.69476,0.38442,25.61373,0.75759,1,-0.02281,0.02338,0.57093,0.00475,1,0.04216,0.01888,0.57090,0.00442,1,0,0.00000,7
0.57864,0.33006,3254.11450,0.05981,6718,1,0.57200,0.31343,1,0.57193,0.35541,1,0.57196,0.33442,1,0.39384,0.35808,26.87199,0.75759,1,0.69446,0.38415,25.54549,0.75759,1,-0.02281,0.02338,0.57093,0.00479,1,0.04216,0.01888,0.57090,0.00446,1,0,0.00000,7
0.57683,0.32929,3254.11450,0.06616,6718,1,0.55713,0.31343,1,0.56022,0.32981,1,0.55867,0.32162,1,0.39367,0.35805,26.78177,0.75759,1,0.69433,0.38406,25.48937,0.75759,1,-0.02281,0.02338,0.57093,0.00481,1,0.04216,0.01888,0.57090,0.00447,1,0,0.00000,7
0.57532,0.32865,3254.11450,0.07349,6718,1,0.55713,0.31343,1,0.56022,0.32981,1,0.55867,0.32162,1,0.39346,0.35803,26.68605,0.75759,1,0.69409,0.38408,25.59174,0.75759,1,-0.02264,0.02315,0.56441,0.00484,1,0.04191,0.01885,0.56874,0.00443,1,0,0.00000,7
0.57406,0.32923,3254.11450,0.08032,6718,1,0.55316,0.34904,1,0.56482,0.32346,1,0.55899,0.33625,1,0.39321,0.35799,26.79079,0.75759,1,0.69392,0.38388,25.63611,0.75759,1,-0.02264,0.02315,0.56441,0.00476,1,0.04191,0.01885,0.56874,0.00446,1,0,0.00000,7
0.57324,0.32941,3254.11450,0.08716,6718,1,0.54552,0.34763,1,0.57974,0.31567,1,0.56263,0.33165,1,0.39306,0.35801,26.84073,0.75759,1,0.69371,0.38383,25.61768,0.75759,1,-0.02264,0.02315,0.56441,0.00478,1,0.04191,0.01885,0.56874,0.00447,1,0,0.00000,7
0.57253,0.32981,3254.11450,0.09302,6718,1,0.54619,0.35126,1,0.57904,0.31961,1,0.56261,0.33544,1,0.39293,0.35796,27.04293,0.75369,1,0.69360,0.38375,25.51218,0.75369,1,-0.02221,0.02268,0.55071,0.00478,1,0.04179,0.01884,0.56826,0.00443,1,0,0.00000,7
0.57168,0.33097,3254.11450,0.10034,6718,1,0.55757,0.38037,1,0.56008,0.31628,1,0.55882,0.34833,1,0.39277,0.35779,26.63453,0.74980,1,0.69340,0.38365,25.70251,0.74980,1,-0.02221,0.02268,0.55071,0.00483,1,0.04179,0.01884,0.56826,0.00442,1,0,0.00000,7
0.57047,0.33158,3254.11450,0.10645,6718,1,0.55134,0.38481,1,0.55081,0.29782,1,0.55108,0.34131,1,0.39265,0.35773,26.61856,0.74590,1,0.69335,0.38359,25.65160,0.74590,1,-0.02221,0.02268,0.55071,0.00486,1,0.04179,0.01884,0.56826,0.00444,1,0,0.00000,7
0.56941,0.33220,3254.11450,0.11304,6718,1,0.55199,0.38831,1,0.55088,0.29734,1,0.55143,0.34283,1,0.39252,0.35766,26.71262,0.74201,1,0.69330,0.38352,25.89429,0.74635,1,-0.02231,0.02282,0.55316,0.00476,1,0.17978,0.08302,2.49886,0.00441,0,0,0.00000,7
0.56792,0.33265,3254.11450,0.12012,6718,1,0.53462,0.35994,1,0.54756,0.32172,1,0.54109,0.34083,1,0.39237,0.35758,27.03311,0.74635,1,0.69318,0.38336,25.79162,0.75070,1,-0.02231,0.02282,0.55316,0.00473,1,0.17978,0.08302,2.49886,0.00444,0,0,0.00000,7
0.56636,0.33379,3254.11450,0.12671,6718,1,0.52808,0.34753,1,0.54528,0.36331,1,0.53668,0.35542,1,0.39243,0.35739,26.83171,0.75070,1,0.69318,0.38336,25.79162,0.75505,1,-0.02231,0.02282,0.55316,0.00481,1,0.17978,0.08302,2.49886,0.00444,0,0,0.00000,7
0.56494,0.33463,3254.11450,0.13379,6718,1,0.52723,0.34345,1,0.54587,0.35916,1,0.53655,0.35130,1,0.39237,0.35738,26.82274,0.75505,1,0.69325,0.38309,25.81020,0.75940,1,-0.02231,0.02282,0.55316,0.00479,1,0.18054,0.08393,2.50920,0.00446,0,0,0.00000,7
0.56349,0.33402,3254.11450,0.14014,6718,1,0.52550,0.31169,1,0.54054,0.33081,1,0.53302,0.32125,1,0.39236,0.35728,27.07200,0.75940,1,0.69329,0.38291,25.41822,0.75940,1,-0.02231,0.02282,0.55316,0.00477,1,0.18054,0.08393,2.50920,0.00444,0,0,0.00000,7
0.56259,0.33407,3254.11450,0.14746,6718,1,0.53233,0.34799,1,0.55327,0.32253,1,0.54280,0.33526,1,0.39237,0.35714,26.79489,0.75940,1,0.69332,0.38287,25.49111,0.75940,1,-0.02231,0.02282,0.55316,0.00477,1,0.18054,0.08393,2.50920,0.00444,0,0,0.00000,7
0.56175,0.33421,3254.11450,0.15332,6718,1,0.53233,0.34799,1,0.55263,0.32689,1,0.54248,0.33744,1,0.39242,0.35709,26.90307,0.75940,1,0.69331,0.38279,25.52124,0.75505,1,-0.02231,0.02290,0.55316,0.00479,1,0.04179,0.01901,0.56826,0.00446,1,0,0.00000,7
0.56011,0.33429,3254.11450,0.15991,6718,1,0.51019,0.36221,1,0.53127,0.30986,1,0.52073,0.33604,1,0.39241,0.35680,26.90912,0.75505,1,0.69334,0.38270,25.82189,0.75070,1,-0.02231,0.02290,0.55316,0.00478,1,0.04179,0.01901,0.56826,0.00445,1,0,0.00000,7
0.55889,0.33400,3254.11450,0.16724,6718,1,0.51629,0.35641,1,0.54062,0.29715,1,0.52846,0.32678,1,0.39249,0.35671,27.14508,0.75070,1,0.69335,0.38258,25.72733,0.74635,1,-0.02231,0.02290,0.55316,0.00476,1,0.04179,0.01901,0.56826,0.00444,1,0,0.00000,7
0.55776,0.33375,3254.11450,0.17358,6718,1,0.51638,0.35682,1,0.54056,0.29763,1,0.52847,0.32723,1,0.39246,0.35642,26.88663,0.75025,1,0.69339,0.38255,25.65544,0.74590,1,-0.02286,0.02359,0.56786,0.00478,1,0.04158,0.01896,0.56425,0.00445,1,0,0.00000,7
0.55655,0.33425,3254.11450,0.18115,6718,1,0.52252,0.36443,1,0.52492,0.33117,1,0.52372,0.34780,1,0.39266,0.35617,26.85500,0.74980,1,0.69353,0.38232,25.94607,0.74980,1,-0.02286,0.02359,0.56786,0.00478,1,0.04158,0.01896,0.56425,0.00443,1,0,0.00000,7
0.55574,0.33555,3254.11450,0.18896,6718,1,0.53597,0.38063,1,0.53052,0.36329,1,0.53324,0.37196,1,0.39268,0.35605,26.96320,0.75369,1,0.69365,0.38236,25.97607,0.75369,1,-0.02286,0.02359,0.56786,0.00486,1,0.04158,0.01896,0.56425,0.00448,1,0,0.00000,7
0.55499,0.33676,3254.11450,0.19385,6718,1,0.53597,0.38063,1,0.53052,0.36329,1,0.53324,0.37196,1,0.39280,0.35591,26.93670,0.75369,1,0.69380,0.38219,25.44839,0.75369,1,-0.02212,0.02312,0.55247,0.00479,1,0.04216,0.01927,0.57090,0.00447,1,0,0.00000,7
0.55351,0.33738,3254.11450,0.20068,6718,1,0.49879,0.35399,1,0.51886,0.35789,1,0.50883,0.35594,1,0.39293,0.35569,26.82629,0.74980,1,0.69397,0.38210,25.85152,0.74980,1,-0.02212,0.02312,0.55247,0.00483,1,0.04216,0.01927,0.57090,0.00446,1,0,0.00000,7
0.55235,0.33817,3254.11450,0.20752,6718,1,0.50717,0.35522,1,0.52567,0.36981,1,0.51642,0.36252,1,0.39295,0.35562,26.76972,0.74590,1,0.69408,0.38200,25.50393,0.74590,1,-0.02212,0.02312,0.55247,0.00479,1,0.04216,0.01927,0.57090,0.00446,1,0,0.00000,7
0.52736,0.34652,3254.11450,0.20752,6718,0,0.50804,0.35884,1,0.52572,0.36937,1,0.51688,0.36411,1,0.39317,0.35549,26.93752,0.74201,1,0.69415,0.38204,25.37066,0.74635,1,-0.02217,0.02327,0.55593,0.00479,1,0.18044,0.08395,2.48750,0.00446,0,0,0.00000,7
0.52500,0.34982,3254.11450,0.20752,6718,0,0.52592,0.34789,1,0.51936,0.35835,1,0.52264,0.35312,1,0.39326,0.35546,26.88404,0.74635,1,0.69439,0.38216,25.61209,0.75070,1,-0.02217,0.02327,0.55593,0.00477,1,0.18044,0.08395,2.48750,0.00444,0,0,0.00000,7
0.52187,0.35130,3254.11450,0.20752,6718,0,0.50541,0.33687,1,0.52582,0.37165,1,0.51562,0.35426,1,0.39341,0.35541,26.76843,0.75070,1,0.69440,0.38217,25.58019,0.75505,1,-0.02217,0.02327,0.55593,0.00481,1,0.18044,0.08395,2.48750,0.00444,0,0,0.00000,7
0.52013,0.35200,3254.32861,0.02002,6719,1,0.50444,0.33276,1,0.52537,0.37542,1,0.51491,0.35409,1,0.39348,0.35542,26.79315,0.75505,1,0.69451,0.38226,25.64205,0.75106,1,-0.02196,0.02313,0.55277,0.00482,1,0.04151,0.01875,0.55923,0.00449,1,0,0.00000,7
0.51769,0.34664,3254.32861,0.02686,6719,1,0.49956,0.34062,1,0.51632,0.30982,1,0.50794,0.32522,1,0.39367,0.35548,27.13507,0.75106,1,0.69464,0.38245,25.71677,0.74273,1,-0.02196,0.02313,0.55277,0.00481,1,0.04151,0.01875,0.55923,0.00445,1,0,0.00000,7
0.51656,0.34506,3254.32861,0.03345,6719,1,0.50312,0.35189,1,0.51865,0.32245,1,0.51089,0.33717,1,0.39371,0.35558,26.86921,0.74273,1,0.69465,0.38254,25.55127,0.73440,1,-0.02196,0.02313,0.55277,0.00480,1,0.04151,0.01875,0.55923,0.00446,1,0,0.00000,7
0.51585,0.34394,3254.32861,0.04028,6719,1,0.50414,0.35605,1,0.51906,0.31840,1,0.51160,0.33722,1,0.39382,0.35562,26.88915,0.73829,1,0.69480,0.38258,25.55182,0.73829,1,-0.02215,0.02346,0.56063,0.00479,1,0.18085,0.08306,2.48304,0.00440,0,0,0.00000,7
0.51558,0.34502,3254.32861,0.04688,6719,1,0.51951,0.37016,1,0.50786,0.33487,1,0.51369,0.35251,1,0.39401,0.35550,26.97956,0.74219,1,0.69489,0.38280,25.53441,0.75052,1,-0.02215,0.02346,0.56063,0.00482,1,0.18085,0.08306,2.48304,0.00443,0,0,0.00000,7
0.51424,0.34566,3254.32861,0.05347,6719,1,0.49460,0.36286,1,0.51248,0.33881,1,0.50354,0.35084,1,0.39402,0.35556,26.89244,0.75442,1,0.69495,0.38286,25.31591,0.76275,1,-0.02215,0.02346,0.56063,0.00483,1,0.18085,0.08306,2.48304,0.00442,0,0,0.00000,7
0.51309,0.34561,3254.32861,0.06006,6719,1,0.49262,0.35532,1,0.51286,0.33490,1,0.50274,0.34511,1,0.39402,0.35566,26.86580,0.76275,1,0.69501,0.38291,25.46672,0.76673,1,-0.02181,0.02314,0.55304,0.00480,1,0.04227,0.01899,0.56775,0.00446,1,0,0.00000,7
0.51002,0.34668,3254.32861,0.06714,6719,1,0.46930,0.35294,1,0.48930,0.36183,1,0.47930,0.35738,1,0.39416,0.35565,26.97786,0.76284,1,0.69514,0.38312,25.58367,0.75849,1,-0.02181,0.02314,0.55304,0.00480,1,0.04227,0.01899,0.56775,0.00444,1,0,0.00000,7
0.50782,0.34840,3254.32861,0.07324,6719,1,0.47544,0.36663,1,0.49184,0.36802,1,0.48364,0.36732,1,0.39401,0.35579,26.74750,0.75460,1,0.69512,0.38313,25.53186,0.75025,1,-0.02181,0.02314,0.55304,0.00475,1,0.04227,0.01899,0.56775,0.00443,1,0,0.00000,7
0.50598,0.35031,3254.32861,0.08057,6719,1,0.47658,0.37053,1,0.49125,0.37602,1,0.48392,0.37328,1,0.39415,0.35588,26.81152,0.75025,1,0.69510,0.38315,25.59375,0.74192,1,-0.02243,0.02385,0.56985,0.00478,1,0.04068,0.01822,0.54586,0.00444,1,0,0.00000,7
0.50411,0.35170,3254.32861,0.08691,6719,1,0.47495,0.38398,1,0.48469,0.35551,1,0.47982,0.36975,1,0.39418,0.35596,26.99414,0.74581,1,0.69498,0.38330,25.45438,0.74183,1,-0.02243,0.02385,0.56985,0.00480,1,0.04068,0.01822,0.54586,0.00444,1,0,0.00000,7
0.50230,0.35149,3254.32861,0.09399,6719,1,0.46987,0.39426,1,0.48399,0.30287,1,0.47693,0.34856,1,0.39404,0.35605,26.95497,0.74572,1,0.69497,0.38335,25.34517,0.74173,1,-0.02243,0.02385,0.56985,0.00475,1,0.04068,0.01822,0.54586,0.00445,1,0,0.00000,7
0.50074,0.35155,3254.32861,0.10010,6719,1,0.47095,0.39773,1,0.48375,0.30709,1,0.47735,0.35241,1,0.39397,0.35614,26.99953,0.74173,1,0.69501,0.38340,25.36905,0.73775,1,-0.02181,0.02306,0.55304,0.00476,1,0.04153,0.01847,0.55725,0.00447,1,0,0.00000,7
0.50009,0.35139,3254.32861,0.10815,6719,1,0.48583,0.37991,1,0.49340,0.31783,1,0.48961,0.34887,1,0.39394,0.35633,27.19319,0.73385,1,0.69485,0.38338,25.72195,0.73385,1,-0.02181,0.02306,0.55304,0.00477,1,0.04153,0.01847,0.55725,0.00442,1,0,0.00000,7
0.49916,0.35080,3254.32861,0.11450,6719,1,0.47801,0.34656,1,0.48871,0.33507,1,0.48336,0.34081,1,0.39383,0.35636,27.15199,0.72996,1,0.69469,0.38345,25.56685,0.72996,1,-0.02181,0.02306,0.55304,0.00479,1,0.04153,0.01847,0.55725,0.00446,1,0,0.00000,7
0.49836,0.35026,3254.32861,0.12085,6719,1,0.47905,0.35028,1,0.48901,0.33048,1,0.48403,0.34038,1,0.39371,0.35642,27.23869,0.72606,1,0.69464,0.38352,25.53725,0.73440,1,-0.02184,0.02305,0.55377,0.00480,1,0.18085,0.08231,2.48304,0.00446,0,0,0.00000,7
0.49801,0.34911,3254.32861,0.12744,6719,1,0.48504,0.34493,1,0.49755,0.30971,1,0.49129,0.32732,1,0.39359,0.35652,27.23752,0.73440,1,0.69445,0.38348,25.69863,0.74273,1,-0.02184,0.02305,0.55377,0.00481,1,0.18085,0.08231,2.48304,0.00444,0,0,0.00000,7
0.49717,0.34830,3254.32861,0.13428,6719,1,0.47330,0.35214,1,0.48731,0.31233,1,0.48030,0.33223,1,0.39350,0.35660,27.23474,0.74273,1,0.69428,0.38352,25.49838,0.75106,1,-0.02184,0.02305,0.55377,0.00481,1,0.18085,0.08231,2.48304,0.00443,0,0,0.00000,7
0.49633,0.34722,3254.32861,0.14136,6719,1,0.47002,0.34078,1,0.48756,0.30830,1,0.47879,0.32454,1,0.39324,0.35651,26.97897,0.75496,1,0.69420,0.38344,25.44447,0.75496,1,-0.02376,0.02490,0.59919,0.00479,1,0.04096,0.01829,0.55187,0.00443,1,0,0.00000,7
0.49574,0.34638,3254.32861,0.14771,6719,1,0.47232,0.35094,1,0.49336,0.30478,1,0.48284,0.32786,1,0.39299,0.35675,27.11039,0.75885,1,0.69402,0.38348,25.56672,0.75052,1,-0.02376,0.02490,0.59919,0.00479,1,0.04096,0.01829,0.55187,0.00439,1,0,0.00000,7
0.49520,0.34601,3254.32861,0.15454,6719,1,0.48669,0.36095,1,0.47852,0.31379,1,0.48261,0.33737,1,0.39294,0.35676,27.11755,0.75442,1,0.69391,0.38343,25.46094,0.74608,1,-0.02376,0.02490,0.59919,0.00479,1,0.04096,0.01829,0.55187,0.00446,1,0,0.00000,7
0.49472,0.34566,3254.32861,0.16113,6719,1,0.48779,0.36498,1,0.47872,0.30974,1,0.48326,0.33736,1,0.39265,0.35682,27.00175,0.74998,1,0.69372,0.38357,25.71716,0.74998,1,-0.02235,0.02333,0.56156,0.00484,1,0.18044,0.08246,2.48751,0.00444,0,0,0.00000,7
0.49385,0.34578,3254.32861,0.16797,6719,1,0.46018,0.38310,1,0.48403,0.31413,1,0.47210,0.34861,1,0.39245,0.35706,27.25016,0.74998,1,0.69347,0.38364,25.57454,0.75831,1,-0.02235,0.02333,0.56156,0.00478,1,0.18044,0.08246,2.48751,0.00441,0,0,0.00000,7
0.49258,0.34512,3254.32861,0.17456,6719,1,0.44694,0.35567,1,0.47223,0.30025,1,0.45958,0.32796,1,0.39234,0.35718,27.46822,0.75831,1,0.69345,0.38362,25.52493,0.76664,1,-0.02235,0.02333,0.56156,0.00480,1,0.18044,0.08246,2.48751,0.00446,0,0,0.00000,7
0.49138,0.34450,3254.32861,0.18115,6719,1,0.44563,0.35168,1,0.47206,0.30426,1,0.45884,0.32797,1,0.39211,0.35722,27.08258,0.76275,1,0.69324,0.38351,25.48208,0.76275,1,-0.02212,0.02287,0.55247,0.00485,1,0.04092,0.01835,0.55360,0.00439,1,0,0.00000,7
0.49052,0.34356,3254.32861,0.18774,6719,1,0.45029,0.31445,1,0.48279,0.32003,1,0.46654,0.31724,1,0.39197,0.35735,27.04523,0.75885,1,0.69299,0.38354,25.29964,0.75052,1,-0.02212,0.02287,0.55247,0.00486,1,0.04092,0.01835,0.55360,0.00446,1,0,0.00000,7
0.48978,0.34361,3254.32861,0.19482,6719,1,0.46820,0.33916,1,0.46848,0.35057,1,0.46834,0.34487,1,0.39207,0.35747,27.41981,0.74663,1,0.69328,0.38371,25.32512,0.73829,1,-0.02212,0.02287,0.55247,0.00481,1,0.04092,0.01835,0.55360,0.00444,1,0,0.00000,7
0.48912,0.34384,3254.32861,0.20142,6719,1,0.47048,0.34700,1,0.46830,0.35493,1,0.46939,0.35097,1,0.39237,0.35755,27.10828,0.73829,1,0.69352,0.38393,25.86114,0.73394,1,-0.02235,0.02316,0.56156,0.00483,1,0.04198,0.01877,0.56624,0.00442,1,0,0.00000,7
0.49089,0.34443,3254.32861,0.20801,6719,1,0.53008,0.36251,1,0.56115,0.36275,1,0.54561,0.36263,1,0.39407,0.35741,27.20219,0.73784,1,0.69528,0.38416,25.79172,0.74183,1,-0.02235,0.02316,0.56156,0.00493,1,0.04198,0.01877,0.56624,0.00447,1,0,0.00000,7
0.49381,0.34475,3254.32861,0.21484,6719,1,0.57789,0.34769,1,0.59710,0.36196,1,0.58749,0.35483,1,0.39547,0.35760,27.76579,0.74572,1,0.69618,0.38428,25.87773,0.74971,1,-0.02235,0.02316,0.56156,0.00495,1,0.04198,0.01877,0.56624,0.00445,1,0,0.00000,7
0.49659,0.34487,3254.32861,0.22144,6719,1,0.57736,0.34389,1,0.59879,0.35397,1,0.58807,0.34893,1,0.39679,0.35754,27.98970,0.74971,1,0.69747,0.38425,25.82172,0.75804,1,-0.02145,0.02278,0.55232,0.00489,1,0.18183,0.08190,2.47628,0.00443,0,0,0.00000,7
0.50065,0.34460,3254.32861,0.22778,6719,1,0.62624,0.33082,1,0.65169,0.33988,1,0.63896,0.33535,1,0.39814,0.35749,28.05603,0.75414,1,0.69858,0.38424,25.44183,0.75849,1,-0.02145,0.02278,0.55232,0.00491,1,0.18183,0.08190,2.47628,0.00446,0,0,0.00000,7
0.50416,0.34470,3254.32861,0.23438,6719,1,0.61128,0.36589,1,0.64259,0.33042,1,0.62693,0.34816,1,0.39799,0.35744,28.01421,0.75460,1,0.69840,0.38415,25.53963,0.75894,1,-0.02145,0.02278,0.55232,0.00489,1,0.18183,0.08190,2.47628,0.00443,0,0,0.00000,7
0.53407,0.34294,3254.32861,0.23438,6719,0,0.61124,0.36547,1,0.64270,0.32997,1,0.62697,0.34772,1,0.39813,0.35732,27.98952,0.75505,1,0.69835,0.38415,25.63851,0.75940,1,-0.02145,0.02287,0.55232,0.00492,1,0.18276,0.08250,2.48864,0.00442,0,0,0.00000,7
0.57407,0.34024,3254.32861,0.23438,6719,0,0.60723,0.35824,1,0.62092,0.31686,1,0.61407,0.33755,1,0.39783,0.35734,28.23365,0.75940,1,0.69828,0.38398,25.73771,0.75940,1,-0.02145,0.02287,0.55232,0.00490,1,0.18276,0.08250,2.48864,0.00445,0,0,0.00000,7
0.59319,0.33680,3254.32861,0.23438,6719,0,0.62500,0.35056,1,0.63785,0.30924,1,0.63143,0.32990,1,0.39767,0.35734,28.18950,0.75940,1,0.69814,0.38393,25.83037,0.75940,1,-0.02145,0.02287,0.55232,0.00488,1,0.18276,0.08250,2.48864,0.00442,0,0,0.00000,7
0.60267,0.33413,3254.56982,0.02002,6720,1,0.62442,0.34288,1,0.63781,0.30943,1,0.63111,0.32615,1,0.39751,0.35727,28.00418,0.76754,1,0.69802,0.38380,25.68786,0.75921,1,-0.02256,0.02396,0.57871,0.00490,1,0.04140,0.01834,0.55336,0.00445,1,0,0.00000,7
0.60590,0.33025,3254.56982,0.02710,6720,1,0.61318,0.33848,1,0.62446,0.29090,1,0.61882,0.31469,1,0.39735,0.35718,28.06502,0.76735,1,0.69797,0.38376,25.65576,0.75902,1,-0.02256,0.02396,0.57871,0.00490,1,0.04140,0.01834,0.55336,0.00445,1,0,0.00000,7
0.60688,0.32827,3254.56982,0.03369,6720,1,0.59886,0.33752,1,0.62474,0.29931,1,0.61180,0.31841,1,0.39732,0.35716,28.06487,0.76716,1,0.69793,0.38379,25.79584,0.75883,1,-0.02256,0.02396,0.57871,0.00488,1,0.04140,0.01834,0.55336,0.00444,1,0,0.00000,7
0.60751,0.32804,3254.56982,0.04004,6720,1,0.59972,0.34539,1,0.62279,0.30787,1,0.61125,0.32663,1,0.39716,0.35731,28.25715,0.75883,1,0.69782,0.38374,25.50602,0.75050,1,-0.02146,0.02271,0.54843,0.00488,1,0.04140,0.01834,0.55336,0.00444,1,0,0.00000,7
0.60832,0.33040,3254.56982,0.04712,6720,1,0.60549,0.37519,1,0.62254,0.31871,1,0.61401,0.34695,1,0.39694,0.35737,28.10321,0.74235,1,0.69759,0.38388,25.62976,0.74235,1,-0.02146,0.02271,0.54843,0.00486,1,0.04140,0.01834,0.55336,0.00445,1,0,0.00000,7
0.60821,0.33084,3254.56982,0.05420,6720,1,0.59906,0.33804,1,0.61560,0.33067,1,0.60733,0.33435,1,0.39684,0.35738,28.01037,0.73421,1,0.69754,0.38390,25.64292,0.73421,1,-0.02146,0.02271,0.54843,0.00488,1,0.04140,0.01834,0.55336,0.00445,1,0,0.00000,7
0.60814,0.33142,3254.56982,0.06055,6720,1,0.59951,0.34224,1,0.61554,0.33093,1,0.60753,0.33659,1,0.39669,0.35756,28.07393,0.72996,1,0.69744,0.38392,25.91374,0.73394,1,-0.02224,0.02340,0.56722,0.00490,1,0.04848,0.02150,0.64849,0.00441,1,0,0.00000,7
0.60793,0.33381,3254.56982,0.06714,6720,1,0.60727,0.37142,1,0.60427,0.34415,1,0.60577,0.35778,1,0.39649,0.35769,27.97352,0.73784,1,0.69727,0.38405,25.73512,0.74183,1,-0.02224,0.02340,0.56722,0.00492,1,0.04848,0.02150,0.64849,0.00442,1,0,0.00000,7
0.60733,0.33662,3254.56982,0.07397,6720,1,0.59789,0.37977,1,0.60352,0.35509,1,0.60071,0.36743,1,0.39638,0.35778,28.23351,0.74572,1,0.69727,0.38411,25.52001,0.74971,1,-0.02224,0.02340,0.56722,0.00487,1,0.04848,0.02150,0.64849,0.00444,1,0,0.00000,7
0.60688,0.33825,3254.56982,0.08057,6720,1,0.59705,0.37255,1,0.60610,0.34326,1,0.60158,0.35790,1,0.39628,0.35795,28.15680,0.75360,1,0.69718,0.38412,25.77353,0.76193,1,-0.02243,0.02351,0.56985,0.00483,1,0.18276,0.08283,2.49860,0.00446,0,0,0.00000,7
0.60641,0.33607,3254.56982,0.08813,6720,1,0.57916,0.35244,1,0.62136,0.26282,1,0.60026,0.30763,1,0.39618,0.35830,28.19519,0.76193,1,0.69701,0.38442,25.74941,0.76628,1,-0.02243,0.02351,0.56985,0.00487,1,0.18276,0.08283,2.49860,0.00443,0,0,0.00000,7
0.60541,0.33313,3254.56982,0.09448,6720,1,0.57009,0.31784,1,0.61258,0.26634,1,0.59133,0.29209,1,0.39609,0.35845,28.09596,0.76628,1,0.69704,0.38451,25.75982,0.77063,1,-0.02243,0.02351,0.56985,0.00489,1,0.18276,0.08283,2.49860,0.00439,0,0,0.00000,7
0.60450,0.33068,3254.56982,0.10083,6720,1,0.57002,0.31741,1,0.61174,0.27045,1,0.59088,0.29393,1,0.39597,0.35862,28.16979,0.76673,1,0.69684,0.38462,25.81676,0.76673,1,-0.02181,0.02265,0.55304,0.00487,1,0.04230,0.01863,0.56706,0.00441,1,0,0.00000,7
0.60372,0.33129,3254.56982,0.10742,6720,1,0.58212,0.36452,1,0.60045,0.31748,1,0.59129,0.34100,1,0.39581,0.35888,28.08289,0.76284,1,0.69672,0.38479,25.64246,0.75849,1,-0.02181,0.02265,0.55304,0.00488,1,0.04230,0.01863,0.56706,0.00441,1,0,0.00000,7
0.60265,0.33177,3254.56982,0.11401,6720,1,0.57929,0.34606,1,0.58960,0.33381,1,0.58445,0.33994,1,0.39575,0.35912,28.07244,0.75460,1,0.69668,0.38494,25.75251,0.75025,1,-0.02181,0.02265,0.55304,0.00487,1,0.04230,0.01863,0.56706,0.00443,1,0,0.00000,7
0.60166,0.33273,3254.56982,0.12109,6720,1,0.58036,0.35386,1,0.58724,0.34600,1,0.58380,0.34993,1,0.39559,0.35931,28.14038,0.74635,1,0.69651,0.38505,25.78336,0.73802,1,-0.02184,0.02255,0.55377,0.00487,1,0.04153,0.01831,0.55725,0.00440,1,0,0.00000,7
0.60054,0.33400,3254.56982,0.12744,6720,1,0.58414,0.37348,1,0.57430,0.34296,1,0.57922,0.35822,1,0.39547,0.35970,28.19898,0.73802,1,0.69645,0.38534,25.87326,0.73404,1,-0.02184,0.02255,0.55377,0.00491,1,0.04153,0.01831,0.55725,0.00438,1,0,0.00000,7
0.59916,0.33498,3254.56982,0.13477,6720,1,0.57655,0.39996,1,0.56667,0.30924,1,0.57161,0.35460,1,0.39533,0.35988,28.11791,0.73404,1,0.69639,0.38545,25.94669,0.73005,1,-0.02184,0.02255,0.55377,0.00487,1,0.04153,0.01831,0.55725,0.00438,1,0,0.00000,7
0.59792,0.33578,3254.56982,0.14087,6720,1,0.57656,0.40005,1,0.56732,0.30512,1,0.57194,0.35258,1,0.39519,0.36012,28.05816,0.73395,1,0.69630,0.38561,25.77313,0.73395,1,-0.02215,0.02262,0.56062,0.00490,1,0.04227,0.01848,0.56775,0.00438,1,0,0.00000,7
0.59696,0.33662,3254.56982,0.14746,6720,1,0.56768,0.36352,1,0.58379,0.34637,1,0.57573,0.35494,1,0.39514,0.36058,28.13464,0.73784,1,0.69613,0.38581,25.32507,0.74183,1,-0.02215,0.02262,0.56062,0.00490,1,0.04227,0.01848,0.56775,0.00442,1,0,0.00000,7
0.59575,0.33776,3254.56982,0.15430,6720,1,0.55815,0.38327,1,0.57788,0.34515,1,0.56802,0.36421,1,0.39500,0.36076,28.15002,0.74572,1,0.69608,0.38593,25.72611,0.74971,1,-0.02215,0.02262,0.56062,0.00487,1,0.04227,0.01848,0.56775,0.00440,1,0,0.00000,7
0.59466,0.33859,3254.56982,0.16089,6720,1,0.55752,0.37967,1,0.57937,0.33695,1,0.56845,0.35831,1,0.39493,0.36109,28.09110,0.74971,1,0.69596,0.38612,25.74379,0.75804,1,-0.02196,0.02222,0.55277,0.00488,1,0.18026,0.08038,2.47516,0.00442,0,0,0.00000,7
0.59314,0.33709,3254.56982,0.16772,6720,1,0.54136,0.32901,1,0.56876,0.27040,1,0.55506,0.29971,1,0.39475,0.36137,28.12676,0.75414,1,0.69590,0.38614,25.40197,0.75849,1,-0.02196,0.02222,0.55277,0.00486,1,0.18026,0.08038,2.47516,0.00443,0,0,0.00000,7
0.59231,0.33623,3254.56982,0.17432,6720,1,0.55495,0.34805,1,0.58667,0.27976,1,0.57081,0.31391,1,0.39465,0.36150,28.04631,0.75460,1,0.69587,0.38634,25.09944,0.75895,1,-0.02196,0.02222,0.55277,0.00484,1,0.18026,0.08038,2.47516,0.00446,0,0,0.00000,7
0.59154,0.33542,3254.56982,0.18042,6720,1,0.55488,0.34762,1,0.58676,0.27928,1,0.57082,0.31345,1,0.39429,0.36133,27.27517,0.75505,1,0.69571,0.38649,25.74587,0.75940,1,-0.02196,0.02214,0.55277,0.00489,1,0.18085,0.08008,2.48304,0.00443,0,0,0.00000,7
0.59068,0.33516,3254.56982,0.18701,6720,1,0.55800,0.36762,1,0.57519,0.28831,1,0.56660,0.32797,1,0.39407,0.36162,27.47059,0.75940,1,0.69554,0.38652,25.76343,0.75940,1,-0.02196,0.02214,0.55277,0.00487,1,0.18085,0.08008,2.48304,0.00437,0,0,0.00000,7
0.58959,0.33441,3254.56982,0.19434,6720,1,0.55342,0.33144,1,0.56257,0.29394,1,0.55800,0.31269,1,0.39399,0.36173,27.56252,0.75940,1,0.69551,0.38653,25.66076,0.75940,1,-0.02196,0.02214,0.55277,0.00488,1,0.18085,0.08008,2.48304,0.00437,0,0,0.00000,7
0.58855,0.33373,3254.56982,0.20117,6720,1,0.55279,0.32773,1,0.56188,0.29855,1,0.55733,0.31314,1,0.39384,0.36182,27.39274,0.76329,1,0.69524,0.38666,25.47252,0.75496,1,-0.02285,0.02286,0.57196,0.00491,1,0.04096,0.01780,0.55187,0.00441,1,0,0.00000,7
0.58733,0.33379,3254.56982,0.20752,6720,1,0.53142,0.35395,1,0.56784,0.31738,1,0.54963,0.33566,1,0.39366,0.36196,27.42794,0.75885,1,0.69506,0.38661,25.48869,0.75052,1,-0.02285,0.02286,0.57196,0.00487,1,0.04096,0.01780,0.55187,0.00438,1,0,0.00000,7
0.58619,0.33339,3254.56982,0.21411,6720,1,0.54456,0.31661,1,0.55425,0.32486,1,0.54941,0.32074,1,0.39350,0.36202,27.36231,0.75442,1,0.69505,0.38666,25.67607,0.74608,1,-0.02285,0.02286,0.57196,0.00485,1,0.04096,0.01780,0.55187,0.00441,1,0,0.00000,7
0.58512,0.33314,3254.56982,0.22095,6720,1,0.54600,0.32475,1,0.55425,0.32486,1,0.55013,0.32481,1,0.39335,0.36204,27.14009,0.74608,1,0.69486,0.38677,25.48875,0.74608,1,-0.02212,0.02196,0.55247,0.00489,1,0.18044,0.08022,2.48750,0.00441,0,0,0.00000,7
0.56011,0.32700,3254.56982,0.22095,6720,0,0.55476,0.35895,1,0.55935,0.32000,1,0.55705,0.33947,1,0.39294,0.36220,27.21789,0.74219,1,0.69458,0.38681,25.35100,0.75052,1,-0.02212,0.02196,0.55247,0.00487,1,0.18044,0.08022,2.48750,0.00440,0,0,0.00000,7
0.55146,0.33487,3254.56982,0.22095,6720,0,0.53751,0.35703,1,0.54811,0.32843,1,0.54281,0.34273,1,0.39288,0.36230,27.27428,0.74663,1,0.69449,0.38672,25.30775,0.75496,1,-0.02212,0.02196,0.55247,0.00486,1,0.18044,0.08022,2.48750,0.00445,0,0,0.00000,7
0.54832,0.33619,3254.56982,0.22095,6720,0,0.53597,0.34926,1,0.54811,0.32843,1,0.54204,0.33885,1,0.39273,0.36236,27.16175,0.75496,1,0.69426,0.38679,25.66327,0.75496,1,-0.02286,0.02257,0.56786,0.00486,1,0.04092,0.01785,0.55360,0.00438,1,0,0.00000,7
0.54396,0.33648,3254.79712,0.02051,6721,1,0.51396,0.34863,1,0.54779,0.32606,1,0.53088,0.33734,1,0.39256,0.36248,27.31913,0.75885,1,0.69418,0.38676,25.24302,0.75052,1,-0.02286,0.02257,0.56786,0.00487,1,0.04092,0.01785,0.55360,0.00440,1,0,0.00000,7
0.54112,0.33964,3254.79712,0.02734,6721,1,0.52730,0.37024,1,0.53224,0.33430,1,0.52977,0.35227,1,0.39231,0.36246,27.10856,0.75442,1,0.69397,0.38677,25.25703,0.74608,1,-0.02286,0.02257,0.56786,0.00484,1,0.04092,0.01785,0.55360,0.00438,1,0,0.00000,7
0.53932,0.34274,3254.79712,0.03369,6721,1,0.52893,0.37777,1,0.53171,0.33868,1,0.53032,0.35822,1,0.39208,0.36257,27.54700,0.74608,1,0.69374,0.38687,25.53056,0.74173,1,-0.02234,0.02194,0.55189,0.00481,1,0.04191,0.01834,0.56874,0.00439,1,0,0.00000,7
0.53830,0.34555,3254.79712,0.04053,6721,1,0.52807,0.37947,1,0.53634,0.34538,1,0.53221,0.36243,1,0.39195,0.36259,27.45201,0.73784,1,0.69350,0.38676,25.28090,0.74183,1,-0.02234,0.02194,0.55189,0.00487,1,0.04191,0.01834,0.56874,0.00439,1,0,0.00000,7
0.53602,0.34729,3254.79712,0.04761,6721,1,0.51789,0.37897,1,0.52218,0.33999,1,0.52004,0.35948,1,0.39183,0.36257,27.48106,0.73793,1,0.69348,0.38676,25.17957,0.74192,1,-0.02234,0.02194,0.55189,0.00483,1,0.04191,0.01834,0.56874,0.00442,1,0,0.00000,7
0.53424,0.34864,3254.79712,0.05420,6721,1,0.51787,0.37888,1,0.52219,0.33990,1,0.52003,0.35939,1,0.39160,0.36273,27.47780,0.73802,1,0.69323,0.38668,25.39637,0.74201,1,-0.02248,0.02199,0.55325,0.00480,1,0.04197,0.01841,0.57073,0.00436,1,0,0.00000,7
0.53340,0.34922,3254.79712,0.06079,6721,1,0.52228,0.37869,1,0.52935,0.33020,1,0.52581,0.35444,1,0.39137,0.36265,27.21809,0.74201,1,0.69301,0.38670,25.24451,0.74201,1,-0.02248,0.02199,0.55325,0.00480,1,0.04197,0.01841,0.57073,0.00438,1,0,0.00000,7
0.53297,0.34979,3254.79712,0.06787,6721,1,0.53521,0.38072,1,0.52212,0.33044,1,0.52866,0.35558,1,0.39132,0.36263,27.24124,0.74201,1,0.69285,0.38660,25.18862,0.74201,1,-0.02248,0.02199,0.55325,0.00481,1,0.04197,0.01841,0.57073,0.00440,1,0,0.00000,7
0.53260,0.34996,3254.79712,0.07422,6721,1,0.53447,0.37719,1,0.52255,0.32647,1,0.52851,0.35183,1,0.39119,0.36264,27.42683,0.74590,1,0.69271,0.38664,25.55955,0.74590,1,-0.02307,0.02252,0.56666,0.00485,1,0.04202,0.01846,0.57254,0.00437,1,0,0.00000,7
0.53170,0.34910,3254.79712,0.08105,6721,1,0.51507,0.36869,1,0.52678,0.30880,1,0.52092,0.33875,1,0.39106,0.36260,27.41060,0.74980,1,0.69252,0.38654,25.33175,0.74980,1,-0.02307,0.02252,0.56666,0.00482,1,0.04202,0.01846,0.57254,0.00436,1,0,0.00000,7
0.53060,0.34805,3254.79712,0.08716,6721,1,0.51217,0.36270,1,0.52047,0.30600,1,0.51632,0.33435,1,0.39082,0.36259,27.10186,0.75369,1,0.69255,0.38650,25.20342,0.75369,1,-0.02307,0.02252,0.56666,0.00479,1,0.04202,0.01846,0.57254,0.00436,1,0,0.00000,7
0.52964,0.34727,3254.79712,0.09424,6721,1,0.51217,0.36270,1,0.52005,0.31013,1,0.51611,0.33642,1,0.39075,0.36257,27.20819,0.75369,1,0.69249,0.38656,25.38186,0.74971,1,-0.02255,0.02197,0.55282,0.00481,1,0.04066,0.01788,0.55453,0.00435,1,0,0.00000,7
0.52845,0.34705,3254.79712,0.10083,6721,1,0.51085,0.36940,1,0.51045,0.31802,1,0.51065,0.34371,1,0.39068,0.36254,27.00791,0.74581,1,0.69224,0.38648,25.28891,0.74183,1,-0.02255,0.02197,0.55282,0.00482,1,0.04066,0.01788,0.55453,0.00442,1,0,0.00000,7
0.52695,0.34699,3254.79712,0.10742,6721,1,0.50735,0.37086,1,0.49856,0.32132,1,0.50295,0.34609,1,0.39066,0.36253,26.95487,0.73793,1,0.69216,0.38650,25.11001,0.73395,1,-0.02255,0.02197,0.55282,0.00480,1,0.04066,0.01788,0.55453,0.00443,1,0,0.00000,7
0.52563,0.34716,3254.79712,0.11401,6721,1,0.50825,0.37453,1,0.49824,0.32549,1,0.50324,0.35001,1,0.39060,0.36247,26.84328,0.73395,1,0.69212,0.38639,25.01624,0.72996,1,-0.02323,0.02260,0.56845,0.00479,1,0.04066,0.01788,0.55453,0.00440,1,0,0.00000,7
0.52414,0.34645,3254.79712,0.12085,6721,1,0.50309,0.36013,1,0.49128,0.30704,1,0.49718,0.33358,1,0.39063,0.36233,27.16385,0.73385,1,0.69204,0.38636,25.10338,0.73385,1,-0.02323,0.02260,0.56845,0.00484,1,0.04066,0.01788,0.55453,0.00439,1,0,0.00000,7
0.52275,0.34510,3254.79712,0.12793,6721,1,0.49964,0.34695,1,0.49309,0.29229,1,0.49637,0.31962,1,0.39060,0.36223,27.10520,0.73775,1,0.69202,0.38633,25.06096,0.73775,1,-0.02323,0.02260,0.56845,0.00483,1,0.04066,0.01788,0.55453,0.00439,1,0,0.00000,7
0.52148,0.34370,3254.79712,0.13403,6721,1,0.49872,0.34326,1,0.49337,0.28808,1,0.49605,0.31567,1,0.39056,0.36221,27.13946,0.74164,1,0.69199,0.38622,25.15332,0.74164,1,-0.02323,0.02260,0.56845,0.00484,1,0.04066,0.01801,0.55453,0.00441,1,0,0.00000,7
0.52047,0.34498,3254.79712,0.14062,6721,1,0.50385,0.37253,1,0.49493,0.37100,1,0.49939,0.37176,1,0.39055,0.36211,27.02808,0.74164,1,0.69198,0.38613,25.14075,0.74164,1,-0.02323,0.02260,0.56845,0.00482,1,0.04066,0.01801,0.55453,0.00442,1,0,0.00000,7
0.51941,0.34608,3254.79712,0.14746,6721,1,0.50129,0.36937,1,0.49097,0.37126,1,0.49613,0.37032,1,0.39055,0.36205,26.83579,0.74164,1,0.69201,0.38602,25.39909,0.74164,1,-0.02323,0.02260,0.56845,0.00482,1,0.04066,0.01801,0.55453,0.00442,1,0,0.00000,7
0.51846,0.34724,3254.79712,0.15503,6721,1,0.50219,0.37294,1,0.49070,0.37503,1,0.49645,0.37399,1,0.39060,0.36210,27.05733,0.73775,1,0.69197,0.38605,25.52539,0.73775,1,-0.02260,0.02215,0.55629,0.00481,1,0.04066,0.01805,0.55453,0.00441,1,0,0.00000,7
0.51728,0.34851,3254.79712,0.16162,6721,1,0.48455,0.37171,1,0.49370,0.38611,1,0.48912,0.37891,1,0.39069,0.36207,27.08814,0.73385,1,0.69195,0.38590,25.41252,0.73385,1,-0.02260,0.02215,0.55629,0.00480,1,0.04066,0.01805,0.55453,0.00439,1,0,0.00000,7
0.51581,0.34951,3254.79712,0.16724,6721,1,0.48651,0.37384,1,0.47143,0.37538,1,0.47897,0.37461,1,0.39083,0.36221,27.29561,0.72996,1,0.69199,0.38589,25.33775,0.72996,1,-0.02260,0.02215,0.55629,0.00479,1,0.04066,0.01805,0.55453,0.00441,1,0,0.00000,7
0.51447,0.35043,3254.79712,0.17456,6721,1,0.48751,0.37742,1,0.47163,0.37103,1,0.47957,0.37423,1,0.39083,0.36213,27.13073,0.72606,1,0.69207,0.38583,25.22404,0.73440,1,-0.02248,0.02207,0.55325,0.00476,1,0.18054,0.08167,2.50920,0.00439,0,0,0.00000,7
0.51307,0.35027,3254.79712,0.18164,6721,1,0.46931,0.33503,1,0.48154,0.35691,1,0.47542,0.34597,1,0.39090,0.36218,27.20584,0.73440,1,0.69220,0.38583,25.08136,0.74273,1,-0.02248,0.02207,0.55325,0.00475,1,0.18054,0.08167,2.50920,0.00441,0,0,0.00000,7
0.51204,0.35003,3254.79712,0.18823,6721,1,0.47703,0.33075,1,0.48895,0.35577,1,0.48299,0.34326,1,0.39091,0.36223,27.25274,0.74273,1,0.69227,0.38574,25.06006,0.75106,1,-0.02248,0.02207,0.55325,0.00473,1,0.18054,0.08167,2.50920,0.00441,0,0,0.00000,7
0.51102,0.34948,3254.79712,0.19507,6721,1,0.47382,0.31905,1,0.48947,0.34808,1,0.48165,0.33356,1,0.39107,0.36235,27.15302,0.75496,1,0.69232,0.38575,25.13575,0.75895,1,-0.02305,0.02259,0.56830,0.00473,1,0.04197,0.01858,0.57073,0.00441,1,0,0.00000,7
0.50990,0.34976,3254.79712,0.20117,6721,1,0.48192,0.35212,1,0.47042,0.36395,1,0.47617,0.35803,1,0.39117,0.36250,27.10954,0.76284,1,0.69250,0.38609,25.23419,0.75849,1,-0.02305,0.02259,0.56830,0.00476,1,0.04197,0.01858,0.57073,0.00441,1,0,0.00000,7
0.50898,0.34966,3254.79712,0.20923,6721,1,0.48561,0.36932,1,0.47519,0.32409,1,0.48040,0.34671,1,0.39122,0.36259,26.88481,0.76239,1,0.69264,0.38614,25.08139,0.75804,1,-0.02305,0.02259,0.56830,0.00476,1,0.04197,0.01858,0.57073,0.00440,1,0,0.00000,7
0.48476,0.36018,3254.79712,0.20923,6721,0,0.48668,0.37318,1,0.47498,0.32848,1,0.48083,0.35083,1,0.39140,0.36292,27.28716,0.75804,1,0.69257,0.38623,25.31325,0.75369,1,-0.02231,0.02191,0.55316,0.00474,1,0.04193,0.01839,0.56891,0.00440,1,0,0.00000,7
0.47968,0.34112,3254.79712,0.20923,6721,0,0.47968,0.33527,1,0.46951,0.30886,1,0.47460,0.32206,1,0.39149,0.36319,27.19341,0.74980,1,0.69278,0.38642,25.09979,0.74980,1,-0.02231,0.02191,0.55316,0.00476,1,0.04193,0.01839,0.56891,0.00440,1,0,0.00000,7
0.47768,0.33755,3254.79712,0.20923,6721,0,0.46630,0.33722,1,0.48106,0.32359,1,0.47368,0.33040,1,0.39156,0.36328,27.02479,0.74590,1,0.69285,0.38646,25.07677,0.74590,1,-0.02231,0.02191,0.55316,0.00476,1,0.04193,0.01839,0.56891,0.00439,1,0,0.00000,7
0.47679,0.33672,3255.01245,0.01978,6722,1,0.46738,0.34089,1,0.48084,0.32759,1,0.47411,0.33424,1,0.39180,0.36344,26.98271,0.74201,1,0.69312,0.38662,25.12173,0.74201,1,-0.02212,0.02180,0.55247,0.00477,1,0.04221,0.01840,0.57043,0.00442,1,0,0.00000,7
0.48418,0.34535,3255.01245,0.02686,6722,1,0.52512,0.38340,1,0.50235,0.37630,1,0.51373,0.37985,1,0.39291,0.36349,26.93031,0.74201,1,0.69445,0.38703,25.50834,0.74201,1,-0.02212,0.02180,0.55247,0.00481,1,0.04221,0.01840,0.57043,0.00444,1,0,0.00000,7
0.49618,0.34680,3255.01245,0.03320,6722,1,0.54348,0.39679,1,0.56888,0.31139,1,0.55618,0.35409,1,0.39440,0.36389,27.30315,0.74201,1,0.69562,0.38737,25.49169,0.74201,1,-0.02212,0.02180,0.55247,0.00487,1,0.04221,0.01840,0.57043,0.00446,1,0,0.00000,7
0.50475,0.34731,3255.01245,0.04077,6722,1,0.54279,0.39333,1,0.56954,0.30735,1,0.55616,0.35034,1,0.39586,0.36383,27.11585,0.74590,1,0.69734,0.38761,25.44404,0.74590,1,-0.02194,0.02233,0.56613,0.00481,1,0.04365,0.01855,0.58051,0.00443,1,0,0.00000,7
0.52308,0.34889,3255.01245,0.04663,6722,1,0.65259,0.38956,1,0.65029,0.33040,1,0.65144,0.35998,1,0.39887,0.36386,27.56836,0.74980,1,0.69956,0.38787,25.74027,0.74980,1,-0.02194,0.02233,0.56613,0.00489,1,0.04365,0.01855,0.58051,0.00440,1,0,0.00000,7
0.53939,0.34856,3255.01245,0.05322,6722,1,0.65303,0.36580,1,0.68661,0.32606,1,0.66982,0.34593,1,0.40034,0.36340,26.88476,0.75369,1,0.70060,0.38793,25.46636,0.75369,1,-0.02194,0.02233,0.56613,0.00485,1,0.04365,0.01855,0.58051,0.00437,1,0,0.00000,7
0.55243,0.34830,3255.01245,0.05957,6722,1,0.65303,0.36580,1,0.68661,0.32606,1,0.66982,0.34593,1,0.40145,0.36351,27.70484,0.75369,1,0.70182,0.38782,25.54379,0.75369,1,-0.02076,0.02180,0.55151,0.00482,1,0.17726,0.07602,2.37949,0.00442,0,0,0.00000,7
0.56387,0.34652,3255.01245,0.06641,6722,1,0.66477,0.36864,1,0.69173,0.28884,1,0.67825,0.32874,1,0.40203,0.36323,27.52895,0.74980,1,0.70236,0.38767,25.39996,0.74980,1,-0.02076,0.02180,0.55151,0.00482,1,0.17726,0.07602,2.37949,0.00438,0,0,0.00000,7
0.57267,0.34856,3255.01245,0.07324,6722,1,0.66424,0.38118,1,0.67466,0.36081,1,0.66945,0.37099,1,0.40206,0.36294,27.51316,0.74590,1,0.70249,0.38745,25.60556,0.74590,1,-0.02076,0.02180,0.55151,0.00482,1,0.17726,0.07602,2.37949,0.00436,0,0,0.00000,7
0.58007,0.35057,3255.01245,0.08032,6722,1,0.66432,0.38479,1,0.67348,0.36454,1,0.66890,0.37467,1,0.40222,0.36259,27.69074,0.74201,1,0.70261,0.38715,25.41792,0.74201,1,-0.02057,0.02189,0.54868,0.00482,1,0.17879,0.07708,2.39020,0.00437,0,0,0.00000,7
0.58735,0.35262,3255.01245,0.08667,6722,1,0.68943,0.38489,1,0.67465,0.37356,1,0.68204,0.37922,1,0.40247,0.36184,27.62449,0.74201,1,0.70290,0.38645,25.34580,0.74201,1,-0.02057,0.02189,0.54868,0.00482,1,0.17879,0.07708,2.39020,0.00441,0,0,0.00000,7
0.62089,0.35662,3255.01245,0.08667,6722,0,0.65433,0.39867,1,0.66735,0.31224,1,0.66084,0.35545,1,0.40282,0.36109,26.58150,0.74201,1,0.70307,0.38608,25.61028,0.74201,1,-0.02057,0.02189,0.54868,0.00485,1,0.17879,0.07708,2.39020,0.00438,0,0,0.00000,7
0.64083,0.35518,3255.01245,0.08667,6722,0,0.65419,0.39513,1,0.66733,0.31233,1,0.66076,0.35373,1,0.40277,0.36073,27.61338,0.74590,1,0.70324,0.38544,25.80759,0.74192,1,-0.02100,0.02283,0.56372,0.00476,1,0.04243,0.01819,0.55379,0.00436,1,0,0.00000,7
0.64968,0.35265,3255.01245,0.08667,6722,0,0.67379,0.37030,1,0.66101,0.32491,1,0.66740,0.34760,1,0.40308,0.35947,27.38221,0.74581,1,0.70354,0.38419,25.43841,0.74183,1,-0.02100,0.02283,0.56372,0.00479,1,0.04243,0.01819,0.55379,0.00440,1,0,0.00000,7
0.65427,0.35009,3255.10571,0.02002,6723,1,0.66255,0.36020,1,0.67351,0.32458,1,0.66803,0.34239,1,0.40340,0.35822,26.46222,0.74572,1,0.70354,0.38354,25.64481,0.74173,1,-0.02100,0.02283,0.56372,0.00477,1,0.04243,0.01819,0.55379,0.00440,1,0,0.00000,7
0.65691,0.34933,3255.10571,0.02661,6723,1,0.66265,0.36401,1,0.67230,0.32861,1,0.66748,0.34631,1,0.40330,0.35777,27.77197,0.74173,1,0.70368,0.38263,25.67418,0.73775,1,-0.02042,0.02283,0.55153,0.00479,1,0.04243,0.01862,0.55170,0.00440,1,0,0.00000,7
0.65650,0.35091,3255.10571,0.03467,6723,1,0.65113,0.39727,1,0.65778,0.32035,1,0.65445,0.35881,1,0.40337,0.35630,27.45133,0.73385,1,0.70385,0.38120,25.61028,0.73385,1,-0.02042,0.02283,0.55153,0.00480,1,0.04243,0.01862,0.55170,0.00438,1,0,0.00000,7
0.65687,0.35123,3255.10571,0.04004,6723,1,0.65653,0.39065,1,0.66162,0.31566,1,0.65907,0.35316,1,0.40350,0.35500,26.21288,0.72996,1,0.70383,0.38051,26.00858,0.72996,1,-0.02042,0.02283,0.55153,0.00479,1,0.04243,0.01862,0.55170,0.00438,1,0,0.00000,7
0.65715,0.35147,3255.10571,0.04663,6723,1,0.65653,0.39065,1,0.66162,0.31566,1,0.65907,0.35316,1,0.40354,0.35446,27.64437,0.72996,1,0.70406,0.37941,25.58300,0.72996,1,-0.02094,0.02405,0.56659,0.00477,1,0.04243,0.01916,0.55170,0.00440,1,0,0.00000,7
0.65759,0.35198,3255.10571,0.05347,6723,1,0.66068,0.36010,1,0.66164,0.35190,1,0.66116,0.35600,1,0.40354,0.35297,27.55621,0.73385,1,0.70405,0.37802,25.28671,0.73385,1,-0.02094,0.02405,0.56659,0.00477,1,0.04243,0.01916,0.55170,0.00441,1,0,0.00000,7
0.65767,0.35234,3255.10571,0.06006,6723,1,0.65514,0.35708,1,0.66161,0.35412,1,0.65838,0.35560,1,0.40355,0.35175,26.46976,0.73775,1,0.70391,0.37735,25.59389,0.73775,1,-0.02094,0.02405,0.56659,0.00476,1,0.04243,0.01916,0.55170,0.00439,1,0,0.00000,7
0.65778,0.35229,3255.10571,0.06714,6723,1,0.65501,0.35331,1,0.66274,0.35031,1,0.65888,0.35181,1,0.40350,0.35125,27.65207,0.74164,1,0.70400,0.37647,25.68965,0.74164,1,-0.02098,0.02470,0.56986,0.00480,1,0.04243,0.01965,0.55170,0.00439,1,0,0.00000,7
0.65761,0.35121,3255.10571,0.07349,6723,1,0.65240,0.35768,1,0.65907,0.32097,1,0.65574,0.33933,1,0.40352,0.35009,27.68811,0.74164,1,0.70383,0.37536,25.75448,0.74164,1,-0.02098,0.02470,0.56986,0.00477,1,0.04243,0.01965,0.55170,0.00438,1,0,0.00000,7
0.65716,0.35224,3255.10571,0.08032,6723,1,0.65450,0.38487,1,0.64905,0.34423,1,0.65177,0.36455,1,0.40326,0.34916,26.59998,0.74164,1,0.70389,0.37477,25.34440,0.74164,1,-0.02098,0.02470,0.56986,0.00481,1,0.04243,0.01965,0.55170,0.00436,1,0,0.00000,7
0.65681,0.35298,3255.10571,0.08740,6723,1,0.65450,0.38487,1,0.65013,0.34029,1,0.65231,0.36258,1,0.40342,0.34874,27.55148,0.74164,1,0.70389,0.37406,25.34363,0.74563,1,-0.02071,0.02489,0.56255,0.00477,1,0.17951,0.08679,2.38098,0.00438,0,0,0.00000,7
0.65653,0.35204,3255.10571,0.09375,6723,1,0.65014,0.38733,1,0.65491,0.29058,1,0.65252,0.33896,1,0.40344,0.34781,27.57343,0.74563,1,0.70377,0.37310,25.39970,0.74962,1,-0.02071,0.02489,0.56255,0.00480,1,0.17951,0.08679,2.38098,0.00441,0,0,0.00000,7
0.65619,0.35199,3255.10571,0.10059,6723,1,0.65168,0.37146,1,0.65060,0.33098,1,0.65114,0.35122,1,0.40343,0.34739,27.61375,0.74962,1,0.70369,0.37274,25.28544,0.75360,1,-0.02071,0.02489,0.56255,0.00477,1,0.17951,0.08679,2.38098,0.00441,0,0,0.00000,7
0.65586,0.35205,3255.10571,0.10693,6723,1,0.65168,0.37137,1,0.64955,0.33483,1,0.65061,0.35310,1,0.40341,0.34685,27.72663,0.74971,1,0.70362,0.37224,25.52414,0.74971,1,-0.02062,0.02509,0.56122,0.00478,1,0.04243,0.02032,0.55170,0.00437,1,0,0.00000,7
0.65485,0.35250,3255.10571,0.11377,6723,1,0.63040,0.36790,1,0.64477,0.35231,1,0.63758,0.36010,1,0.40352,0.34619,27.69969,0.74581,1,0.70357,0.37152,25.53500,0.74183,1,-0.02062,0.02509,0.56122,0.00479,1,0.04243,0.02032,0.55170,0.00437,1,0,0.00000,7
0.65373,0.35161,3255.10571,0.12085,6723,1,0.63122,0.34937,1,0.63591,0.32167,1,0.63356,0.33552,1,0.40354,0.34595,27.46393,0.73793,1,0.70353,0.37135,25.78197,0.73394,1,-0.02062,0.02509,0.56122,0.00477,1,0.04243,0.02032,0.55170,0.00437,1,0,0.00000,7
0.65273,0.35098,3255.10571,0.12793,6723,1,0.63173,0.35705,1,0.63602,0.32120,1,0.63388,0.33913,1,0.40364,0.34567,27.69487,0.73005,1,0.70366,0.37103,25.50888,0.73440,1,-0.02044,0.02512,0.55633,0.00479,1,0.18649,0.09204,2.46920,0.00438,0,0,0.00000,7
0.65118,0.35198,3255.10571,0.13428,6723,1,0.62320,0.38110,1,0.61681,0.36276,1,0.62000,0.37193,1,0.40371,0.34522,27.57550,0.73440,1,0.70364,0.37061,25.17365,0.74273,1,-0.02044,0.02512,0.55633,0.00480,1,0.18649,0.09204,2.46920,0.00436,0,0,0.00000,7
0.65007,0.35157,3255.10571,0.14087,6723,1,0.62768,0.35419,1,0.62615,0.33150,1,0.62691,0.34284,1,0.40379,0.34509,27.48498,0.74273,1,0.70371,0.37039,25.17366,0.75106,1,-0.02044,0.02512,0.55633,0.00479,1,0.18649,0.09204,2.46920,0.00438,0,0,0.00000,7
0.64910,0.35083,3255.10571,0.14771,6723,1,0.62710,0.34619,1,0.62814,0.32321,1,0.62762,0.33470,1,0.40393,0.34491,27.56519,0.75106,1,0.70375,0.37033,25.49501,0.75940,1,-0.02009,0.02494,0.55149,0.00480,1,0.18812,0.09302,2.49040,0.00433,0,0,0.00000,7
0.64814,0.34963,3255.10571,0.15430,6723,1,0.61741,0.34043,1,0.63484,0.30358,1,0.62613,0.32200,1,0.40409,0.34462,27.51838,0.75940,1,0.70390,0.37013,25.38592,0.75940,1,-0.02009,0.02494,0.55149,0.00480,1,0.18812,0.09302,2.49040,0.00436,0,0,0.00000,7
0.64683,0.34888,3255.10571,0.16089,6723,1,0.60894,0.38041,1,0.62172,0.28123,1,0.61533,0.33082,1,0.40424,0.34446,27.68252,0.75940,1,0.70400,0.37001,25.16653,0.75940,1,-0.02009,0.02494,0.55149,0.00479,1,0.18812,0.09302,2.49040,0.00436,0,0,0.00000,7
0.64561,0.34813,3255.10571,0.16772,6723,1,0.60859,0.37690,1,0.62162,0.28171,1,0.61510,0.32930,1,0.40441,0.34432,27.57816,0.76329,1,0.70400,0.36997,25.26514,0.75894,1,-0.02046,0.02569,0.56516,0.00481,1,0.18067,0.08968,2.38672,0.00435,0,0,0.00000,7
0.64435,0.34867,3255.10571,0.17480,6723,1,0.61122,0.35425,1,0.61233,0.37147,1,0.61177,0.36286,1,0.40467,0.34412,27.76929,0.76284,1,0.70422,0.36981,25.32850,0.75849,1,-0.02046,0.02569,0.56516,0.00479,1,0.18067,0.08968,2.38672,0.00436,0,0,0.00000,7
0.64315,0.34857,3255.10571,0.18042,6723,1,0.59620,0.34202,1,0.62518,0.34962,1,0.61069,0.34582,1,0.40486,0.34402,27.56771,0.76239,1,0.70442,0.36971,25.03152,0.75804,1,-0.02046,0.02569,0.56516,0.00481,1,0.18067,0.08968,2.38672,0.00435,0,0,0.00000,7
0.64202,0.34856,3255.10571,0.18701,6723,1,0.59624,0.34245,1,0.62414,0.35389,1,0.61019,0.34817,1,0.40504,0.34394,27.70270,0.76193,1,0.70460,0.36983,25.08510,0.75360,1,-0.02050,0.02599,0.57080,0.00477,1,0.04281,0.02079,0.55229,0.00435,1,0,0.00000,7
0.64100,0.34897,3255.10571,0.19385,6723,1,0.60555,0.36776,1,0.61729,0.35442,1,0.61142,0.36109,1,0.40531,0.34380,27.61380,0.75360,1,0.70483,0.36964,25.17133,0.74962,1,-0.02050,0.02599,0.57080,0.00480,1,0.04281,0.02079,0.55229,0.00432,1,0,0.00000,7
0.63975,0.34974,3255.10571,0.20117,6723,1,0.59736,0.40008,1,0.60729,0.34545,1,0.60232,0.37276,1,0.40561,0.34363,27.55175,0.74962,1,0.70493,0.36962,25.25327,0.74563,1,-0.02050,0.02599,0.57080,0.00478,1,0.04281,0.02079,0.55229,0.00436,1,0,0.00000,7
0.63859,0.35052,3255.10571,0.20776,6723,1,0.59779,0.40360,1,0.60729,0.34545,1,0.60254,0.37453,1,0.40577,0.34358,27.50942,0.74563,1,0.70506,0.36961,25.27157,0.74563,1,-0.02023,0.02599,0.56809,0.00479,1,0.18102,0.08951,2.37742,0.00435,0,0,0.00000,7
0.63756,0.35085,3255.10571,0.21411,6723,1,0.60340,0.37617,1,0.60614,0.34684,1,0.60477,0.36151,1,0.40613,0.34332,27.50990,0.74563,1,0.70534,0.36948,25.17284,0.74962,1,-0.02023,0.02599,0.56809,0.00478,1,0.18102,0.08951,2.37742,0.00431,0,0,0.00000,7
0.61085,0.34957,3255.10571,0.21411,6723,0,0.59422,0.36917,1,0.59046,0.33329,1,0.59234,0.35123,1,0.40626,0.34326,27.23114,0.74962,1,0.70546,0.36939,25.23738,0.75360,1,-0.02023,0.02599,0.56809,0.00479,1,0.18102,0.08951,2.37742,0.00433,0,0,0.00000,7
0.60189,0.34741,3255.10571,0.21411,6723,0,0.59377,0.36549,1,0.59207,0.32502,1,0.59292,0.34525,1,0.40652,0.34311,27.40735,0.75360,1,0.70563,0.36942,25.28325,0.76193,1,-0.02010,0.02605,0.56933,0.00477,1,0.19054,0.09385,2.49267,0.00433,0,0,0.00000,7
0.59929,0.33983,3255.10571,0.21411,6723,0,0.59328,0.33658,1,0.59492,0.31273,1,0.59410,0.32466,1,0.40681,0.34290,27.39900,0.76193,1,0.70589,0.36936,25.15473,0.76628,1,-0.02010,0.02605,0.56933,0.00477,1,0.19054,0.09385,2.49267,0.00435,0,0,0.00000,7
0.59841,0.33665,3255.32690,0.02026,6724,1,0.58282,0.35305,1,0.60867,0.30116,1,0.59574,0.32711,1,0.40691,0.34289,27.34848,0.76628,1,0.70604,0.36927,25.23389,0.77063,1,-0.02010,0.02605,0.56933,0.00476,1,0.19054,0.09385,2.49267,0.00436,0,0,0.00000,7
0.59795,0.33308,3255.32690,0.02686,6724,1,0.58176,0.34512,1,0.61049,0.29248,1,0.59612,0.31880,1,0.40713,0.34276,27.23864,0.77488,1,0.70623,0.36916,25.13524,0.77923,1,-0.02027,0.02652,0.57785,0.00478,1,0.19739,0.09678,2.57064,0.00433,0,0,0.00000,7
0.59674,0.33050,3255.32690,0.03369,6724,1,0.57644,0.36533,1,0.60497,0.26991,1,0.59071,0.31762,1,0.40738,0.34266,27.31049,0.78348,1,0.70640,0.36913,25.02185,0.78348,1,-0.02027,0.02652,0.57785,0.00478,1,0.19739,0.09678,2.57064,0.00436,0,0,0.00000,7
0.59551,0.32859,3255.32690,0.04028,6724,1,0.59169,0.36393,1,0.58448,0.27035,1,0.58809,0.31714,1,0.40750,0.34257,27.22074,0.78772,1,0.70644,0.36914,25.45836,0.78772,1,-0.02027,0.02652,0.57785,0.00475,1,0.19739,0.09678,2.57064,0.00435,0,0,0.00000,7
0.59449,0.32770,3255.32690,0.04712,6724,1,0.59169,0.36393,1,0.58300,0.27893,1,0.58735,0.32143,1,0.40756,0.34245,27.24286,0.78772,1,0.70662,0.36905,24.93814,0.77939,1,-0.01859,0.02456,0.53327,0.00475,1,0.04369,0.02097,0.55710,0.00435,1,0,0.00000,7
0.59401,0.32802,3255.32690,0.05396,6724,1,0.58308,0.36579,1,0.59738,0.29545,1,0.59023,0.33062,1,0.40783,0.34251,27.23332,0.77514,1,0.70680,0.36904,24.86893,0.76681,1,-0.01859,0.02456,0.53327,0.00477,1,0.04369,0.02097,0.55710,0.00440,1,0,0.00000,7
0.59307,0.33042,3255.32690,0.06030,6724,1,0.59040,0.39052,1,0.57869,0.31341,1,0.58455,0.35197,1,0.40791,0.34264,27.39547,0.76256,1,0.70685,0.36917,25.03377,0.75423,1,-0.01859,0.02456,0.53327,0.00476,1,0.04369,0.02097,0.55710,0.00438,1,0,0.00000,7
0.59231,0.33341,3255.32690,0.06714,6724,1,0.59229,0.40504,1,0.57724,0.32171,1,0.58476,0.36338,1,0.40801,0.34269,27.37851,0.74608,1,0.70702,0.36922,25.05855,0.74608,1,-0.01913,0.02532,0.55247,0.00478,1,0.19093,0.09332,2.47867,0.00435,0,0,0.00000,7
0.59140,0.33549,3255.32690,0.07373,6724,1,0.57481,0.35607,1,0.58791,0.36061,1,0.58136,0.35834,1,0.40806,0.34302,27.29527,0.74219,1,0.70714,0.36945,24.77985,0.75052,1,-0.01913,0.02532,0.55247,0.00477,1,0.19093,0.09332,2.47867,0.00435,0,0,0.00000,7
0.58963,0.33598,3255.32690,0.08057,6724,1,0.57281,0.37892,1,0.56402,0.30473,1,0.56842,0.34183,1,0.40807,0.34311,27.30634,0.74663,1,0.70710,0.36983,25.00136,0.75496,1,-0.01913,0.02532,0.55247,0.00477,1,0.19093,0.09332,2.47867,0.00433,0,0,0.00000,7
0.58807,0.33639,3255.32690,0.08740,6724,1,0.57219,0.37488,1,0.56340,0.30875,1,0.56780,0.34181,1,0.40784,0.34311,26.33568,0.75106,1,0.70715,0.37013,25.12666,0.75106,1,-0.01913,0.02519,0.55247,0.00478,1,0.04388,0.02082,0.55743,0.00435,1,0,0.00000,7
0.58677,0.33650,3255.32690,0.09351,6724,1,0.57064,0.36730,1,0.56656,0.30855,1,0.56860,0.33793,1,0.40814,0.34406,27.35037,0.75106,1,0.70722,0.37072,25.29504,0.74273,1,-0.01913,0.02519,0.55247,0.00476,1,0.04388,0.02082,0.55743,0.00436,1,0,0.00000,7
0.58576,0.33950,3255.32690,0.10010,6724,1,0.56207,0.38378,1,0.57902,0.38523,1,0.57054,0.38451,1,0.40824,0.34445,27.22210,0.74273,1,0.70735,0.37112,25.29743,0.73440,1,-0.01913,0.02519,0.55247,0.00473,1,0.04388,0.02082,0.55743,0.00435,1,0,0.00000,7
0.58488,0.34228,3255.32690,0.10669,6724,1,0.56275,0.38781,1,0.57893,0.38566,1,0.57084,0.38673,1,0.40822,0.34465,26.61966,0.73829,1,0.70763,0.37183,25.21030,0.73394,1,-0.01954,0.02564,0.56781,0.00475,1,0.18475,0.08778,2.38851,0.00437,0,0,0.00000,7
0.58715,0.34271,3255.32690,0.11328,6724,1,0.62627,0.36974,1,0.62510,0.33055,1,0.62569,0.35015,1,0.40963,0.34569,27.31896,0.73784,1,0.70887,0.37299,25.27564,0.74183,1,-0.01954,0.02564,0.56781,0.00479,1,0.18475,0.08778,2.38851,0.00436,0,0,0.00000,7
0.59003,0.34236,3255.32690,0.12012,6724,1,0.64348,0.37374,1,0.64045,0.29816,1,0.64196,0.33595,1,0.41014,0.34615,27.17188,0.74572,1,0.70938,0.37345,25.07915,0.74971,1,-0.01954,0.02564,0.56781,0.00480,1,0.18475,0.08778,2.38851,0.00438,0,0,0.00000,7
0.59270,0.34154,3255.32690,0.12695,6724,1,0.64309,0.36638,1,0.64359,0.28546,1,0.64334,0.32592,1,0.41078,0.34678,27.32154,0.75360,1,0.71009,0.37414,24.99156,0.76193,1,-0.01918,0.02516,0.56486,0.00478,1,0.19249,0.08874,2.47020,0.00435,0,0,0.00000,7
0.59502,0.34166,3255.32690,0.13354,6724,1,0.63513,0.35372,1,0.64773,0.33468,1,0.64143,0.34420,1,0.41105,0.34770,27.18477,0.76193,1,0.71022,0.37523,25.31255,0.76628,1,-0.01918,0.02516,0.56486,0.00481,1,0.19249,0.08874,2.47020,0.00435,0,0,0.00000,7
0.59785,0.34106,3255.32690,0.14087,6724,1,0.65176,0.33301,1,0.66280,0.32367,1,0.65728,0.32834,1,0.41092,0.34827,27.40263,0.76628,1,0.71021,0.37571,25.05841,0.77063,1,-0.01918,0.02516,0.56486,0.00478,1,0.19249,0.08874,2.47020,0.00435,0,0,0.00000,7
0.60044,0.34048,3255.32690,0.14722,6724,1,0.65174,0.33257,1,0.66293,0.32323,1,0.65733,0.32790,1,0.41086,0.34910,27.00523,0.76673,1,0.71002,0.37668,25.39687,0.77108,1,-0.01864,0.02390,0.54763,0.00481,1,0.19372,0.08762,2.48569,0.00435,0,0,0.00000,7
0.60223,0.33991,3255.32690,0.15332,6724,1,0.63052,0.33653,1,0.65662,0.31705,1,0.64357,0.32679,1,0.41068,0.35040,27.13218,0.76719,1,0.71008,0.37785,25.40518,0.76719,1,-0.01864,0.02390,0.54763,0.00477,1,0.19372,0.08762,2.48569,0.00436,0,0,0.00000,7
0.60401,0.33984,3255.32690,0.16089,6724,1,0.64209,0.35234,1,0.65107,0.32362,1,0.64658,0.33798,1,0.41054,0.35111,27.38317,0.76329,1,0.71001,0.37841,24.98269,0.76329,1,-0.01864,0.02390,0.54763,0.00479,1,0.19372,0.08762,2.48569,0.00440,0,0,0.00000,7
0.60560,0.33992,3255.32690,0.16772,6724,1,0.64209,0.35234,1,0.64885,0.33184,1,0.64547,0.34209,1,0.41034,0.35218,27.16193,0.76329,1,0.70994,0.37950,25.26620,0.75496,1,-0.01937,0.02416,0.56525,0.00479,1,0.17823,0.07883,2.29498,0.00440,0,0,0.00000,7
0.63187,0.34433,3255.32690,0.16772,6724,0,0.64148,0.35251,1,0.63524,0.33018,1,0.63836,0.34134,1,0.41011,0.35382,27.38017,0.75885,1,0.70983,0.38110,25.49422,0.75052,1,-0.01937,0.02416,0.56525,0.00479,1,0.17823,0.07883,2.29498,0.00439,0,0,0.00000,7
0.63086,0.33830,3255.32690,0.16772,6724,0,0.62937,0.35084,1,0.63032,0.31371,1,0.62984,0.33228,1,0.40998,0.35483,27.56740,0.75442,1,0.70978,0.38208,25.65718,0.74608,1,-0.01937,0.02416,0.56525,0.00476,1,0.17823,0.07883,2.29498,0.00442,0,0,0.00000,7
0.63039,0.33775,3255.32690,0.16772,6724,0,0.62966,0.35506,1,0.62923,0.31826,1,0.62945,0.33666,1,0.40946,0.35578,26.27999,0.74998,1,0.70955,0.38338,25.62450,0.74164,1,-0.01954,0.02351,0.56781,0.00483,1,0.17823,0.07608,2.29498,0.00436,0,0,0.00000,7
0.62983,0.33727,3255.50171,0.01978,6725,1,0.62000,0.35983,1,0.63634,0.31184,1,0.62817,0.33583,1,0.40931,0.35808,27.30973,0.74164,1,0.70945,0.38507,25.46425,0.74164,1,-0.01954,0.02351,0.56781,0.00480,1,0.17823,0.07608,2.29498,0.00440,0,0,0.00000,7
0.62829,0.34029,3255.50171,0.02637,6725,1,0.62220,0.36021,1,0.62204,0.34453,1,0.62212,0.35237,1,0.40913,0.35911,27.47865,0.74164,1,0.70948,0.38601,25.05047,0.74164,1,-0.01954,0.02351,0.56781,0.00476,1,0.17823,0.07608,2.29498,0.00442,0,0,0.00000,7
0.62737,0.34225,3255.50171,0.03296,6725,1,0.62250,0.36392,1,0.62310,0.34013,1,0.62280,0.35203,1,0.40878,0.36000,26.10324,0.73775,1,0.70913,0.38741,25.39239,0.74608,1,-0.01950,0.02246,0.56072,0.00480,1,0.19357,0.07910,2.49318,0.00439,0,0,0.00000,7
0.62777,0.34359,3255.50171,0.03979,6725,1,0.63284,0.37376,1,0.62750,0.32955,1,0.63017,0.35166,1,0.40838,0.36263,27.65698,0.74219,1,0.70893,0.38940,25.80684,0.75052,1,-0.01950,0.02246,0.56072,0.00480,1,0.19357,0.07910,2.49318,0.00437,0,0,0.00000,7
0.62753,0.34228,3255.50171,0.04663,6725,1,0.63416,0.34047,1,0.61751,0.32571,1,0.62584,0.33309,1,0.40806,0.36376,27.71310,0.74663,1,0.70898,0.39030,25.21944,0.75496,1,-0.01950,0.02246,0.56072,0.00479,1,0.19357,0.07910,2.49318,0.00443,0,0,0.00000,7
0.62733,0.34101,3255.50171,0.05298,6725,1,0.63389,0.33614,1,0.61753,0.32562,1,0.62571,0.33088,1,0.40761,0.36494,26.92883,0.75106,1,0.70866,0.39173,25.47799,0.75505,1,-0.01952,0.02144,0.55393,0.00485,1,0.18445,0.07262,2.38477,0.00442,0,0,0.00000,7
0.62648,0.34003,3255.50171,0.06055,6725,1,0.63176,0.34612,1,0.60588,0.31622,1,0.61882,0.33117,1,0.40715,0.36736,27.75095,0.75505,1,0.70841,0.39355,25.46039,0.75070,1,-0.01952,0.02144,0.55393,0.00482,1,0.18445,0.07262,2.38477,0.00438,0,0,0.00000,7
0.62488,0.33999,3255.50171,0.06641,6725,1,0.60212,0.36621,1,0.61566,0.31292,1,0.60889,0.33957,1,0.40681,0.36846,28.00939,0.75070,1,0.70822,0.39458,25.30482,0.74635,1,-0.01952,0.02144,0.55393,0.00478,1,0.18445,0.07262,2.38477,0.00447,0,0,0.00000,7
0.62349,0.34048,3255.50171,0.07300,6725,1,0.60256,0.37025,1,0.61376,0.32148,1,0.60816,0.34587,1,0.40618,0.36969,26.99410,0.74635,1,0.70774,0.39599,25.93212,0.73802,1,-0.01979,0.02063,0.55455,0.00487,1,0.04388,0.01630,0.55743,0.00440,1,0,0.00000,7
0.62182,0.34077,3255.50171,0.07983,6725,1,0.60574,0.35142,1,0.59799,0.33713,1,0.60186,0.34427,1,0.40568,0.37213,27.71955,0.73802,1,0.70749,0.39765,25.44282,0.73404,1,-0.01979,0.02063,0.55455,0.00482,1,0.04388,0.01630,0.55743,0.00441,1,0,0.00000,7
0.62065,0.34146,3255.50171,0.08618,6725,1,0.60519,0.36098,1,0.60564,0.33977,1,0.60541,0.35038,1,0.40530,0.37311,27.81966,0.73404,1,0.70748,0.39860,25.42943,0.73005,1,-0.01979,0.02063,0.55455,0.00480,1,0.04388,0.01630,0.55743,0.00442,1,0,0.00000,7
0.61965,0.34218,3255.50171,0.09253,6725,1,0.60559,0.36480,1,0.60564,0.33977,1,0.60561,0.35229,1,0.40453,0.37432,26.80293,0.73005,1,0.70687,0.39989,26.00905,0.73005,1,-0.02018,0.01986,0.55620,0.00489,1,0.18252,0.06671,2.37842,0.00442,0,0,0.00000,7
0.61901,0.34284,3255.50171,0.09912,6725,1,0.60599,0.36355,1,0.61277,0.34197,1,0.60938,0.35276,1,0.40399,0.37658,27.67122,0.73005,1,0.70652,0.40161,25.80487,0.73404,1,-0.02018,0.01986,0.55620,0.00485,1,0.18252,0.06671,2.37842,0.00440,0,0,0.00000,7
0.61812,0.34184,3255.50171,0.10596,6725,1,0.59208,0.35182,1,0.61598,0.29976,1,0.60403,0.32579,1,0.40359,0.37758,27.83334,0.73404,1,0.70635,0.40227,25.58848,0.73802,1,-0.02018,0.01986,0.55620,0.00482,1,0.18252,0.06671,2.37842,0.00442,0,0,0.00000,7
0.61735,0.34072,3255.50171,0.11255,6725,1,0.59162,0.34796,1,0.61689,0.29556,1,0.60425,0.32176,1,0.40290,0.37861,27.11661,0.73802,1,0.70583,0.40349,25.93225,0.74201,1,-0.02078,0.01944,0.56351,0.00486,1,0.18180,0.06398,2.38291,0.00442,0,0,0.00000,7
0.61662,0.34131,3255.50171,0.11963,6725,1,0.61125,0.35979,1,0.59537,0.34417,1,0.60331,0.35198,1,0.40224,0.38067,27.87997,0.74201,1,0.70539,0.40507,26.08315,0.74201,1,-0.02078,0.01944,0.56351,0.00481,1,0.18180,0.06398,2.38291,0.00443,0,0,0.00000,7
0.61497,0.34209,3255.50171,0.12622,6725,1,0.57546,0.35193,1,0.59214,0.36162,1,0.58380,0.35678,1,0.40181,0.38155,27.97980,0.74201,1,0.70529,0.40591,25.65063,0.74201,1,-0.02078,0.01944,0.56351,0.00478,1,0.18180,0.06398,2.38291,0.00444,0,0,0.00000,7
0.61347,0.34288,3255.50171,0.13257,6725,1,0.57546,0.35193,1,0.59135,0.36549,1,0.58340,0.35871,1,0.40098,0.38263,26.96834,0.74201,1,0.70468,0.40709,26.01974,0.73802,1,-0.02087,0.01839,0.55461,0.00485,1,0.04320,0.01434,0.55728,0.00442,1,0,0.00000,7
0.61259,0.34280,3255.50171,0.13940,6725,1,0.59784,0.34273,1,0.59034,0.33952,1,0.59409,0.34112,1,0.40036,0.38476,27.92950,0.73802,1,0.70430,0.40866,25.68362,0.73404,1,-0.02087,0.01839,0.55461,0.00480,1,0.04320,0.01434,0.55728,0.00446,1,0,0.00000,7
0.61177,0.34377,3255.50171,0.14624,6725,1,0.60031,0.37122,1,0.58727,0.35917,1,0.59379,0.36519,1,0.39997,0.38564,27.84673,0.73404,1,0.70394,0.40959,26.19772,0.73005,1,-0.02087,0.01839,0.55461,0.00478,1,0.04320,0.01434,0.55728,0.00444,1,0,0.00000,7
0.61102,0.34482,3255.50171,0.15356,6725,1,0.60074,0.37498,1,0.58649,0.36311,1,0.59361,0.36905,1,0.39919,0.38662,26.96865,0.73005,1,0.70348,0.41083,25.72569,0.72606,1,-0.02123,0.01774,0.55517,0.00493,1,0.04252,0.01357,0.55169,0.00446,1,0,0.00000,7
0.60980,0.34520,3255.50171,0.15991,6725,1,0.57683,0.39060,1,0.58459,0.31759,1,0.58071,0.35410,1,0.39851,0.38864,27.92227,0.72606,1,0.70299,0.41246,25.99647,0.72606,1,-0.02123,0.01774,0.55517,0.00481,1,0.04252,0.01357,0.55169,0.00441,1,0,0.00000,7
0.60887,0.34555,3255.50171,0.16650,6725,1,0.59117,0.36634,1,0.57975,0.34267,1,0.58546,0.35450,1,0.39815,0.38952,28.04643,0.72606,1,0.70283,0.41318,25.69439,0.72606,1,-0.02123,0.01774,0.55517,0.00482,1,0.04252,0.01357,0.55169,0.00441,1,0,0.00000,7
0.60800,0.34589,3255.50171,0.17334,6725,1,0.59117,0.36634,1,0.57975,0.34267,1,0.58546,0.35450,1,0.39741,0.39047,27.42284,0.72606,1,0.70219,0.41450,26.05732,0.72606,1,-0.02145,0.01707,0.55233,0.00486,1,0.04243,0.01304,0.55379,0.00444,1,0,0.00000,7
0.60672,0.34672,3255.50171,0.17969,6725,1,0.56792,0.35884,1,0.57638,0.37977,1,0.57215,0.36931,1,0.39686,0.39227,28.02633,0.72606,1,0.70178,0.41591,25.82597,0.72606,1,-0.02145,0.01707,0.55233,0.00484,1,0.04243,0.01304,0.55379,0.00444,1,0,0.00000,7
0.60606,0.34692,3255.50171,0.18677,6725,1,0.58967,0.36488,1,0.58540,0.34014,1,0.58754,0.35251,1,0.39650,0.39297,28.13208,0.72606,1,0.70159,0.41660,25.95984,0.72606,1,-0.02145,0.01707,0.55233,0.00480,1,0.04243,0.01304,0.55379,0.00445,1,0,0.00000,7
0.60544,0.34711,3255.50171,0.19312,6725,1,0.58967,0.36488,1,0.58540,0.34014,1,0.58754,0.35251,1,0.39590,0.39366,27.10229,0.72606,1,0.70113,0.41786,26.15307,0.72606,1,-0.02174,0.01646,0.55139,0.00484,1,0.04250,0.01249,0.55695,0.00443,1,0,0.00000,7
0.60462,0.34703,3255.50171,0.20020,6725,1,0.58275,0.38014,1,0.57727,0.30944,1,0.58001,0.34479,1,0.39544,0.39543,28.08676,0.72606,1,0.70088,0.41911,25.75921,0.72606,1,-0.02174,0.01646,0.55139,0.00481,1,0.04250,0.01249,0.55695,0.00446,1,0,0.00000,7
0.60323,0.34694,3255.50171,0.20630,6725,1,0.56156,0.36907,1,0.55873,0.31894,1,0.56014,0.34401,1,0.39526,0.39611,28.18117,0.72606,1,0.70062,0.41986,25.84831,0.72606,1,-0.02174,0.01646,0.55139,0.00483,1,0.04250,0.01249,0.55695,0.00447,1,0,0.00000,7
0.60193,0.34685,3255.50171,0.21313,6725,1,0.56156,0.36907,1,0.55873,0.31894,1,0.56014,0.34401,1,0.39451,0.39675,27.26216,0.72606,1,0.70037,0.42090,25.99626,0.72606,1,-0.02196,0.01600,0.55278,0.00485,1,0.04251,0.01204,0.55928,0.00443,1,0,0.00000,7
0.60091,0.34619,3255.50171,0.21973,6725,1,0.56543,0.34377,1,0.56927,0.30540,1,0.56735,0.32458,1,0.39434,0.39810,28.17590,0.72606,1,0.70009,0.42204,25.88192,0.72606,1,-0.02196,0.01600,0.55278,0.00483,1,0.04251,0.01204,0.55928,0.00447,1,0,0.00000,7
0.59930,0.34679,3255.50171,0.22681,6725,1,0.56256,0.36359,1,0.52691,0.37055,1,0.54474,0.36707,1,0.39350,0.39832,27.51110,0.72606,1,0.69958,0.42255,26.06695,0.72606,1,-0.02196,0.01600,0.55278,0.00482,1,0.04251,0.01204,0.55928,0.00444,1,0,0.00000,7
0.57135,0.35225,3255.50171,0.22681,6725,0,0.56256,0.36359,1,0.52738,0.36662,1,0.54497,0.36510,1,0.39287,0.39894,27.41785,0.72606,1,0.69896,0.42333,25.99270,0.73005,1,-0.02231,0.01568,0.55316,0.00481,1,0.04271,0.01177,0.56465,0.00448,1,0,0.00000,7
0.55076,0.33329,3255.50171,0.22681,6725,0,0.52808,0.32362,1,0.53225,0.30503,1,0.53017,0.31432,1,0.39197,0.39987,27.41249,0.73005,1,0.69834,0.42418,25.96137,0.73404,1,-0.02231,0.01568,0.55316,0.00481,1,0.04271,0.01177,0.56465,0.00448,1,0,0.00000,7
0.53907,0.34307,3255.50171,0.22681,6725,0,0.51430,0.36925,1,0.51709,0.35604,1,0.51570,0.36264,1,0.39188,0.40022,27.45369,0.73404,1,0.69808,0.42444,25.95894,0.73802,1,-0.02231,0.01568,0.55316,0.00481,1,0.04271,0.01177,0.56465,0.00447,1,0,0.00000,7
0.53312,0.34750,3255.73511,0.02051,6726,1,0.51343,0.36555,1,0.51709,0.35604,1,0.51526,0.36079,1,0.39165,0.40067,27.30798,0.73802,1,0.69771,0.42506,26.26640,0.73802,1,-0.02260,0.01548,0.55629,0.00487,1,0.04161,0.01117,0.55174,0.00447,1,0,0.00000,7
0.52927,0.34697,3255.73511,0.02734,6726,1,0.50162,0.34101,1,0.52617,0.34870,1,0.51389,0.34486,1,0.39142,0.40109,27.50333,0.73802,1,0.69774,0.42565,26.05260,0.73404,1,-0.02260,0.01548,0.55629,0.00481,1,0.04161,0.01117,0.55174,0.00452,1,0,0.00000,7
0.52520,0.34432,3255.73511,0.03394,6726,1,0.48765,0.35970,1,0.52197,0.30239,1,0.50481,0.33105,1,0.39136,0.40133,27.44815,0.73404,1,0.69773,0.42590,25.94678,0.73005,1,-0.02260,0.01548,0.55629,0.00484,1,0.04161,0.01117,0.55174,0.00450,1,0,0.00000,7
0.52232,0.34299,3255.73511,0.04077,6726,1,0.48865,0.36342,1,0.52153,0.30667,1,0.50509,0.33505,1,0.39122,0.40151,27.53696,0.73005,1,0.69762,0.42626,26.00954,0.72606,1,-0.02248,0.01527,0.55325,0.00481,1,0.04161,0.01101,0.55174,0.00447,1,0,0.00000,7
0.52111,0.34378,3255.73511,0.04736,6726,1,0.50795,0.36034,1,0.51734,0.33827,1,0.51265,0.34930,1,0.39107,0.40174,27.51517,0.72606,1,0.69755,0.42650,26.13262,0.72606,1,-0.02248,0.01527,0.55325,0.00484,1,0.04161,0.01101,0.55174,0.00446,1,0,0.00000,7
0.51970,0.34396,3255.73511,0.05420,6726,1,0.50144,0.32943,1,0.51537,0.36138,1,0.50841,0.34540,1,0.39104,0.40182,27.45598,0.72606,1,0.69754,0.42661,26.11515,0.72606,1,-0.02248,0.01527,0.55325,0.00484,1,0.04161,0.01101,0.55174,0.00446,1,0,0.00000,7
0.51857,0.34411,3255.73511,0.06079,6726,1,0.50144,0.32943,1,0.51537,0.36138,1,0.50841,0.34540,1,0.39102,0.40190,27.51435,0.72606,1,0.69745,0.42681,25.89609,0.72606,1,-0.02260,0.01531,0.55629,0.00486,1,0.04161,0.01101,0.55174,0.00446,1,0,0.00000,7
0.51764,0.34499,3255.73511,0.06714,6726,1,0.50353,0.35845,1,0.51303,0.34916,1,0.50828,0.35380,1,0.39103,0.40188,27.53947,0.72606,1,0.69749,0.42675,26.09531,0.72606,1,-0.02260,0.01531,0.55629,0.00487,1,0.04161,0.01101,0.55174,0.00447,1,0,0.00000,7
0.51481,0.34467,3255.73511,0.07349,6726,1,0.48005,0.34291,1,0.48737,0.33952,1,0.48371,0.34122,1,0.39106,0.40175,27.61489,0.72606,1,0.69749,0.42652,26.01525,0.72606,1,-0.02260,0.01531,0.55629,0.00485,1,0.04161,0.01101,0.55174,0.00446,1,0,0.00000,7
0.51242,0.34441,3255.73511,0.08008,6726,1,0.48005,0.34291,1,0.48737,0.33952,1,0.48371,0.34122,1,0.39098,0.40159,27.39311,0.72606,1,0.69749,0.42648,26.41086,0.72606,1,-0.02248,0.01535,0.55325,0.00489,1,0.04161,0.01101,0.55174,0.00443,1,0,0.00000,7
0.51055,0.34311,3255.73511,0.08740,6726,1,0.48271,0.35414,1,0.48978,0.29827,1,0.48625,0.32621,1,0.39104,0.40130,27.32023,0.72606,1,0.69756,0.42607,26.20587,0.72606,1,-0.02248,0.01535,0.55325,0.00487,1,0.04161,0.01101,0.55174,0.00450,1,0,0.00000,7
0.50854,0.34437,3255.73511,0.09375,6726,1,0.48803,0.34884,1,0.47289,0.37517,1,0.48046,0.36200,1,0.39107,0.40123,27.37224,0.72606,1,0.69759,0.42608,26.20518,0.72606,1,-0.02248,0.01535,0.55325,0.00487,1,0.04161,0.01101,0.55174,0.00449,1,0,0.00000,7
0.50679,0.34547,3255.73511,0.10034,6726,1,0.48803,0.34884,1,0.47289,0.37517,1,0.48046,0.36200,1,0.39120,0.40109,27.59971,0.72606,1,0.69758,0.42595,26.17715,0.72606,1,-0.02254,0.01549,0.55670,0.00486,1,0.04229,0.01133,0.55959,0.00451,1,0,0.00000,7
0.50548,0.34578,3255.73511,0.10693,6726,1,0.48677,0.35058,1,0.48222,0.35106,1,0.48449,0.35082,1,0.39126,0.40094,27.58042,0.72606,1,0.69767,0.42570,26.39174,0.72606,1,-0.02254,0.01549,0.55670,0.00483,1,0.04229,0.01133,0.55959,0.00452,1,0,0.00000,7
0.50464,0.34618,3255.73511,0.11377,6726,1,0.49719,0.38450,1,0.48374,0.32118,1,0.49047,0.35284,1,0.39128,0.40077,27.45363,0.72606,1,0.69764,0.42554,26.19132,0.72606,1,-0.02254,0.01549,0.55670,0.00486,1,0.04229,0.01133,0.55959,0.00451,1,0,0.00000,7
0.50391,0.34671,3255.73511,0.12036,6726,1,0.49807,0.38777,1,0.48352,0.32497,1,0.49079,0.35637,1,0.39135,0.40059,27.58167,0.72248,1,0.69772,0.42529,26.16286,0.72248,1,-0.02226,0.01546,0.55102,0.00483,1,0.04209,0.01130,0.55587,0.00450,1,0,0.00000,7
0.50250,0.34761,3255.73511,0.12695,6726,1,0.46050,0.34616,1,0.49096,0.38309,1,0.47573,0.36462,1,0.39139,0.40033,27.74052,0.71890,1,0.69782,0.42510,26.45541,0.71890,1,-0.02226,0.01546,0.55102,0.00484,1,0.04209,0.01130,0.55587,0.00451,1,0,0.00000,7
0.50081,0.34814,3255.73511,0.13403,6726,1,0.46404,0.33671,1,0.46978,0.38078,1,0.46691,0.35875,1,0.39150,0.40024,27.78595,0.71531,1,0.69789,0.42497,26.37173,0.71531,1,-0.02226,0.01546,0.55102,0.00484,1,0.04209,0.01130,0.55587,0.00451,1,0,0.00000,7
0.49929,0.34878,3255.73511,0.14087,6726,1,0.46508,0.34023,1,0.46962,0.38434,1,0.46735,0.36229,1,0.39154,0.39990,27.57122,0.71173,1,0.69791,0.42485,26.24817,0.71173,1,-0.02196,0.01539,0.54560,0.00487,1,0.04255,0.01155,0.56198,0.00452,1,0,0.00000,7
0.49790,0.34980,3255.73511,0.14746,6726,1,0.47902,0.39410,1,0.45587,0.35008,1,0.46745,0.37209,1,0.39171,0.39969,27.40117,0.71173,1,0.69803,0.42440,26.10738,0.71173,1,-0.02196,0.01539,0.54560,0.00486,1,0.04255,0.01155,0.56198,0.00456,1,0,0.00000,7
0.49709,0.35002,3255.73511,0.15552,6726,1,0.49153,0.37913,1,0.46496,0.33139,1,0.47824,0.35526,1,0.39178,0.39959,27.36844,0.71173,1,0.69814,0.42437,26.16965,0.71173,1,-0.02196,0.01539,0.54560,0.00489,1,0.04255,0.01155,0.56198,0.00453,1,0,0.00000,7
0.49632,0.35009,3255.73511,0.16113,6726,1,0.49061,0.37577,1,0.46509,0.32757,1,0.47785,0.35167,1,0.39203,0.39938,27.94588,0.71531,1,0.69803,0.42456,27.10841,0.71531,1,-0.02212,0.01566,0.55248,0.00486,1,0.04251,0.01154,0.55928,0.00453,1,0,0.00000,7
0.49518,0.35096,3255.73511,0.16724,6726,1,0.45419,0.36592,1,0.47911,0.37962,1,0.46665,0.37277,1,0.39215,0.39919,27.88462,0.71890,1,0.69838,0.42403,26.27396,0.71890,1,-0.02212,0.01566,0.55248,0.00487,1,0.04251,0.01154,0.55928,0.00449,1,0,0.00000,7
0.49391,0.35127,3255.73511,0.17432,6726,1,0.46294,0.34966,1,0.45918,0.36908,1,0.46106,0.35937,1,0.39232,0.39901,28.03820,0.72248,1,0.69843,0.42394,26.51699,0.72248,1,-0.02212,0.01566,0.55248,0.00486,1,0.04251,0.01154,0.55928,0.00450,1,0,0.00000,7
0.49274,0.35156,3255.73511,0.18091,6726,1,0.46294,0.34966,1,0.45918,0.36908,1,0.46106,0.35937,1,0.39246,0.39891,27.80280,0.72248,1,0.69832,0.42408,27.18673,0.72248,1,-0.02166,0.01559,0.54418,0.00491,1,0.04220,0.01158,0.55519,0.00454,1,0,0.00000,7
0.49190,0.35198,3255.73511,0.18799,6726,1,0.48664,0.37610,1,0.45033,0.35122,1,0.46849,0.36366,1,0.39258,0.39860,27.87716,0.71890,1,0.69848,0.42389,27.21330,0.71890,1,-0.02166,0.01559,0.54418,0.00488,1,0.04220,0.01158,0.55519,0.00456,1,0,0.00000,7
0.49055,0.35170,3255.73511,0.19434,6726,1,0.44338,0.34556,1,0.45910,0.34177,1,0.45124,0.34366,1,0.39262,0.39849,27.85841,0.71531,1,0.69882,0.42350,26.61430,0.71531,1,-0.02166,0.01559,0.54418,0.00490,1,0.04220,0.01158,0.55519,0.00455,1,0,0.00000,7
0.48930,0.35156,3255.73511,0.20142,6726,1,0.44452,0.34903,1,0.45899,0.34552,1,0.45176,0.34727,1,0.39279,0.39830,27.77659,0.71173,1,0.69869,0.42371,27.04617,0.71173,1,-0.02170,0.01571,0.54708,0.00489,1,0.04225,0.01154,0.55359,0.00452,1,0,0.00000,7
0.48820,0.35157,3255.73511,0.20801,6726,1,0.46241,0.36901,1,0.44603,0.33482,1,0.45422,0.35191,1,0.39297,0.39815,27.96095,0.71173,1,0.69884,0.42356,27.21771,0.71173,1,-0.02170,0.01571,0.54708,0.00491,1,0.04225,0.01154,0.55359,0.00452,1,0,0.00000,7
0.48748,0.35197,3255.73511,0.21484,6726,1,0.47361,0.36615,1,0.45535,0.36349,1,0.46448,0.36482,1,0.39315,0.39806,27.92668,0.71173,1,0.69916,0.42328,26.61193,0.71173,1,-0.02170,0.01571,0.54708,0.00491,1,0.04225,0.01154,0.55359,0.00454,1,0,0.00000,7
0.48679,0.35225,3255.73511,0.22095,6726,1,0.47261,0.36274,1,0.45544,0.35983,1,0.46402,0.36128,1,0.39330,0.39797,28.07053,0.71531,1,0.69897,0.42357,27.21280,0.71531,1,-0.02184,0.01599,0.55377,0.00491,1,0.04219,0.01159,0.55172,0.00459,1,0,0.00000,7
0.48551,0.35320,3255.73511,0.22803,6726,1,0.43390,0.37189,1,0.44994,0.39933,1,0.44192,0.38561,1,0.39340,0.39780,28.00084,0.71890,1,0.69925,0.42340,27.30994,0.71890,1,-0.02184,0.01599,0.55377,0.00490,1,0.04219,0.01159,0.55172,0.00453,1,0,0.00000,7
0.45960,0.36127,3255.73511,0.22803,6726,0,0.44911,0.36524,1,0.45583,0.38252,1,0.45247,0.37388,1,0.39352,0.39763,28.21540,0.72248,1,0.69955,0.42309,26.72932,0.72248,1,-0.02184,0.01599,0.55377,0.00491,1,0.04219,0.01159,0.55172,0.00459,1,0,0.00000,7
0.45604,0.36758,3255.73511,0.22803,6726,0,0.44911,0.36524,1,0.45583,0.38252,1,0.45247,0.37388,1,0.39362,0.39754,28.17616,0.72248,1,0.69950,0.42332,27.29234,0.72248,1,-0.02102,0.01552,0.53621,0.00493,1,0.04243,0.01171,0.55379,0.00457,1,0,0.00000,7
0.44606,0.36643,3255.73511,0.22803,6726,0,0.42115,0.34632,1,0.43104,0.38195,1,0.42610,0.36413,1,0.39397,0.39741,28.06621,0.71890,1,0.69971,0.42330,27.27922,0.71890,1,-0.02102,0.01552,0.53621,0.00492,1,0.04243,0.01171,0.55379,0.00456,1,0,0.00000,7
0.44371,0.36771,3255.96973,0.02026,6727,1,0.43210,0.36889,1,0.44120,0.37422,1,0.43665,0.37155,1,0.39404,0.39728,27.91574,0.71531,1,0.69989,0.42324,27.23784,0.71531,1,-0.02102,0.01552,0.53621,0.00498,1,0.04243,0.01171,0.55379,0.00456,1,0,0.00000,7
0.44229,0.36848,3255.96973,0.02661,6727,1,0.43210,0.36889,1,0.44120,0.37422,1,0.43665,0.37155,1,0.39410,0.39717,28.11037,0.71531,1,0.69997,0.42324,27.28092,0.71531,1,-0.02161,0.01613,0.55435,0.00492,1,0.04243,0.01167,0.55170,0.00455,1,0,0.00000,7
0.44028,0.37051,3255.96973,0.03345,6727,1,0.44752,0.38680,1,0.41289,0.37453,1,0.43021,0.38066,1,0.39439,0.39700,28.24103,0.71890,1,0.70021,0.42318,27.33180,0.71890,1,-0.02161,0.01613,0.55435,0.00492,1,0.04243,0.01167,0.55170,0.00456,1,0,0.00000,7
0.43674,0.36977,3255.96973,0.04053,6727,1,0.40550,0.36559,1,0.42547,0.36513,1,0.41548,0.36536,1,0.39438,0.39682,28.07721,0.72248,1,0.70032,0.42313,27.27736,0.72248,1,-0.02161,0.01613,0.55435,0.00491,1,0.04243,0.01167,0.55170,0.00456,1,0,0.00000,7
0.43408,0.36897,3255.96973,0.04688,6727,1,0.40550,0.36559,1,0.42541,0.36111,1,0.41545,0.36335,1,0.39466,0.39661,28.15509,0.72248,1,0.70048,0.42311,27.28728,0.72647,1,-0.02093,0.01580,0.54015,0.00492,1,0.18042,0.05051,2.38814,0.00454,0,0,0.00000,7
0.43382,0.36692,3255.96973,0.05298,6727,1,0.43392,0.36204,1,0.42970,0.33895,1,0.43181,0.35049,1,0.39493,0.39629,28.26659,0.72288,1,0.70077,0.42286,27.41651,0.72687,1,-0.02093,0.01580,0.54015,0.00495,1,0.18042,0.05051,2.38814,0.00458,0,0,0.00000,7
0.43583,0.36602,3255.96973,0.06152,6727,1,0.44313,0.38086,1,0.46467,0.33510,1,0.45390,0.35798,1,0.39555,0.39610,28.28808,0.72329,1,0.70166,0.42262,26.93959,0.72727,1,-0.02093,0.01580,0.54015,0.00497,1,0.18042,0.05051,2.38814,0.00459,0,0,0.00000,7
0.43742,0.36513,3255.96973,0.06836,6727,1,0.44187,0.37723,1,0.46467,0.33510,1,0.45327,0.35617,1,0.39638,0.39574,28.15157,0.72727,1,0.70231,0.42279,27.31888,0.72727,1,-0.02112,0.01639,0.55456,0.00496,1,0.04322,0.01175,0.55544,0.00462,1,0,0.00000,7
0.44383,0.36386,3255.96973,0.07324,6727,1,0.50369,0.35509,1,0.52510,0.34468,1,0.51439,0.34989,1,0.39805,0.39497,27.73440,0.73085,1,0.70431,0.42225,26.73469,0.72687,1,-0.02112,0.01639,0.55456,0.00502,1,0.04322,0.01175,0.55544,0.00462,1,0,0.00000,7
0.44827,0.36370,3255.96973,0.08008,6727,1,0.49493,0.35411,1,0.50821,0.36940,1,0.50157,0.36175,1,0.39847,0.39470,27.83074,0.73045,1,0.70457,0.42209,26.94291,0.72647,1,-0.02112,0.01639,0.55456,0.00503,1,0.04322,0.01175,0.55544,0.00464,1,0,0.00000,7
0.45210,0.36383,3255.96973,0.08667,6727,1,0.49590,0.35789,1,0.50784,0.37334,1,0.50187,0.36561,1,0.39907,0.39455,28.33665,0.72647,1,0.70519,0.42188,26.92700,0.72248,1,-0.02033,0.01616,0.54136,0.00500,1,0.04317,0.01183,0.55160,0.00460,1,0,0.00000,7
0.45587,0.36297,3255.96973,0.09399,6727,1,0.50376,0.36098,1,0.51337,0.34092,1,0.50857,0.35095,1,0.39920,0.39401,28.00676,0.71890,1,0.70519,0.42170,27.14624,0.71890,1,-0.02033,0.01616,0.54136,0.00501,1,0.04317,0.01183,0.55160,0.00460,1,0,0.00000,7
0.45893,0.36259,3255.96973,0.10059,6727,1,0.50189,0.39182,1,0.50793,0.32196,1,0.50491,0.35689,1,0.39921,0.39391,28.18859,0.71531,1,0.70522,0.42155,26.83693,0.71531,1,-0.02033,0.01616,0.54136,0.00502,1,0.04317,0.01183,0.55160,0.00462,1,0,0.00000,7
0.46164,0.36226,3255.96973,0.10840,6727,1,0.50189,0.39182,1,0.50793,0.32196,1,0.50491,0.35689,1,0.39922,0.39375,28.52338,0.71531,1,0.70526,0.42129,26.78601,0.71531,1,-0.02057,0.01654,0.54868,0.00500,1,0.04336,0.01194,0.55296,0.00464,1,0,0.00000,7
0.46444,0.36259,3255.96973,0.11548,6727,1,0.50557,0.35230,1,0.51852,0.38412,1,0.51205,0.36821,1,0.39910,0.39331,27.95154,0.71890,1,0.70530,0.42109,27.04313,0.71890,1,-0.02057,0.01654,0.54868,0.00503,1,0.04336,0.01194,0.55296,0.00462,1,0,0.00000,7
0.46618,0.36251,3255.96973,0.12061,6727,1,0.49990,0.36210,1,0.49519,0.36017,1,0.49754,0.36114,1,0.39911,0.39312,28.05159,0.72248,1,0.70523,0.42098,27.03298,0.72248,1,-0.02057,0.01654,0.54868,0.00500,1,0.04336,0.01194,0.55296,0.00459,1,0,0.00000,7
0.46773,0.36227,3255.96973,0.12744,6727,1,0.49903,0.35870,1,0.49547,0.35656,1,0.49725,0.35763,1,0.39908,0.39301,28.14145,0.72606,1,0.70519,0.42096,27.17921,0.72606,1,-0.02057,0.01667,0.54868,0.00502,1,0.04403,0.01221,0.56149,0.00461,1,0,0.00000,7
0.49512,0.35752,3255.96973,0.12744,6727,0,0.49396,0.36996,1,0.48841,0.32433,1,0.49119,0.34715,1,0.39914,0.39274,28.36243,0.72606,1,0.70515,0.42071,27.14735,0.72606,1,-0.02057,0.01667,0.54868,0.00504,1,0.04403,0.01221,0.56149,0.00460,1,0,0.00000,7
0.49063,0.34581,3255.96973,0.12744,6727,0,0.48574,0.35585,1,0.48654,0.31233,1,0.48614,0.33409,1,0.39887,0.39257,28.07958,0.72606,1,0.70524,0.42062,26.99514,0.72606,1,-0.02057,0.01667,0.54868,0.00500,1,0.04403,0.01221,0.56149,0.00463,1,0,0.00000,7
0.48913,0.34190,3255.96973,0.12744,6727,0,0.48574,0.35585,1,0.48654,0.31233,1,0.48614,0.33409,1,0.39871,0.39243,28.12329,0.72606,1,0.70505,0.42030,26.68618,0.72606,1,-0.02087,0.01689,0.55461,0.00501,1,0.04403,0.01225,0.56149,0.00463,1,0,0.00000,7
0.49025,0.34857,3256.10400,0.02026,6728,1,0.49233,0.36481,1,0.49489,0.37234,1,0.49361,0.36857,1,0.39866,0.39224,28.07645,0.72606,1,0.70503,0.42016,27.07149,0.72606,1,-0.02087,0.01689,0.55461,0.00498,1,0.04403,0.01225,0.56149,0.00463,1,0,0.00000,7
0.49106,0.35232,3256.10400,0.02734,6728,1,0.50449,0.35985,1,0.48407,0.37483,1,0.49428,0.36734,1,0.39855,0.39212,27.99778,0.72606,1,0.70495,0.41997,26.84817,0.72606,1,-0.02087,0.01689,0.55461,0.00499,1,0.04403,0.01225,0.56149,0.00463,1,0,0.00000,7
0.49164,0.35540,3256.10400,0.03320,6728,1,0.50532,0.36325,1,0.48385,0.37836,1,0.49459,0.37080,1,0.39840,0.39198,28.23629,0.72248,1,0.70468,0.42016,27.80580,0.72248,1,-0.02058,0.01670,0.54589,0.00500,1,0.04317,0.01216,0.55160,0.00457,1,0,0.00000,7
0.48985,0.35769,3256.10400,0.04028,6728,1,0.48760,0.39093,1,0.47054,0.35182,1,0.47907,0.37138,1,0.39805,0.39188,28.29969,0.71890,1,0.70443,0.42010,27.59127,0.71890,1,-0.02058,0.01670,0.54589,0.00498,1,0.04317,0.01216,0.55160,0.00459,1,0,0.00000,7
0.48667,0.35866,3256.10400,0.04663,6728,1,0.47008,0.38218,1,0.45880,0.34883,1,0.46444,0.36551,1,0.39793,0.39187,28.24593,0.71531,1,0.70425,0.42001,27.69230,0.71531,1,-0.02058,0.01670,0.54589,0.00499,1,0.04317,0.01216,0.55160,0.00459,1,0,0.00000,7
0.48420,0.35942,3256.10400,0.05322,6728,1,0.47008,0.38218,1,0.45880,0.34883,1,0.46444,0.36551,1,0.39775,0.39177,28.26101,0.71531,1,0.70407,0.41997,27.61510,0.71531,1,-0.02103,0.01704,0.55430,0.00499,1,0.04292,0.01211,0.54940,0.00460,1,0,0.00000,7
0.48428,0.35872,3256.10400,0.05981,6728,1,0.48896,0.37528,1,0.48108,0.32960,1,0.48502,0.35244,1,0.39752,0.39162,28.15900,0.71890,1,0.70382,0.41974,27.48411,0.71890,1,-0.02103,0.01704,0.55430,0.00501,1,0.04292,0.01211,0.54940,0.00461,1,0,0.00000,7
0.48296,0.35654,3256.10400,0.06641,6728,1,0.47554,0.36188,1,0.46382,0.30751,1,0.46968,0.33469,1,0.39720,0.39170,28.24814,0.72248,1,0.70365,0.41971,27.44053,0.72248,1,-0.02103,0.01704,0.55430,0.00502,1,0.04292,0.01211,0.54940,0.00459,1,0,0.00000,7
0.48186,0.35454,3256.10400,0.07373,6728,1,0.47554,0.36188,1,0.46396,0.30319,1,0.46975,0.33253,1,0.39706,0.39161,28.37454,0.72248,1,0.70340,0.41955,27.50370,0.72647,1,-0.02076,0.01673,0.54417,0.00498,1,0.18177,0.05289,2.38246,0.00458,0,0,0.00000,7
0.48213,0.35502,3256.10400,0.07959,6728,1,0.48716,0.35407,1,0.48371,0.36746,1,0.48543,0.36077,1,0.39669,0.39160,28.26168,0.72288,1,0.70308,0.41949,27.54051,0.72687,1,-0.02076,0.01673,0.54417,0.00499,1,0.18177,0.05289,2.38246,0.00462,0,0,0.00000,7
0.48122,0.35499,3256.10400,0.08716,6728,1,0.47269,0.34178,1,0.46608,0.36733,1,0.46939,0.35456,1,0.39647,0.39156,28.40955,0.72329,1,0.70287,0.41938,27.56894,0.72727,1,-0.02076,0.01673,0.54417,0.00495,1,0.18177,0.05289,2.38246,0.00458,0,0,0.00000,7
0.48042,0.35506,3256.10400,0.09375,6728,1,0.47258,0.34139,1,0.46594,0.37090,1,0.46926,0.35614,1,0.39619,0.39136,28.03495,0.72369,1,0.70268,0.41927,27.65861,0.72369,1,-0.02059,0.01650,0.53532,0.00501,1,0.04338,0.01248,0.55851,0.00456,1,0,0.00000,7
0.47978,0.35402,3256.10400,0.09961,6728,1,0.47967,0.33880,1,0.46059,0.33795,1,0.47013,0.33837,1,0.39579,0.39131,28.36515,0.72369,1,0.70230,0.41909,27.67158,0.71970,1,-0.02059,0.01650,0.53532,0.00499,1,0.04338,0.01248,0.55851,0.00457,1,0,0.00000,7
0.47868,0.35401,3256.10400,0.10645,6728,1,0.45655,0.37606,1,0.46548,0.33174,1,0.46102,0.35390,1,0.39559,0.39138,28.34679,0.71970,1,0.70207,0.41891,27.61756,0.71572,1,-0.02059,0.01650,0.53532,0.00497,1,0.04338,0.01248,0.55851,0.00459,1,0,0.00000,7
0.47772,0.35423,3256.10400,0.11499,6728,1,0.45775,0.37975,1,0.46533,0.33597,1,0.46154,0.35786,1,0.39523,0.39112,27.99081,0.71572,1,0.70179,0.41886,27.72088,0.71173,1,-0.02109,0.01682,0.54420,0.00503,1,0.04308,0.01249,0.55685,0.00458,1,0,0.00000,7
0.47691,0.35582,3256.10400,0.12109,6728,1,0.47185,0.37219,1,0.45259,0.39687,1,0.46222,0.38453,1,0.39489,0.39116,28.58895,0.71173,1,0.70139,0.41864,27.76933,0.71173,1,-0.02109,0.01682,0.54420,0.00495,1,0.04308,0.01249,0.55685,0.00460,1,0,0.00000,7
0.47602,0.35653,3256.10400,0.12695,6728,1,0.45763,0.35952,1,0.46068,0.38063,1,0.45915,0.37008,1,0.39467,0.39111,28.35637,0.71173,1,0.70124,0.41836,27.57723,0.71173,1,-0.02109,0.01682,0.54420,0.00498,1,0.04308,0.01249,0.55685,0.00460,1,0,0.00000,7
0.47522,0.35718,3256.10400,0.13330,6728,1,0.45763,0.35952,1,0.46068,0.38063,1,0.45915,0.37008,1,0.39436,0.39096,28.13842,0.71173,1,0.70095,0.41819,27.63411,0.71173,1,-0.02141,0.01702,0.54819,0.00503,1,0.04252,0.01250,0.55169,0.00456,1,0,0.00000,7
0.47450,0.35726,3256.10400,0.14014,6728,1,0.46603,0.37576,1,0.45292,0.34224,1,0.45948,0.35900,1,0.39399,0.39087,28.32465,0.71173,1,0.70064,0.41787,27.43698,0.71173,1,-0.02141,0.01702,0.54819,0.00495,1,0.04252,0.01250,0.55169,0.00459,1,0,0.00000,7
0.47305,0.35768,3256.10400,0.14673,6728,1,0.44633,0.36711,1,0.43581,0.36648,1,0.44107,0.36679,1,0.39383,0.39082,28.50255,0.71173,1,0.70045,0.41780,27.45171,0.71173,1,-0.02141,0.01702,0.54819,0.00497,1,0.04252,0.01250,0.55169,0.00458,1,0,0.00000,7
0.47172,0.35806,3256.10400,0.15332,6728,1,0.44633,0.36711,1,0.43581,0.36648,1,0.44107,0.36679,1,0.39347,0.39062,28.27852,0.71173,1,0.70018,0.41760,27.48565,0.71173,1,-0.02120,0.01672,0.53855,0.00497,1,0.04226,0.01263,0.55047,0.00459,1,0,0.00000,7
0.47071,0.35842,3256.10400,0.16211,6728,1,0.45915,0.35562,1,0.43374,0.37850,1,0.44645,0.36706,1,0.39313,0.39056,28.45091,0.71173,1,0.69980,0.41742,27.50480,0.71173,1,-0.02120,0.01672,0.53855,0.00499,1,0.04226,0.01263,0.55047,0.00457,1,0,0.00000,7
0.46955,0.35879,3256.10400,0.16846,6728,1,0.44114,0.35973,1,0.44025,0.37644,1,0.44069,0.36809,1,0.39296,0.39074,28.48853,0.71173,1,0.69965,0.41732,27.46584,0.71173,1,-0.02120,0.01672,0.53855,0.00498,1,0.04226,0.01263,0.55047,0.00455,1,0,0.00000,7
0.46848,0.35913,3256.10400,0.17407,6728,1,0.44114,0.35973,1,0.44025,0.37644,1,0.44069,0.36809,1,0.39261,0.39057,28.35251,0.71173,1,0.69938,0.41730,27.44980,0.71173,1,-0.02170,0.01699,0.54708,0.00493,1,0.04243,0.01271,0.55379,0.00457,1,0,0.00000,7
0.46728,0.35917,3256.10400,0.17993,6728,1,0.43372,0.35927,1,0.43608,0.36110,1,0.43490,0.36019,1,0.39231,0.39058,28.46224,0.71173,1,0.69915,0.41712,27.49640,0.71173,1,-0.02170,0.01699,0.54708,0.00498,1,0.04243,0.01271,0.55379,0.00456,1,0,0.00000,7
0.46601,0.35912,3256.10400,0.18677,6728,1,0.44222,0.35878,1,0.41853,0.35691,1,0.43038,0.35785,1,0.39214,0.39073,28.45622,0.71173,1,0.69893,0.41708,27.33034,0.71173,1,-0.02170,0.01699,0.54708,0.00495,1,0.04243,0.01271,0.55379,0.00454,1,0,0.00000,7
0.46482,0.35908,3256.10400,0.19336,6728,1,0.44222,0.35878,1,0.41853,0.35691,1,0.43038,0.35785,1,0.39184,0.39057,28.36446,0.71173,1,0.69866,0.41707,27.35374,0.71173,1,-0.02148,0.01669,0.53763,0.00493,1,0.04225,0.01270,0.55359,0.00451,1,0,0.00000,7
0.46386,0.35859,3256.10400,0.20068,6728,1,0.43110,0.35170,1,0.43890,0.33575,1,0.43500,0.34373,1,0.39153,0.39057,28.49576,0.71173,1,0.69832,0.41696,27.25547,0.71173,1,-0.02148,0.01669,0.53763,0.00494,1,0.04225,0.01270,0.55359,0.00455,1,0,0.00000,7
0.46289,0.35833,3256.10400,0.20728,6728,1,0.44321,0.36377,1,0.42223,0.33684,1,0.43272,0.35031,1,0.39132,0.39065,28.20081,0.71173,1,0.69823,0.41697,27.25333,0.71173,1,-0.02148,0.01669,0.53763,0.00496,1,0.04225,0.01270,0.55359,0.00452,1,0,0.00000,7
0.46195,0.35798,3256.10400,0.21387,6728,1,0.44206,0.36037,1,0.42217,0.33303,1,0.43211,0.34670,1,0.39103,0.39066,28.46850,0.71531,1,0.69798,0.41678,27.15760,0.71531,1,-0.02216,0.01713,0.55159,0.00495,1,0.04251,0.01284,0.55928,0.00455,1,0,0.00000,7
0.43570,0.35804,3256.10400,0.21387,6728,0,0.40810,0.35713,1,0.43780,0.32902,1,0.42295,0.34307,1,0.39073,0.39073,28.54239,0.71890,1,0.69763,0.41688,27.30119,0.71890,1,-0.02216,0.01713,0.55159,0.00494,1,0.04251,0.01284,0.55928,0.00451,1,0,0.00000,7
0.43401,0.34951,3256.10400,0.21387,6728,0,0.43519,0.35857,1,0.42945,0.32340,1,0.43232,0.34098,1,0.39058,0.39071,28.19196,0.72248,1,0.69750,0.41693,27.40375,0.72248,1,-0.02216,0.01713,0.55159,0.00497,1,0.04251,0.01284,0.55928,0.00452,1,0,0.00000,7
0.43325,0.34547,3256.10400,0.21387,6728,0,0.43402,0.35520,1,0.42942,0.31958,1,0.43172,0.33739,1,0.39024,0.39081,28.22602,0.72606,1,0.69725,0.41675,27.25440,0.72606,1,-0.02254,0.01729,0.55670,0.00496,1,0.04209,0.01276,0.55587,0.00450,1,0,0.00000,7
0.42933,0.34378,3256.32446,0.02075,6729,1,0.40795,0.35940,1,0.42722,0.31797,1,0.41758,0.33869,1,0.39002,0.39086,28.24729,0.72606,1,0.69702,0.41681,27.20737,0.72606,1,-0.02254,0.01729,0.55670,0.00492,1,0.04209,0.01276,0.55587,0.00453,1,0,0.00000,7
0.42859,0.34423,3256.32446,0.02734,6729,1,0.41805,0.37260,1,0.43320,0.31948,1,0.42563,0.34604,1,0.38972,0.39084,28.32076,0.72606,1,0.69686,0.41684,27.20012,0.72606,1,-0.02254,0.01729,0.55670,0.00492,1,0.04209,0.01276,0.55587,0.00450,1,0,0.00000,7
0.42820,0.34512,3256.32446,0.03418,6729,1,0.41930,0.37587,1,0.43321,0.32330,1,0.42626,0.34959,1,0.38952,0.39097,28.25670,0.72248,1,0.69660,0.41685,27.00877,0.72248,1,-0.02212,0.01688,0.54348,0.00493,1,0.04209,0.01276,0.55587,0.00453,1,0,0.00000,7
0.42580,0.34721,3256.32446,0.04077,6729,1,0.41342,0.38456,1,0.40933,0.33492,1,0.41138,0.35974,1,0.38931,0.39101,28.41494,0.71890,1,0.69632,0.41681,27.13518,0.71890,1,-0.02212,0.01688,0.54348,0.00491,1,0.04209,0.01276,0.55587,0.00451,1,0,0.00000,7
0.42423,0.34860,3256.32446,0.04736,6729,1,0.40240,0.38728,1,0.42409,0.32933,1,0.41324,0.35831,1,0.38914,0.39109,28.36179,0.71531,1,0.69620,0.41684,26.97541,0.71531,1,-0.02212,0.01688,0.54348,0.00495,1,0.04209,0.01276,0.55587,0.00453,1,0,0.00000,7
0.42309,0.35007,3256.32446,0.05371,6729,1,0.40374,0.39052,1,0.42415,0.33316,1,0.41394,0.36184,1,0.38887,0.39106,28.35421,0.71173,1,0.69596,0.41685,27.02867,0.71173,1,-0.02197,0.01659,0.53572,0.00489,1,0.04161,0.01266,0.55174,0.00454,1,0,0.00000,7
0.42260,0.35173,3256.32446,0.06128,6729,1,0.42184,0.40372,1,0.41463,0.32969,1,0.41824,0.36670,1,0.38857,0.39106,28.38547,0.71173,1,0.69570,0.41668,26.98250,0.71173,1,-0.02197,0.01659,0.53572,0.00492,1,0.04161,0.01266,0.55174,0.00452,1,0,0.00000,7
0.42120,0.35278,3256.32446,0.06763,6729,1,0.40825,0.40059,1,0.40603,0.32593,1,0.40714,0.36326,1,0.38851,0.39110,28.42944,0.71173,1,0.69559,0.41673,27.05616,0.71173,1,-0.02197,0.01659,0.53572,0.00490,1,0.04161,0.01266,0.55174,0.00452,1,0,0.00000,7
0.42002,0.35365,3256.32446,0.07446,6729,1,0.40825,0.40059,1,0.40603,0.32593,1,0.40714,0.36326,1,0.38814,0.39111,28.08911,0.71173,1,0.69534,0.41668,26.98644,0.71173,1,-0.02236,0.01687,0.54324,0.00490,1,0.04145,0.01271,0.55186,0.00451,1,0,0.00000,7
0.41820,0.35524,3256.32446,0.08105,6729,1,0.38359,0.38776,1,0.40889,0.36075,1,0.39624,0.37426,1,0.38794,0.39115,28.12841,0.71173,1,0.69512,0.41667,26.83237,0.71173,1,-0.02236,0.01687,0.54324,0.00494,1,0.04145,0.01271,0.55186,0.00451,1,0,0.00000,7
0.41740,0.35557,3256.32446,0.08789,6729,1,0.41939,0.36361,1,0.39473,0.35615,1,0.40706,0.35988,1,0.38784,0.39118,28.19770,0.71173,1,0.69495,0.41658,26.88263,0.71173,1,-0.02236,0.01687,0.54324,0.00491,1,0.04145,0.01271,0.55186,0.00451,1,0,0.00000,7
0.41671,0.35586,3256.32446,0.09448,6729,1,0.41939,0.36361,1,0.39473,0.35615,1,0.40706,0.35988,1,0.38751,0.39124,28.28233,0.71173,1,0.69483,0.41659,26.92564,0.71173,1,-0.02229,0.01672,0.53964,0.00487,1,0.04168,0.01282,0.55485,0.00447,1,0,0.00000,7
0.41565,0.35725,3256.32446,0.10107,6729,1,0.39859,0.36020,1,0.40084,0.39604,1,0.39971,0.37812,1,0.38731,0.39121,28.13690,0.71173,1,0.69459,0.41655,26.89271,0.71173,1,-0.02229,0.01672,0.53964,0.00487,1,0.04168,0.01282,0.55485,0.00450,1,0,0.00000,7
0.41392,0.35854,3256.32446,0.10791,6729,1,0.38563,0.35783,1,0.38706,0.40044,1,0.38635,0.37913,1,0.38720,0.39122,28.22432,0.71173,1,0.69449,0.41652,27.00085,0.71173,1,-0.02229,0.01672,0.53964,0.00488,1,0.04168,0.01282,0.55485,0.00450,1,0,0.00000,7
0.41240,0.35978,3256.32446,0.11450,6729,1,0.38563,0.35783,1,0.38730,0.40403,1,0.38647,0.38093,1,0.38704,0.39130,28.12408,0.71173,1,0.69441,0.41648,26.99042,0.70806,1,-0.02219,0.01654,0.53539,0.00489,1,0.04073,0.01265,0.54387,0.00448,1,0,0.00000,7
0.41076,0.36079,3256.32446,0.12109,6729,1,0.38938,0.36341,1,0.37297,0.39436,1,0.38117,0.37888,1,0.38674,0.39135,28.22896,0.70806,1,0.69415,0.41647,27.03155,0.70440,1,-0.02219,0.01654,0.53539,0.00486,1,0.04073,0.01265,0.54387,0.00452,1,0,0.00000,7
0.41001,0.36194,3256.32446,0.12793,6729,1,0.40210,0.36838,1,0.38954,0.39923,1,0.39582,0.38380,1,0.38669,0.39128,28.30298,0.70440,1,0.69411,0.41637,27.03368,0.70073,1,-0.02219,0.01654,0.53539,0.00485,1,0.04073,0.01265,0.54387,0.00453,1,0,0.00000,7
0.40937,0.36306,3256.32446,0.13452,6729,1,0.40349,0.37184,1,0.38954,0.39923,1,0.39652,0.38553,1,0.38656,0.39122,28.12741,0.70073,1,0.69398,0.41627,27.11047,0.70073,1,-0.02267,0.01688,0.54498,0.00486,1,0.04140,0.01287,0.55336,0.00451,1,0,0.00000,7
0.40856,0.36404,3256.32446,0.14136,6729,1,0.38527,0.39661,1,0.39812,0.37249,1,0.39169,0.38455,1,0.38630,0.39109,27.81520,0.70073,1,0.69378,0.41619,26.95362,0.70440,1,-0.02267,0.01688,0.54498,0.00488,1,0.04140,0.01287,0.55336,0.00452,1,0,0.00000,7
0.40747,0.36475,3256.32446,0.14795,6729,1,0.37610,0.39026,1,0.39080,0.37086,1,0.38345,0.38056,1,0.38625,0.39115,27.99586,0.70440,1,0.69368,0.41608,27.10612,0.70806,1,-0.02267,0.01688,0.54498,0.00488,1,0.04140,0.01287,0.55336,0.00452,1,0,0.00000,7
0.40643,0.36527,3256.32446,0.15454,6729,1,0.37457,0.38692,1,0.39057,0.36710,1,0.38257,0.37701,1,0.38603,0.39099,28.05075,0.70806,1,0.69356,0.41604,27.18577,0.71173,1,-0.02269,0.01687,0.54345,0.00488,1,0.04140,0.01287,0.55336,0.00449,1,0,0.00000,7
0.40467,0.36519,3256.32446,0.16113,6729,1,0.35171,0.36866,1,0.37286,0.35818,1,0.36228,0.36342,1,0.38590,0.39103,28.17161,0.71173,1,0.69348,0.41591,27.11193,0.71173,1,-0.02269,0.01687,0.54345,0.00488,1,0.04140,0.01287,0.55336,0.00449,1,0,0.00000,7
0.40385,0.36508,3256.32446,0.16724,6729,1,0.39623,0.37156,1,0.37050,0.35294,1,0.38337,0.36225,1,0.38580,0.39098,28.35972,0.71173,1,0.69333,0.41586,26.92589,0.71173,1,-0.02269,0.01687,0.54345,0.00487,1,0.04140,0.01287,0.55336,0.00454,1,0,0.00000,7
0.40310,0.36505,3256.32446,0.17554,6729,1,0.39623,0.37156,1,0.37083,0.35678,1,0.38353,0.36417,1,0.38560,0.39089,28.03849,0.71173,1,0.69323,0.41584,27.07453,0.70806,1,-0.02289,0.01696,0.54612,0.00486,1,0.04090,0.01275,0.54828,0.00453,1,0,0.00000,7
0.40196,0.36453,3256.32446,0.18164,6729,1,0.38392,0.36051,1,0.35890,0.34089,1,0.37141,0.35070,1,0.38549,0.39082,28.16150,0.70806,1,0.69285,0.41545,26.40865,0.70440,1,-0.02289,0.01696,0.54612,0.00490,1,0.04090,0.01275,0.54828,0.00452,1,0,0.00000,7
0.40113,0.36424,3256.32446,0.18823,6729,1,0.37749,0.36877,1,0.37807,0.34357,1,0.37778,0.35617,1,0.38541,0.39088,28.13719,0.70440,1,0.69283,0.41548,26.25574,0.70073,1,-0.02289,0.01696,0.54612,0.00490,1,0.04090,0.01275,0.54828,0.00451,1,0,0.00000,7
0.40035,0.36391,3256.32446,0.19482,6729,1,0.37752,0.36885,1,0.37779,0.33971,1,0.37765,0.35428,1,0.38532,0.39085,28.35217,0.70431,1,0.69265,0.41549,26.07871,0.70431,1,-0.02323,0.01718,0.55336,0.00487,1,0.04068,0.01269,0.54586,0.00458,1,0,0.00000,7
0.39935,0.36393,3256.32446,0.20166,6729,1,0.35998,0.37400,1,0.37887,0.35474,1,0.36943,0.36437,1,0.38522,0.39094,28.31866,0.70790,1,0.69252,0.41555,26.17288,0.71156,1,-0.02323,0.01718,0.55336,0.00484,1,0.04068,0.01269,0.54586,0.00452,1,0,0.00000,7
0.39825,0.36375,3256.32446,0.20825,6729,1,0.36298,0.36710,1,0.36507,0.34925,1,0.36402,0.35818,1,0.38525,0.39097,28.21577,0.71515,1,0.69255,0.41563,26.15096,0.71881,1,-0.02323,0.01718,0.55336,0.00484,1,0.04068,0.01269,0.54586,0.00454,1,0,0.00000,7
0.39721,0.36357,3256.32446,0.21484,6729,1,0.36282,0.36677,1,0.36503,0.34888,1,0.36393,0.35782,1,0.38547,0.39095,27.98397,0.71551,1,0.69283,0.41577,26.27756,0.71917,1,-0.02098,0.01558,0.50166,0.00488,1,0.04142,0.01290,0.55479,0.00451,1,0,0.00000,7
0.39798,0.36399,3256.32446,0.22168,6729,1,0.40975,0.38337,1,0.43710,0.37261,1,0.42343,0.37799,1,0.38695,0.39085,28.05029,0.71228,1,0.69469,0.41624,26.96097,0.71228,1,-0.02098,0.01558,0.50166,0.00494,1,0.04142,0.01290,0.55479,0.00455,1,0,0.00000,7
0.40015,0.36440,3256.32446,0.22778,6729,1,0.47884,0.37984,1,0.46905,0.37671,1,0.47395,0.37828,1,0.38772,0.39078,28.08432,0.70539,1,0.69558,0.41583,26.55686,0.70539,1,-0.02098,0.01558,0.50166,0.00497,1,0.04142,0.01290,0.55479,0.00454,1,0,0.00000,7
0.40221,0.36488,3256.32446,0.23511,6729,1,0.47983,0.38322,1,0.46889,0.38034,1,0.47436,0.38178,1,0.38862,0.39067,28.33537,0.70181,1,0.69612,0.41618,27.18485,0.70181,1,-0.02236,0.01687,0.54324,0.00495,1,0.04203,0.01298,0.55835,0.00457,1,0,0.00000,7
0.40379,0.36522,3256.32446,0.24243,6729,1,0.46042,0.37695,1,0.46102,0.37757,1,0.46072,0.37726,1,0.38873,0.39061,28.32234,0.70512,1,0.69607,0.41625,27.03967,0.70512,1,-0.02236,0.01687,0.54324,0.00491,1,0.04203,0.01298,0.55835,0.00452,1,0,0.00000,7
0.40547,0.36548,3256.32446,0.24854,6729,1,0.46700,0.37371,1,0.46834,0.37637,1,0.46767,0.37504,1,0.38853,0.39077,28.29212,0.70842,1,0.69586,0.41622,27.22986,0.70842,1,-0.02236,0.01687,0.54324,0.00493,1,0.04203,0.01298,0.55835,0.00451,1,0,0.00000,7
0.40706,0.36559,3256.32446,0.25513,6729,1,0.46604,0.37058,1,0.46865,0.36902,1,0.46734,0.36980,1,0.38839,0.39076,28.02237,0.71173,1,0.69586,0.41605,26.43661,0.71572,1,-0.02219,0.01654,0.53539,0.00493,1,0.04402,0.01364,0.58655,0.00457,1,0,0.00000,7
0.40793,0.36504,3256.32446,0.26221,6729,1,0.43534,0.35479,1,0.44813,0.33289,1,0.44174,0.34384,1,0.38801,0.39092,28.04476,0.71572,1,0.69535,0.41644,27.07782,0.71970,1,-0.02219,0.01654,0.53539,0.00490,1,0.04402,0.01364,0.58655,0.00451,1,0,0.00000,7
0.40904,0.36474,3256.32446,0.26855,6729,1,0.45052,0.35853,1,0.45682,0.34645,1,0.45367,0.35249,1,0.38788,0.39100,28.11008,0.71970,1,0.69528,0.41646,27.10453,0.72369,1,-0.02219,0.01654,0.53539,0.00490,1,0.04402,0.01364,0.58655,0.00449,1,0,0.00000,7
0.41009,0.36440,3256.32446,0.27515,6729,1,0.44930,0.35476,1,0.45682,0.34645,1,0.45306,0.35060,1,0.38767,0.39113,28.24303,0.72369,1,0.69527,0.41623,26.30162,0.72369,1,-0.02267,0.01684,0.54498,0.00489,1,0.04140,0.01270,0.55336,0.00450,1,0,0.00000,7
0.44082,0.36239,3256.32446,0.27515,6729,0,0.43877,0.33302,1,0.45318,0.31819,1,0.44597,0.32561,1,0.38740,0.39135,28.30904,0.72369,1,0.69471,0.41675,27.08717,0.71970,1,-0.02267,0.01684,0.54498,0.00484,1,0.04140,0.01270,0.55336,0.00452,1,0,0.00000,7
0.43637,0.35287,3256.32446,0.27515,6729,0,0.42500,0.34682,1,0.43883,0.33988,1,0.43192,0.34335,1,0.38725,0.39150,28.39758,0.71970,1,0.69460,0.41675,26.90247,0.71572,1,-0.02267,0.01684,0.54498,0.00487,1,0.04140,0.01270,0.55336,0.00450,1,0,0.00000,7
0.43511,0.35167,3256.32446,0.27515,6729,0,0.42636,0.35063,1,0.43881,0.34793,1,0.43258,0.34928,1,0.38701,0.39164,28.24450,0.71572,1,0.69463,0.41649,25.93771,0.70806,1,-0.02289,0.01679,0.54612,0.00484,1,0.04090,0.01258,0.54828,0.00449,1,0,0.00000,7
0.43627,0.35526,3256.60669,0.01978,6730,1,0.44537,0.35248,1,0.43414,0.37955,1,0.43975,0.36602,1,0.38660,0.39196,28.11029,0.70806,1,0.69407,0.41709,26.72513,0.70440,1,-0.02289,0.01679,0.54612,0.00484,1,0.04090,0.01258,0.54828,0.00450,1,0,0.00000,7
0.43681,0.36179,3256.60669,0.02637,6730,1,0.43411,0.38080,1,0.44380,0.39500,1,0.43896,0.38790,1,0.38646,0.39207,28.01804,0.70440,1,0.69384,0.41722,26.64498,0.70073,1,-0.02289,0.01679,0.54612,0.00485,1,0.04090,0.01258,0.54828,0.00449,1,0,0.00000,7
0.43726,0.36673,3256.60669,0.03320,6730,1,0.43534,0.38422,1,0.44377,0.39865,1,0.43956,0.39144,1,0.38619,0.39229,28.05922,0.70073,1,0.69387,0.41709,26.14308,0.69706,1,-0.02288,0.01657,0.54409,0.00487,1,0.04046,0.01233,0.54457,0.00444,1,0,0.00000,7
0.43852,0.36763,3256.60669,0.04004,6730,1,0.45301,0.39349,1,0.43911,0.35257,1,0.44606,0.37303,1,0.38586,0.39269,27.88533,0.69706,1,0.69321,0.41763,26.67400,0.69706,1,-0.02288,0.01657,0.54409,0.00484,1,0.04046,0.01233,0.54457,0.00444,1,0,0.00000,7
0.43861,0.36796,3256.60669,0.04688,6730,1,0.43418,0.37695,1,0.44426,0.36355,1,0.43922,0.37025,1,0.38566,0.39290,28.02028,0.69706,1,0.69313,0.41783,26.70189,0.69706,1,-0.02288,0.01657,0.54409,0.00485,1,0.04046,0.01233,0.54457,0.00445,1,0,0.00000,7
0.43868,0.36777,3256.60669,0.05298,6730,1,0.43418,0.37695,1,0.44434,0.35555,1,0.43926,0.36625,1,0.38551,0.39317,28.01517,0.69706,1,0.69288,0.41797,26.48751,0.70472,1,-0.02305,0.01645,0.54410,0.00486,1,0.04198,0.01283,0.56625,0.00447,1,0,0.00000,7
0.43660,0.36794,3256.60669,0.05981,6730,1,0.42128,0.36223,1,0.41441,0.37678,1,0.41784,0.36950,1,0.38502,0.39340,27.99622,0.70472,1,0.69254,0.41829,26.72336,0.71237,1,-0.02305,0.01645,0.54410,0.00481,1,0.04198,0.01283,0.56625,0.00445,1,0,0.00000,7
0.43532,0.36788,3256.60669,0.06641,6730,1,0.42562,0.38270,1,0.41943,0.35185,1,0.42252,0.36728,1,0.38486,0.39367,27.90295,0.71237,1,0.69235,0.41840,26.67080,0.72002,1,-0.02305,0.01645,0.54410,0.00480,1,0.04198,0.01283,0.56625,0.00443,1,0,0.00000,7
0.43414,0.36738,3256.60669,0.07324,6730,1,0.42299,0.37568,1,0.41935,0.34807,1,0.42117,0.36188,1,0.38463,0.39388,27.79124,0.72002,1,0.69203,0.41851,26.65417,0.72369,1,-0.02299,0.01617,0.53902,0.00482,1,0.04092,0.01237,0.55361,0.00442,1,0,0.00000,7
0.43276,0.36467,3256.60669,0.07983,6730,1,0.42041,0.32897,1,0.41203,0.33546,1,0.41622,0.33221,1,0.38426,0.39435,27.84774,0.72369,1,0.69167,0.41877,26.62076,0.71970,1,-0.02299,0.01617,0.53902,0.00481,1,0.04092,0.01237,0.55361,0.00440,1,0,0.00000,7
0.43178,0.36372,3256.60669,0.08643,6730,1,0.42215,0.35357,1,0.41580,0.34917,1,0.41898,0.35137,1,0.38414,0.39441,27.90585,0.71970,1,0.69150,0.41886,26.54937,0.71572,1,-0.02299,0.01617,0.53902,0.00481,1,0.04092,0.01237,0.55361,0.00444,1,0,0.00000,7
0.43093,0.36293,3256.60669,0.09302,6730,1,0.42229,0.35395,1,0.41581,0.34959,1,0.41905,0.35177,1,0.38377,0.39469,27.69137,0.71930,1,0.69144,0.41870,25.72368,0.71531,1,-0.02398,0.01665,0.55924,0.00478,1,0.04138,0.01256,0.56211,0.00440,1,0,0.00000,7
0.42955,0.36365,3256.60669,0.09985,6730,1,0.41481,0.35916,1,0.40302,0.38977,1,0.40892,0.37446,1,0.38344,0.39516,27.81676,0.71890,1,0.69078,0.41937,26.42630,0.71890,1,-0.02398,0.01665,0.55924,0.00479,1,0.04138,0.01256,0.56211,0.00442,1,0,0.00000,7
0.42875,0.36227,3256.60669,0.10742,6730,1,0.41963,0.33010,1,0.41233,0.35016,1,0.41598,0.34013,1,0.38328,0.39523,27.77010,0.72248,1,0.69066,0.41941,26.43157,0.72248,1,-0.02398,0.01665,0.55924,0.00477,1,0.04138,0.01256,0.56211,0.00439,1,0,0.00000,7
0.42801,0.36084,3256.60669,0.11304,6730,1,0.41839,0.32662,1,0.41221,0.34647,1,0.41530,0.33654,1,0.38290,0.39546,27.82918,0.72606,1,0.69043,0.41946,26.58300,0.72606,1,-0.02408,0.01648,0.55768,0.00477,1,0.04066,0.01227,0.55453,0.00440,1,0,0.00000,7
0.42618,0.35939,3256.60669,0.11987,6730,1,0.38236,0.34771,1,0.40421,0.31891,1,0.39329,0.33331,1,0.38266,0.39574,27.83590,0.72606,1,0.68989,0.41933,25.69790,0.72606,1,-0.02408,0.01648,0.55768,0.00476,1,0.04066,0.01227,0.55453,0.00443,1,0,0.00000,7
0.42507,0.35831,3256.60669,0.12695,6730,1,0.41586,0.36209,1,0.39230,0.31372,1,0.40408,0.33791,1,0.38241,0.39567,27.63020,0.72606,1,0.68970,0.41931,25.67503,0.72606,1,-0.02408,0.01648,0.55768,0.00475,1,0.04066,0.01227,0.55453,0.00438,1,0,0.00000,7
0.42411,0.35751,3256.60669,0.13281,6730,1,0.41712,0.36541,1,0.39250,0.31759,1,0.40481,0.34150,1,0.38213,0.39569,27.42917,0.72248,1,0.68962,0.41954,26.23267,0.72248,1,-0.02364,0.01609,0.54457,0.00473,1,0.04021,0.01223,0.55072,0.00440,1,0,0.00000,7
0.42270,0.35822,3256.60669,0.14038,6730,1,0.38673,0.35663,1,0.39965,0.38940,1,0.39319,0.37301,1,0.38190,0.39569,27.54163,0.71890,1,0.68910,0.41917,25.44449,0.71890,1,-0.02364,0.01609,0.54457,0.00475,1,0.04021,0.01223,0.55072,0.00440,1,0,0.00000,7
0.42134,0.35881,3256.60669,0.14697,6730,1,0.39163,0.35941,1,0.39107,0.38443,1,0.39135,0.37192,1,0.38165,0.39570,27.50063,0.71531,1,0.68891,0.41909,25.57279,0.71531,1,-0.02364,0.01609,0.54457,0.00471,1,0.04021,0.01223,0.55072,0.00440,1,0,0.00000,7
0.42012,0.35950,3256.60669,0.15332,6730,1,0.39302,0.36277,1,0.39129,0.38799,1,0.39215,0.37538,1,0.38131,0.39567,27.43732,0.71173,1,0.68880,0.41928,26.04529,0.71173,1,-0.02382,0.01611,0.54507,0.00473,1,0.04012,0.01233,0.55169,0.00442,1,0,0.00000,7
0.41908,0.35953,3256.60669,0.16016,6730,1,0.38488,0.35459,1,0.40307,0.36557,1,0.39398,0.36008,1,0.38107,0.39565,27.52443,0.71173,1,0.68829,0.41876,25.40760,0.71173,1,-0.02382,0.01611,0.54507,0.00474,1,0.04012,0.01233,0.55169,0.00439,1,0,0.00000,7
0.41739,0.35947,3256.60669,0.16650,6730,1,0.36560,0.35573,1,0.38495,0.36048,1,0.37527,0.35811,1,0.38086,0.39566,27.40497,0.71173,1,0.68801,0.41871,25.28306,0.71173,1,-0.02382,0.01611,0.54507,0.00471,1,0.04012,0.01233,0.55169,0.00441,1,0,0.00000,7
0.41584,0.35949,3256.60669,0.17407,6730,1,0.36560,0.35573,1,0.38520,0.36427,1,0.37540,0.36000,1,0.38049,0.39569,27.37568,0.71173,1,0.68781,0.41857,25.35368,0.70806,1,-0.02398,0.01610,0.54484,0.00471,1,0.03945,0.01216,0.54421,0.00438,1,0,0.00000,7
0.41456,0.35931,3256.60669,0.18042,6730,1,0.38320,0.35907,1,0.37690,0.34987,1,0.38005,0.35447,1,0.38012,0.39570,27.32283,0.70806,1,0.68745,0.41846,25.45981,0.70440,1,-0.02398,0.01610,0.54484,0.00471,1,0.03945,0.01216,0.54421,0.00441,1,0,0.00000,7
0.41310,0.35912,3256.60669,0.18677,6730,1,0.36473,0.35854,1,0.37956,0.34884,1,0.37215,0.35369,1,0.38006,0.39570,27.43900,0.70440,1,0.68719,0.41850,25.39483,0.70073,1,-0.02398,0.01610,0.54484,0.00468,1,0.03945,0.01216,0.54421,0.00439,1,0,0.00000,7
0.41176,0.35900,3256.60669,0.19312,6730,1,0.36631,0.36202,1,0.37956,0.34884,1,0.37294,0.35543,1,0.37979,0.39570,27.34295,0.70073,1,0.68694,0.41837,25.49252,0.70073,1,-0.02405,0.01609,0.54467,0.00468,1,0.04007,0.01237,0.55332,0.00438,1,0,0.00000,7
0.41182,0.35979,3256.60669,0.20166,6730,1,0.41720,0.37847,1,0.41026,0.38901,1,0.41373,0.38374,1,0.38008,0.39555,27.09099,0.70073,1,0.68785,0.41863,26.29374,0.70440,1,-0.02405,0.01609,0.54467,0.00471,1,0.04007,0.01237,0.55332,0.00437,1,0,0.00000,7
0.41348,0.35960,3256.60669,0.20776,6730,1,0.45502,0.37116,1,0.47474,0.33591,1,0.46488,0.35353,1,0.38103,0.39555,27.16188,0.70440,1,0.68906,0.41842,25.64579,0.70806,1,-0.02405,0.01609,0.54467,0.00477,1,0.04007,0.01237,0.55332,0.00444,1,0,0.00000,7
0.41501,0.35919,3256.60669,0.21411,6730,1,0.45279,0.36427,1,0.47511,0.32819,1,0.46395,0.34623,1,0.38252,0.39549,27.21048,0.71165,1,0.69032,0.41843,25.81243,0.71531,1,-0.02398,0.01630,0.55144,0.00477,1,0.04040,0.01241,0.55332,0.00448,1,0,0.00000,7
0.41806,0.35872,3256.60669,0.22095,6730,1,0.51426,0.33783,1,0.52347,0.34870,1,0.51886,0.34327,1,0.38418,0.39521,27.31461,0.71890,1,0.69189,0.41822,25.80766,0.71890,1,-0.02398,0.01630,0.55144,0.00477,1,0.04040,0.01241,0.55332,0.00443,1,0,0.00000,7
0.42148,0.35899,3256.60669,0.22754,6730,1,0.53399,0.37077,1,0.54138,0.36510,1,0.53769,0.36794,1,0.38446,0.39511,27.29887,0.72248,1,0.69204,0.41820,25.69550,0.72248,1,-0.02398,0.01630,0.55144,0.00474,1,0.04040,0.01241,0.55332,0.00440,1,0,0.00000,7
0.42470,0.35929,3256.60669,0.23438,6730,1,0.53399,0.37077,1,0.54088,0.36876,1,0.53743,0.36977,1,0.38488,0.39488,27.18350,0.72248,1,0.69225,0.41823,25.94162,0.71881,1,-0.02352,0.01611,0.54379,0.00476,1,0.03957,0.01226,0.54139,0.00440,1,0,0.00000,7
0.42795,0.35917,3256.60669,0.24097,6730,1,0.53234,0.36468,1,0.55698,0.34508,1,0.54466,0.35488,1,0.38430,0.39486,27.06871,0.71523,1,0.69188,0.41797,25.74036,0.71156,1,-0.02352,0.01611,0.54379,0.00471,1,0.03957,0.01226,0.54139,0.00437,1,0,0.00000,7
0.45990,0.35902,3256.60669,0.24097,6730,0,0.54089,0.37165,1,0.53315,0.35891,1,0.53702,0.36528,1,0.38433,0.39479,27.03742,0.70798,1,0.69173,0.41780,25.78889,0.70431,1,-0.02352,0.01611,0.54379,0.00472,1,0.03957,0.01226,0.54139,0.00436,1,0,0.00000,7
0.49857,0.36577,3256.60669,0.24097,6730,0,0.54227,0.37864,1,0.53221,0.36640,1,0.53724,0.37252,1,0.38408,0.39471,26.96240,0.70073,1,0.69140,0.41781,26.00011,0.69706,1,-0.02381,0.01631,0.54656,0.00474,1,0.03965,0.01234,0.54472,0.00436,1,0,0.00000,7
0.50616,0.36707,3256.60669,0.24097,6730,0,0.51867,0.39496,1,0.52402,0.34439,1,0.52134,0.36968,1,0.38381,0.39468,27.30766,0.69706,1,0.69114,0.41745,25.94691,0.69706,1,-0.02381,0.01631,0.54656,0.00469,1,0.03965,0.01234,0.54472,0.00434,1,0,0.00000,7
0.51003,0.37346,3256.85449,0.02026,6731,1,0.52947,0.38234,1,0.51384,0.40295,1,0.52166,0.39264,1,0.38363,0.39452,27.07236,0.69706,1,0.69100,0.41730,26.00779,0.69706,1,-0.02381,0.01631,0.54656,0.00472,1,0.03965,0.01234,0.54472,0.00438,1,0,0.00000,7
0.51244,0.37655,3256.85449,0.02661,6731,1,0.52947,0.38234,1,0.51465,0.39544,1,0.52206,0.38889,1,0.38342,0.39436,27.00464,0.69706,1,0.69084,0.41711,25.44212,0.70472,1,-0.02382,0.01627,0.54507,0.00475,1,0.04008,0.01266,0.55177,0.00441,1,0,0.00000,7
0.51386,0.37218,3256.85449,0.03320,6731,1,0.52724,0.35001,1,0.51464,0.35062,1,0.52094,0.35032,1,0.38323,0.39417,27.13679,0.70472,1,0.69055,0.41681,25.39006,0.71237,1,-0.02382,0.01627,0.54507,0.00468,1,0.04008,0.01266,0.55177,0.00437,1,0,0.00000,7
0.51314,0.36864,3256.85449,0.04004,6731,1,0.51381,0.37366,1,0.50394,0.32118,1,0.50887,0.34742,1,0.38309,0.39413,27.27167,0.71237,1,0.69037,0.41663,25.48840,0.72002,1,-0.02382,0.01627,0.54507,0.00468,1,0.04008,0.01266,0.55177,0.00437,1,0,0.00000,7
0.51249,0.36484,3256.85449,0.04614,6731,1,0.51128,0.36300,1,0.50458,0.31346,1,0.50793,0.33823,1,0.38283,0.39382,26.98971,0.72360,1,0.69021,0.41655,25.55216,0.72727,1,-0.02486,0.01697,0.56583,0.00471,1,0.04007,0.01274,0.55332,0.00439,1,0,0.00000,7
0.51195,0.36499,3256.85449,0.05249,6731,1,0.48491,0.35751,1,0.53023,0.37484,1,0.50757,0.36617,1,0.38260,0.39360,26.98192,0.73085,1,0.68997,0.41627,25.81119,0.72687,1,-0.02486,0.01697,0.56583,0.00473,1,0.04007,0.01274,0.55332,0.00441,1,0,0.00000,7
0.51295,0.36385,3256.85449,0.05933,6731,1,0.52487,0.35767,1,0.51907,0.34962,1,0.52197,0.35364,1,0.38253,0.39352,27.03692,0.73045,1,0.68980,0.41597,25.17545,0.72647,1,-0.02486,0.01697,0.56583,0.00470,1,0.04007,0.01274,0.55332,0.00441,1,0,0.00000,7
0.51379,0.36328,3256.85449,0.06787,6731,1,0.52569,0.36145,1,0.51864,0.35366,1,0.52217,0.35756,1,0.38236,0.39345,27.39118,0.72647,1,0.68975,0.41588,25.35770,0.72248,1,-0.02398,0.01643,0.54484,0.00467,1,0.03995,0.01285,0.55282,0.00436,1,0,0.00000,7
0.51307,0.36276,3256.85449,0.07300,6731,1,0.50884,0.37987,1,0.50155,0.33409,1,0.50519,0.35698,1,0.38228,0.39325,27.20617,0.71890,1,0.68943,0.41570,25.59989,0.71890,1,-0.02398,0.01643,0.54484,0.00468,1,0.03995,0.01285,0.55282,0.00435,1,0,0.00000,7
0.51263,0.36139,3256.85449,0.07983,6731,1,0.50553,0.36832,1,0.50906,0.32165,1,0.50729,0.34499,1,0.38221,0.39315,27.42424,0.71531,1,0.68925,0.41558,25.61123,0.71531,1,-0.02398,0.01643,0.54484,0.00468,1,0.03995,0.01285,0.55282,0.00439,1,0,0.00000,7
0.51226,0.36048,3256.85449,0.08667,6731,1,0.50637,0.37173,1,0.50872,0.32549,1,0.50754,0.34861,1,0.38196,0.39282,26.85342,0.71173,1,0.68913,0.41547,25.63905,0.71173,1,-0.02405,0.01659,0.54467,0.00471,1,0.04026,0.01306,0.55831,0.00442,1,0,0.00000,7
0.51137,0.36177,3256.85449,0.09302,6731,1,0.48791,0.37617,1,0.50970,0.38363,1,0.49881,0.37990,1,0.38173,0.39262,26.96682,0.71173,1,0.68896,0.41507,25.52634,0.71173,1,-0.02405,0.01659,0.54467,0.00469,1,0.04026,0.01306,0.55831,0.00439,1,0,0.00000,7
0.51030,0.36216,3256.85449,0.09937,6731,1,0.48514,0.36578,1,0.50359,0.37018,1,0.49436,0.36798,1,0.38176,0.39251,27.00315,0.71173,1,0.68888,0.41501,25.31112,0.71173,1,-0.02405,0.01659,0.54467,0.00470,1,0.04026,0.01306,0.55831,0.00439,1,0,0.00000,7
0.50936,0.36218,3256.85449,0.10693,6731,1,0.48419,0.36236,1,0.50427,0.36255,1,0.49423,0.36245,1,0.38157,0.39244,27.27491,0.71531,1,0.68873,0.41492,25.53047,0.71930,1,-0.02450,0.01687,0.55393,0.00470,1,0.04097,0.01339,0.56871,0.00435,1,0,0.00000,7
0.50877,0.36172,3256.85449,0.11353,6731,1,0.50946,0.38113,1,0.48806,0.32673,1,0.49876,0.35393,1,0.38148,0.39231,27.20736,0.72288,1,0.68856,0.41475,25.43435,0.72687,1,-0.02450,0.01687,0.55393,0.00469,1,0.04097,0.01339,0.56871,0.00445,1,0,0.00000,7
0.50813,0.36039,3256.85449,0.12036,6731,1,0.50792,0.36171,1,0.48549,0.31145,1,0.49671,0.33658,1,0.38142,0.39221,27.35487,0.73045,1,0.68840,0.41467,25.48503,0.73444,1,-0.02450,0.01687,0.55393,0.00468,1,0.04097,0.01339,0.56871,0.00438,1,0,0.00000,7
0.50754,0.35911,3256.85449,0.12671,6731,1,0.50702,0.35796,1,0.48549,0.31145,1,0.49625,0.33470,1,0.38122,0.39203,27.23589,0.73444,1,0.68826,0.41457,25.74846,0.73444,1,-0.02421,0.01672,0.54635,0.00467,1,0.03918,0.01285,0.54549,0.00439,1,0,0.00000,7
0.50682,0.35854,3256.85449,0.13330,6731,1,0.49360,0.38145,1,0.49134,0.31275,1,0.49247,0.34710,1,0.38115,0.39191,27.19648,0.73085,1,0.68810,0.41445,25.85326,0.72687,1,-0.02421,0.01672,0.54635,0.00466,1,0.03918,0.01285,0.54549,0.00437,1,0,0.00000,7
0.50577,0.35879,3256.85449,0.13989,6731,1,0.48626,0.37753,1,0.48108,0.35069,1,0.48367,0.36411,1,0.38109,0.39184,27.11742,0.72329,1,0.68807,0.41442,25.77540,0.71930,1,-0.02421,0.01672,0.54635,0.00467,1,0.03918,0.01285,0.54549,0.00436,1,0,0.00000,7
0.50483,0.35919,3256.85449,0.14697,6731,1,0.48729,0.38122,1,0.48084,0.35478,1,0.48407,0.36800,1,0.38085,0.39175,26.98058,0.71930,1,0.68804,0.41432,25.64269,0.71531,1,-0.02450,0.01697,0.55196,0.00470,1,0.03918,0.01301,0.54549,0.00441,1,0,0.00000,7
0.50414,0.35959,3256.85449,0.15381,6731,1,0.47713,0.36288,1,0.49959,0.37471,1,0.48836,0.36880,1,0.38083,0.39167,27.01262,0.71890,1,0.68776,0.41423,25.70464,0.71890,1,-0.02450,0.01697,0.55196,0.00469,1,0.03918,0.01301,0.54549,0.00440,1,0,0.00000,7
0.50324,0.35953,3256.85449,0.16211,6731,1,0.47239,0.35513,1,0.49075,0.36097,1,0.48157,0.35805,1,0.38078,0.39164,27.20595,0.72248,1,0.68769,0.41419,25.72762,0.72248,1,-0.02450,0.01697,0.55196,0.00469,1,0.03918,0.01301,0.54549,0.00437,1,0,0.00000,7
0.50241,0.35940,3256.85449,0.16919,6731,1,0.47239,0.35513,1,0.49103,0.35695,1,0.48171,0.35604,1,0.38070,0.39151,27.19084,0.72248,1,0.68765,0.41395,25.23916,0.72647,1,-0.02400,0.01660,0.53999,0.00469,1,0.04100,0.01363,0.57147,0.00448,1,0,0.00000,7
0.50130,0.35900,3256.85449,0.17432,6731,1,0.46340,0.34206,1,0.48172,0.35554,1,0.47256,0.34880,1,0.38061,0.39140,27.07662,0.72288,1,0.68753,0.41387,25.18938,0.72687,1,-0.02400,0.01660,0.53999,0.00471,1,0.04100,0.01363,0.57147,0.00447,1,0,0.00000,7
0.50016,0.35897,3256.85449,0.18042,6731,1,0.46005,0.37640,1,0.47835,0.33980,1,0.46920,0.35810,1,0.38055,0.39136,27.22321,0.72329,1,0.68749,0.41382,25.28242,0.72727,1,-0.02400,0.01660,0.53999,0.00471,1,0.04100,0.01363,0.57147,0.00443,1,0,0.00000,7
0.49907,0.35888,3256.85449,0.18677,6731,1,0.45888,0.37273,1,0.47835,0.33980,1,0.46861,0.35627,1,0.38051,0.39123,27.38229,0.72727,1,0.68733,0.41391,25.74346,0.72727,1,-0.02479,0.01720,0.55678,0.00470,1,0.03950,0.01314,0.55115,0.00440,1,0,0.00000,7
0.49772,0.35811,3256.85449,0.19360,6731,1,0.44962,0.34325,1,0.46734,0.32858,1,0.45848,0.33591,1,0.38049,0.39110,27.48248,0.73085,1,0.68729,0.41374,25.72179,0.72687,1,-0.02479,0.01720,0.55678,0.00470,1,0.03950,0.01314,0.55115,0.00442,1,0,0.00000,7
0.49634,0.35780,3256.85449,0.20044,6731,1,0.44683,0.37198,1,0.46342,0.32515,1,0.45513,0.34857,1,0.38046,0.39108,27.39046,0.73045,1,0.68727,0.41373,25.96223,0.72647,1,-0.02479,0.01720,0.55678,0.00470,1,0.03950,0.01314,0.55115,0.00441,1,0,0.00000,7
0.49506,0.35753,3256.85449,0.20825,6731,1,0.44695,0.37235,1,0.46341,0.32557,1,0.45518,0.34896,1,0.38038,0.39090,27.39951,0.73005,1,0.68720,0.41362,26.01501,0.72606,1,-0.02479,0.01729,0.55678,0.00472,1,0.03962,0.01321,0.55398,0.00437,1,0,0.00000,7
0.49399,0.35763,3256.85449,0.21436,6731,1,0.44331,0.35766,1,0.47610,0.36432,1,0.45970,0.36099,1,0.38042,0.39076,27.61658,0.72606,1,0.68707,0.41355,25.75030,0.72606,1,-0.02479,0.01729,0.55678,0.00473,1,0.03962,0.01321,0.55398,0.00445,1,0,0.00000,7
0.49260,0.35730,3256.85449,0.22070,6731,1,0.44609,0.34510,1,0.44774,0.34720,1,0.44691,0.34615,1,0.38041,0.39074,27.68279,0.72606,1,0.68704,0.41345,25.93069,0.72606,1,-0.02479,0.01729,0.55678,0.00473,1,0.03962,0.01321,0.55398,0.00446,1,0,0.00000,7
0.46536,0.35273,3256.85449,0.22070,6731,0,0.44609,0.34510,1,0.44774,0.34720,1,0.44691,0.34615,1,0.38032,0.39055,27.18761,0.72606,1,0.68678,0.41368,26.79516,0.72606,1,-0.02479,0.01733,0.55678,0.00476,1,0.03983,0.01341,0.55686,0.00441,1,0,0.00000,7
0.45505,0.36115,3256.85449,0.22070,6731,0,0.44201,0.36735,1,0.44747,0.37178,1,0.44474,0.36956,1,0.38037,0.39044,27.60979,0.72606,1,0.68676,0.41349,26.35110,0.72606,1,-0.02479,0.01733,0.55678,0.00474,1,0.03983,0.01341,0.55686,0.00441,1,0,0.00000,7
0.45164,0.36037,3256.85449,0.22070,6731,0,0.44542,0.35741,1,0.44422,0.36022,1,0.44482,0.35882,1,0.38038,0.39037,27.47145,0.72606,1,0.68666,0.41344,26.48701,0.72606,1,-0.02479,0.01733,0.55678,0.00474,1,0.03983,0.01341,0.55686,0.00443,1,0,0.00000,7
0.45007,0.36132,3257.08179,0.02026,6732,1,0.44653,0.36077,1,0.44415,0.36753,1,0.44534,0.36415,1,0.38031,0.39020,27.33461,0.72248,1,0.68665,0.41336,26.75732,0.71881,1,-0.02400,0.01685,0.53999,0.00477,1,0.03859,0.01302,0.53907,0.00442,1,0,0.00000,7
0.45094,0.36346,3257.08179,0.02661,6732,1,0.45686,0.38872,1,0.45198,0.35537,1,0.45442,0.37204,1,0.38033,0.39009,27.39106,0.71523,1,0.68675,0.41317,26.45495,0.71156,1,-0.02400,0.01685,0.53999,0.00479,1,0.03859,0.01302,0.53907,0.00442,1,0,0.00000,7
0.45629,0.36440,3257.08179,0.03320,6732,1,0.48700,0.38227,1,0.47907,0.35589,1,0.48303,0.36908,1,0.38064,0.38985,27.17385,0.70798,1,0.68738,0.41282,25.99899,0.70431,1,-0.02400,0.01685,0.53999,0.00475,1,0.03859,0.01302,0.53907,0.00444,1,0,0.00000,7
0.46023,0.36582,3257.08179,0.03979,6732,1,0.48891,0.38908,1,0.47887,0.35962,1,0.48389,0.37435,1,0.38138,0.38978,27.47351,0.70073,1,0.68811,0.41277,25.91171,0.70073,1,-0.02398,0.01708,0.54484,0.00473,1,0.04026,0.01348,0.55831,0.00444,1,0,0.00000,7
0.47088,0.36591,3257.08179,0.04688,6732,1,0.54021,0.38617,1,0.55072,0.34691,1,0.54546,0.36654,1,0.38327,0.38948,27.37322,0.70073,1,0.68981,0.41288,26.30933,0.70440,1,-0.02398,0.01708,0.54484,0.00484,1,0.04026,0.01348,0.55831,0.00448,1,0,0.00000,7
0.48184,0.36401,3257.08179,0.05298,6732,1,0.56528,0.36654,1,0.57376,0.33104,1,0.56952,0.34879,1,0.38384,0.38938,27.24531,0.70440,1,0.69024,0.41284,25.99968,0.70806,1,-0.02398,0.01708,0.54484,0.00488,1,0.04026,0.01348,0.55831,0.00446,1,0,0.00000,7
0.49066,0.36153,3257.08179,0.06030,6732,1,0.56414,0.35943,1,0.57582,0.31911,1,0.56998,0.33927,1,0.38469,0.38930,27.71110,0.71165,1,0.69087,0.41264,26.38930,0.71930,1,-0.02396,0.01742,0.55304,0.00482,1,0.04008,0.01345,0.55177,0.00446,1,0,0.00000,7
0.49491,0.36185,3257.08179,0.06714,6732,1,0.52864,0.36126,1,0.54637,0.36864,1,0.53751,0.36495,1,0.38477,0.38909,27.82829,0.72288,1,0.69089,0.41256,26.20999,0.72687,1,-0.02396,0.01742,0.55304,0.00479,1,0.04008,0.01345,0.55177,0.00447,1,0,0.00000,7
0.49840,0.36273,3257.08179,0.07373,6732,1,0.52610,0.38793,1,0.54737,0.35700,1,0.53673,0.37246,1,0.38478,0.38903,27.65225,0.73045,1,0.69086,0.41252,26.26460,0.73444,1,-0.02396,0.01742,0.55304,0.00482,1,0.04008,0.01345,0.55177,0.00447,1,0,0.00000,7
0.50133,0.36293,3257.08179,0.08057,6732,1,0.52456,0.38105,1,0.54845,0.34950,1,0.53651,0.36527,1,0.38483,0.38894,27.63367,0.73802,1,0.69095,0.41225,26.02076,0.74201,1,-0.02408,0.01759,0.55561,0.00480,1,0.04008,0.01349,0.55177,0.00451,1,0,0.00000,7
0.50446,0.36157,3257.08179,0.08643,6732,1,0.53126,0.35902,1,0.55898,0.32884,1,0.54512,0.34393,1,0.38490,0.38861,27.58406,0.74201,1,0.69098,0.41190,25.65539,0.74201,1,-0.02408,0.01759,0.55561,0.00481,1,0.04008,0.01349,0.55177,0.00451,1,0,0.00000,7
0.50641,0.35957,3257.08179,0.09399,6732,1,0.53481,0.33861,1,0.53274,0.32450,1,0.53378,0.33156,1,0.38492,0.38856,27.66423,0.74201,1,0.69101,0.41196,25.84908,0.74201,1,-0.02408,0.01759,0.55561,0.00482,1,0.04008,0.01349,0.55177,0.00450,1,0,0.00000,7
0.50812,0.35817,3257.08179,0.09985,6732,1,0.53549,0.34206,1,0.53181,0.33226,1,0.53365,0.33716,1,0.38502,0.38850,27.91215,0.73842,1,0.69110,0.41181,25.86968,0.73444,1,-0.02357,0.01731,0.54691,0.00481,1,0.04012,0.01349,0.55169,0.00448,1,0,0.00000,7
0.50978,0.35778,3257.08179,0.10693,6732,1,0.53773,0.35559,1,0.53521,0.34764,1,0.53647,0.35162,1,0.38499,0.38813,27.77694,0.73085,1,0.69124,0.41160,26.02219,0.72687,1,-0.02357,0.01731,0.54691,0.00479,1,0.04012,0.01349,0.55169,0.00448,1,0,0.00000,7
0.53904,0.35692,3257.08179,0.10693,6732,0,0.54245,0.38553,1,0.53742,0.38872,1,0.53993,0.38713,1,0.38501,0.38808,27.76118,0.72329,1,0.69120,0.41156,25.96391,0.71930,1,-0.02357,0.01731,0.54691,0.00478,1,0.04012,0.01349,0.55169,0.00447,1,0,0.00000,7
0.53954,0.37391,3257.08179,0.10693,6732,0,0.54318,0.38922,1,0.53689,0.39259,1,0.54003,0.39090,1,0.38501,0.38787,27.68734,0.71930,1,0.69135,0.41139,25.81595,0.71531,1,-0.02386,0.01772,0.55455,0.00480,1,0.04055,0.01377,0.55643,0.00448,1,0,0.00000,7
0.52940,0.36670,3257.08179,0.10693,6732,0,0.50515,0.35238,1,0.51310,0.35215,1,0.50913,0.35226,1,0.38512,0.38748,27.59711,0.71890,1,0.69133,0.41115,26.01433,0.71890,1,-0.02386,0.01772,0.55455,0.00480,1,0.04055,0.01377,0.55643,0.00451,1,0,0.00000,7
0.52511,0.36243,3257.19556,0.01978,6733,1,0.50648,0.37042,1,0.51798,0.32889,1,0.51223,0.34965,1,0.38511,0.38737,27.75622,0.72248,1,0.69130,0.41094,26.11170,0.72248,1,-0.02386,0.01772,0.55455,0.00481,1,0.04055,0.01377,0.55643,0.00446,1,0,0.00000,7
0.52253,0.35875,3257.19556,0.02637,6733,1,0.50565,0.36706,1,0.51879,0.32095,1,0.51222,0.34400,1,0.38508,0.38729,27.95185,0.72606,1,0.69125,0.41083,26.29647,0.73005,1,-0.02384,0.01778,0.55393,0.00480,1,0.04093,0.01397,0.56107,0.00445,1,0,0.00000,7
0.52057,0.36214,3257.19556,0.03345,6733,1,0.50317,0.38379,1,0.51843,0.37441,1,0.51080,0.37910,1,0.38510,0.38707,27.92417,0.73005,1,0.69131,0.41051,26.26561,0.73404,1,-0.02384,0.01778,0.55393,0.00484,1,0.04093,0.01397,0.56107,0.00449,1,0,0.00000,7
0.51868,0.36262,3257.19556,0.04028,6733,1,0.50139,0.36688,1,0.51326,0.36405,1,0.50732,0.36547,1,0.38506,0.38698,27.72960,0.73404,1,0.69128,0.41040,26.17261,0.73802,1,-0.02384,0.01778,0.55393,0.00486,1,0.04093,0.01397,0.56107,0.00451,1,0,0.00000,7
0.51723,0.36250,3257.19556,0.04712,6733,1,0.50045,0.36319,1,0.51365,0.36015,1,0.50705,0.36167,1,0.38508,0.38680,27.58395,0.73802,1,0.69134,0.41019,26.04045,0.74201,1,-0.02388,0.01796,0.55682,0.00483,1,0.04118,0.01414,0.56457,0.00453,1,0,0.00000,7
0.51612,0.35851,3257.19556,0.05396,6733,1,0.49912,0.33747,1,0.51534,0.31569,1,0.50723,0.32658,1,0.38513,0.38650,27.63950,0.74201,1,0.69116,0.40985,26.20286,0.74201,1,-0.02388,0.01796,0.55682,0.00483,1,0.04118,0.01414,0.56457,0.00450,1,0,0.00000,7
0.51472,0.35743,3257.19556,0.06055,6733,1,0.49359,0.35708,1,0.51077,0.33835,1,0.50218,0.34772,1,0.38510,0.38648,27.85303,0.74201,1,0.69112,0.40971,26.09498,0.74201,1,-0.02388,0.01796,0.55682,0.00483,1,0.04118,0.01414,0.56457,0.00455,1,0,0.00000,7
0.51358,0.35654,3257.19556,0.06738,6733,1,0.49359,0.35708,1,0.51077,0.33835,1,0.50218,0.34772,1,0.38506,0.38640,28.01063,0.74201,1,0.69106,0.40964,26.07040,0.74201,1,-0.02386,0.01797,0.55455,0.00480,1,0.04118,0.01431,0.56457,0.00454,1,0,0.00000,7
0.51209,0.35578,3257.19556,0.07373,6733,1,0.48732,0.34253,1,0.50397,0.35232,1,0.49565,0.34742,1,0.38494,0.38619,27.72125,0.74201,1,0.69095,0.40935,26.26721,0.74201,1,-0.02386,0.01797,0.55455,0.00482,1,0.04118,0.01431,0.56457,0.00453,1,0,0.00000,7
0.50986,0.35579,3257.19556,0.08057,6733,1,0.47802,0.37740,1,0.48816,0.33427,1,0.48309,0.35583,1,0.38482,0.38615,27.62872,0.74201,1,0.69090,0.40931,26.29509,0.74201,1,-0.02386,0.01797,0.55455,0.00484,1,0.04118,0.01431,0.56457,0.00452,1,0,0.00000,7
0.50794,0.35594,3257.19556,0.08716,6733,1,0.47802,0.37740,1,0.48790,0.33832,1,0.48296,0.35786,1,0.38478,0.38608,27.67592,0.74201,1,0.69080,0.40907,26.27833,0.73802,1,-0.02386,0.01805,0.55455,0.00486,1,0.04012,0.01399,0.55169,0.00452,1,0,0.00000,7
0.50643,0.35521,3257.19556,0.09399,6733,1,0.46811,0.37509,1,0.50252,0.31507,1,0.48532,0.34508,1,0.38470,0.38595,27.83821,0.73802,1,0.69063,0.40886,26.24300,0.73404,1,-0.02386,0.01805,0.55455,0.00486,1,0.04012,0.01399,0.55169,0.00451,1,0,0.00000,7
0.50613,0.35547,3257.19556,0.10083,6733,1,0.51045,0.36582,1,0.49272,0.35269,1,0.50159,0.35926,1,0.38458,0.38592,27.72764,0.73404,1,0.69058,0.40879,26.15496,0.73005,1,-0.02386,0.01805,0.55455,0.00483,1,0.04012,0.01399,0.55169,0.00453,1,0,0.00000,7
0.50589,0.35612,3257.19556,0.10742,6733,1,0.51214,0.37286,1,0.49217,0.36032,1,0.50216,0.36659,1,0.38441,0.38584,27.91154,0.72647,1,0.69039,0.40870,26.37525,0.72248,1,-0.02357,0.01780,0.54691,0.00480,1,0.04012,0.01407,0.55169,0.00455,1,0,0.00000,7
0.50549,0.35767,3257.19556,0.11401,6733,1,0.49925,0.37356,1,0.49808,0.39465,1,0.49866,0.38410,1,0.38427,0.38586,28.02129,0.71890,1,0.69026,0.40855,26.09273,0.71890,1,-0.02357,0.01780,0.54691,0.00484,1,0.04012,0.01407,0.55169,0.00455,1,0,0.00000,7
0.50479,0.35931,3257.19556,0.12012,6733,1,0.49074,0.37477,1,0.49348,0.40255,1,0.49211,0.38866,1,0.38417,0.38582,28.12905,0.71531,1,0.69010,0.40845,26.27946,0.71531,1,-0.02357,0.01780,0.54691,0.00484,1,0.04012,0.01407,0.55169,0.00454,1,0,0.00000,7
0.50416,0.36068,3257.19556,0.12671,6733,1,0.49074,0.37477,1,0.49378,0.39873,1,0.49226,0.38675,1,0.38407,0.38582,27.89018,0.71531,1,0.69006,0.40843,26.48006,0.71930,1,-0.02480,0.01870,0.57441,0.00482,1,0.04008,0.01415,0.55177,0.00452,1,0,0.00000,7
0.50277,0.36069,3257.19556,0.13379,6733,1,0.47532,0.35806,1,0.47481,0.36393,1,0.47506,0.36099,1,0.38387,0.38577,27.94656,0.72288,1,0.68984,0.40833,26.43388,0.72687,1,-0.02480,0.01870,0.57441,0.00487,1,0.04008,0.01415,0.55177,0.00451,1,0,0.00000,7
0.50090,0.36041,3257.19556,0.14014,6733,1,0.45785,0.35269,1,0.46520,0.35634,1,0.46153,0.35452,1,0.38372,0.38567,27.66673,0.73045,1,0.68952,0.40850,27.12473,0.73444,1,-0.02480,0.01870,0.57441,0.00487,1,0.04008,0.01415,0.55177,0.00451,1,0,0.00000,7
0.49914,0.35992,3257.19556,0.14697,6733,1,0.45564,0.34557,1,0.46533,0.35276,1,0.46049,0.34917,1,0.38362,0.38562,27.83601,0.73802,1,0.68942,0.40844,27.11008,0.73802,1,-0.02408,0.01809,0.55561,0.00482,1,0.03995,0.01415,0.55168,0.00456,1,0,0.00000,7
0.49892,0.35916,3257.19556,0.15601,6733,1,0.48923,0.34195,1,0.49822,0.34122,1,0.49372,0.34159,1,0.38346,0.38560,27.80753,0.73802,1,0.68923,0.40837,27.24334,0.73404,1,-0.02408,0.01809,0.55561,0.00487,1,0.03995,0.01415,0.55168,0.00455,1,0,0.00000,7
0.49843,0.35819,3257.19556,0.16235,6733,1,0.48216,0.33540,1,0.49125,0.33454,1,0.48670,0.33497,1,0.38341,0.38559,27.99946,0.73404,1,0.68910,0.40828,27.14101,0.73005,1,-0.02408,0.01809,0.55561,0.00486,1,0.03995,0.01415,0.55168,0.00454,1,0,0.00000,7
0.49799,0.35745,3257.19556,0.16724,6733,1,0.48319,0.33924,1,0.49097,0.33865,1,0.48708,0.33895,1,0.38323,0.38553,28.17329,0.73005,1,0.68894,0.40819,27.16703,0.72606,1,-0.02398,0.01799,0.55144,0.00483,1,0.03995,0.01415,0.55168,0.00456,1,0,0.00000,7
0.49684,0.35763,3257.19556,0.17358,6733,1,0.46108,0.36495,1,0.47286,0.35973,1,0.46697,0.36234,1,0.38293,0.38528,27.58666,0.72606,1,0.68901,0.40771,26.35558,0.72606,1,-0.02398,0.01799,0.55144,0.00489,1,0.03995,0.01415,0.55168,0.00457,1,0,0.00000,7
0.49558,0.35751,3257.19556,0.18091,6733,1,0.45682,0.36059,1,0.46616,0.34796,1,0.46149,0.35427,1,0.38281,0.38533,27.68492,0.72606,1,0.68866,0.40796,27.24829,0.72606,1,-0.02398,0.01799,0.55144,0.00485,1,0.03995,0.01415,0.55168,0.00454,1,0,0.00000,7
0.49440,0.35740,3257.19556,0.18774,6733,1,0.45682,0.36059,1,0.46616,0.34796,1,0.46149,0.35427,1,0.38271,0.38526,27.95836,0.72606,1,0.68856,0.40793,27.22468,0.72606,1,-0.02377,0.01789,0.54470,0.00483,1,0.04026,0.01449,0.55831,0.00459,1,0,0.00000,7
0.49282,0.35771,3257.19556,0.19409,6733,1,0.44701,0.37951,1,0.44691,0.35383,1,0.44696,0.36667,1,0.38265,0.38507,27.92799,0.72606,1,0.68840,0.40760,27.31605,0.72606,1,-0.02377,0.01789,0.54470,0.00485,1,0.04026,0.01449,0.55831,0.00460,1,0,0.00000,7
0.49178,0.35757,3257.19556,0.20142,6733,1,0.45729,0.36158,1,0.46351,0.34531,1,0.46040,0.35345,1,0.38275,0.38490,27.92474,0.72606,1,0.68875,0.40722,26.78177,0.72606,1,-0.02377,0.01789,0.54470,0.00487,1,0.04026,0.01449,0.55831,0.00458,1,0,0.00000,7
0.49081,0.35755,3257.19556,0.20776,6733,1,0.45835,0.36493,1,0.46338,0.34899,1,0.46087,0.35696,1,0.38301,0.38477,28.25329,0.72248,1,0.68877,0.40715,27.37249,0.72248,1,-0.02368,0.01796,0.54549,0.00484,1,0.04007,0.01440,0.55331,0.00457,1,0,0.00000,7
0.49115,0.35845,3257.19556,0.21460,6733,1,0.48695,0.39440,1,0.51721,0.38013,1,0.50208,0.38727,1,0.38377,0.38418,28.08997,0.71890,1,0.68983,0.40658,26.72539,0.71890,1,-0.02368,0.01796,0.54549,0.00495,1,0.04007,0.01440,0.55331,0.00457,1,0,0.00000,7
0.49158,0.35890,3257.19556,0.22144,6733,1,0.50360,0.38339,1,0.50800,0.36414,1,0.50580,0.37376,1,0.38400,0.38407,28.24023,0.71531,1,0.68997,0.40637,26.75947,0.71531,1,-0.02368,0.01796,0.54549,0.00490,1,0.04007,0.01440,0.55331,0.00457,1,0,0.00000,7
0.49200,0.35943,3257.19556,0.22803,6733,1,0.50445,0.38672,1,0.50766,0.36776,1,0.50606,0.37724,1,0.38420,0.38378,28.22328,0.71173,1,0.69025,0.40608,26.85208,0.71173,1,-0.02347,0.01803,0.54258,0.00488,1,0.04007,0.01452,0.55331,0.00461,1,0,0.00000,7
0.49229,0.36007,3257.19556,0.23462,6733,1,0.49170,0.37294,1,0.51318,0.39244,1,0.50244,0.38269,1,0.38420,0.38337,28.15590,0.71173,1,0.69019,0.40555,26.39828,0.71173,1,-0.02347,0.01803,0.54258,0.00492,1,0.04007,0.01452,0.55331,0.00459,1,0,0.00000,7
0.49290,0.36053,3257.19556,0.24097,6733,1,0.50599,0.39421,1,0.52385,0.35958,1,0.51492,0.37690,1,0.38408,0.38323,27.98996,0.71173,1,0.68997,0.40531,26.59336,0.71173,1,-0.02347,0.01803,0.54258,0.00491,1,0.04007,0.01452,0.55331,0.00459,1,0,0.00000,7
0.49347,0.36087,3257.19556,0.24805,6733,1,0.50514,0.39092,1,0.52426,0.35593,1,0.51470,0.37342,1,0.38390,0.38302,27.90685,0.71531,1,0.68981,0.40508,26.77499,0.71531,1,-0.02396,0.01850,0.55304,0.00490,1,0.03995,0.01465,0.55168,0.00456,1,0,0.00000,7
0.49400,0.36106,3257.19556,0.25488,6733,1,0.51448,0.35942,1,0.51393,0.37740,1,0.51420,0.36841,1,0.38381,0.38266,28.21650,0.71890,1,0.68957,0.40459,26.81333,0.71890,1,-0.02396,0.01850,0.55304,0.00491,1,0.03995,0.01465,0.55168,0.00459,1,0,0.00000,7
0.49438,0.36101,3257.19556,0.26147,6733,1,0.51099,0.36903,1,0.50737,0.34859,1,0.50918,0.35881,1,0.38374,0.38247,28.00727,0.72248,1,0.68951,0.40443,26.84340,0.72248,1,-0.02396,0.01850,0.55304,0.00491,1,0.03995,0.01465,0.55168,0.00458,1,0,0.00000,7
0.49475,0.36076,3257.19556,0.26831,6733,1,0.51018,0.36566,1,0.50848,0.33640,1,0.50933,0.35103,1,0.38355,0.38229,28.21304,0.72606,1,0.68945,0.40413,26.81739,0.73440,1,-0.02398,0.01861,0.55144,0.00486,1,0.04191,0.01557,0.57984,0.00461,1,0,0.00000,7
0.49462,0.36051,3257.19556,0.27490,6733,1,0.48595,0.35332,1,0.49302,0.34719,1,0.48948,0.35025,1,0.38336,0.38195,28.09325,0.73440,1,0.68928,0.40354,26.74950,0.74273,1,-0.02398,0.01861,0.55144,0.00490,1,0.04191,0.01557,0.57984,0.00461,1,0,0.00000,7
0.49460,0.35989,3257.19556,0.28149,6733,1,0.47991,0.35814,1,0.50780,0.30927,1,0.49386,0.33370,1,0.38333,0.38179,28.50972,0.74273,1,0.68918,0.40330,26.69205,0.75106,1,-0.02398,0.01861,0.55144,0.00490,1,0.04191,0.01557,0.57984,0.00461,1,0,0.00000,7
0.49456,0.35921,3257.19556,0.28833,6733,1,0.47775,0.35045,1,0.50780,0.30927,1,0.49278,0.32986,1,0.38322,0.38148,28.25475,0.75106,1,0.68906,0.40291,26.71331,0.75106,1,-0.02377,0.01851,0.54470,0.00494,1,0.04001,0.01519,0.55476,0.00461,1,0,0.00000,7
0.49492,0.35900,3257.19556,0.29492,6733,1,0.50824,0.35484,1,0.51263,0.34543,1,0.51043,0.35013,1,0.38297,0.38112,28.08773,0.75106,1,0.68884,0.40237,26.82187,0.74273,1,-0.02377,0.01851,0.54470,0.00497,1,0.04001,0.01519,0.55476,0.00461,1,0,0.00000,7
0.49499,0.35831,3257.19556,0.30151,6733,1,0.49993,0.33450,1,0.49651,0.31952,1,0.49822,0.32701,1,0.38287,0.38090,28.09204,0.74273,1,0.68872,0.40220,26.67217,0.73440,1,-0.02377,0.01851,0.54470,0.00495,1,0.04001,0.01519,0.55476,0.00465,1,0,0.00000,7
0.49507,0.35778,3257.19556,0.30835,6733,1,0.50188,0.34248,1,0.49618,0.32407,1,0.49903,0.33328,1,0.38268,0.38079,28.07395,0.73440,1,0.68829,0.40226,27.59016,0.73005,1,-0.02427,0.01892,0.55432,0.00490,1,0.04097,0.01574,0.56870,0.00461,1,0,0.00000,7
0.49465,0.35777,3257.19556,0.31494,6733,1,0.47468,0.35561,1,0.47508,0.35906,1,0.47488,0.35733,1,0.38250,0.38057,28.48973,0.73005,1,0.68802,0.40181,27.60363,0.73404,1,-0.02427,0.01892,0.55432,0.00494,1,0.04097,0.01574,0.56870,0.00463,1,0,0.00000,7
0.49324,0.35781,3257.19556,0.32153,6733,1,0.46004,0.38047,1,0.48234,0.33751,1,0.47119,0.35899,1,0.38232,0.38030,28.37772,0.73404,1,0.68789,0.40162,27.60149,0.73802,1,-0.02427,0.01892,0.55432,0.00496,1,0.04097,0.01574,0.56870,0.00461,1,0,0.00000,7
0.49180,0.35718,3257.19556,0.32837,6733,1,0.45993,0.38011,1,0.48213,0.34116,1,0.47103,0.36063,1,0.38211,0.38011,28.17518,0.73444,1,0.68761,0.40147,27.36913,0.73444,1,-0.02398,0.01872,0.54484,0.00494,1,0.03918,0.01514,0.54548,0.00467,1,0,0.00000,7
0.49115,0.35755,3257.19556,0.33472,6733,1,0.48068,0.35903,1,0.47494,0.38089,1,0.47781,0.36996,1,0.38174,0.37994,28.27605,0.73085,1,0.68729,0.40105,27.57224,0.72687,1,-0.02398,0.01872,0.54484,0.00495,1,0.03918,0.01514,0.54548,0.00461,1,0,0.00000,7
0.49013,0.35817,3257.19556,0.34204,6733,1,0.46582,0.38553,1,0.46100,0.37315,1,0.46341,0.37934,1,0.38161,0.37981,28.50348,0.72329,1,0.68716,0.40085,27.69781,0.71930,1,-0.02398,0.01872,0.54484,0.00493,1,0.03918,0.01514,0.54548,0.00463,1,0,0.00000,7
0.48913,0.35898,3257.19556,0.34766,6733,1,0.46696,0.38916,1,0.46088,0.37713,1,0.46392,0.38314,1,0.38134,0.37958,28.06699,0.71930,1,0.68686,0.40056,27.60953,0.71531,1,-0.02459,0.01918,0.55602,0.00493,1,0.03962,0.01554,0.55398,0.00463,1,0,0.00000,7
0.48857,0.35909,3257.19556,0.35474,6733,1,0.48914,0.40301,1,0.47876,0.36576,1,0.48395,0.38438,1,0.38103,0.37946,28.33409,0.71890,1,0.68658,0.40024,27.44230,0.71890,1,-0.02459,0.01918,0.55602,0.00491,1,0.03962,0.01554,0.55398,0.00464,1,0,0.00000,7
0.48772,0.35954,3257.19556,0.36157,6733,1,0.47328,0.38891,1,0.46017,0.38552,1,0.46672,0.38721,1,0.38089,0.37940,28.47205,0.72248,1,0.68639,0.40009,27.48969,0.72248,1,-0.02459,0.01918,0.55602,0.00491,1,0.03962,0.01554,0.55398,0.00463,1,0,0.00000,7
0.48688,0.36008,3257.19556,0.36865,6733,1,0.47328,0.38891,1,0.46017,0.38552,1,0.46672,0.38721,1,0.38064,0.37923,28.19934,0.72248,1,0.68616,0.39995,27.70730,0.72248,1,-0.02400,0.01871,0.53999,0.00495,1,0.03962,0.01577,0.55635,0.00462,1,0,0.00000,7
0.48591,0.36103,3257.19556,0.37500,6733,1,0.44322,0.38162,1,0.47803,0.36315,1,0.46063,0.37239,1,0.38026,0.37920,28.40109,0.71890,1,0.68580,0.39968,27.69402,0.71890,1,-0.02400,0.01871,0.53999,0.00493,1,0.03962,0.01577,0.55635,0.00463,1,0,0.00000,7
0.48530,0.36142,3257.19556,0.38159,6733,1,0.48378,0.38194,1,0.46200,0.35081,1,0.47289,0.36637,1,0.38017,0.37915,28.26335,0.71531,1,0.68560,0.39957,27.78444,0.71531,1,-0.02400,0.01871,0.53999,0.00495,1,0.03962,0.01577,0.55635,0.00463,1,0,0.00000,7
0.48470,0.36179,3257.19556,0.38940,6733,1,0.48473,0.38527,1,0.46216,0.34589,1,0.47344,0.36558,1,0.37999,0.37913,28.30016,0.71173,1,0.68544,0.39943,27.63328,0.72006,1,-0.02422,0.01882,0.54301,0.00498,1,0.04146,0.01654,0.58341,0.00462,1,0,0.00000,7
0.48433,0.36189,3257.19556,0.39551,6733,1,0.46184,0.37549,1,0.49423,0.32865,1,0.47803,0.35207,1,0.38028,0.37906,28.27816,0.72006,1,0.68576,0.39937,27.59269,0.72840,1,-0.02422,0.01882,0.54301,0.00493,1,0.04146,0.01654,0.58341,0.00464,1,0,0.00000,7
0.48525,0.36152,3257.19556,0.40210,6733,1,0.52251,0.36617,1,0.53169,0.30990,1,0.52710,0.33804,1,0.38099,0.37894,28.38978,0.72840,1,0.68672,0.39908,26.97608,0.73673,1,-0.02422,0.01882,0.54301,0.00497,1,0.04146,0.01654,0.58341,0.00464,1,0,0.00000,7
0.48615,0.36102,3257.19556,0.40869,6733,1,0.52077,0.35834,1,0.53169,0.30990,1,0.52623,0.33412,1,0.38173,0.37891,28.61286,0.73673,1,0.68738,0.39915,27.15050,0.73673,1,-0.02405,0.01887,0.54466,0.00496,1,0.03962,0.01571,0.55398,0.00467,1,0,0.00000,7
0.48763,0.36132,3257.19556,0.41553,6733,1,0.54667,0.37000,1,0.56599,0.34884,1,0.55633,0.35942,1,0.38291,0.37890,29.25731,0.73673,1,0.68800,0.39906,27.06083,0.72840,1,-0.02405,0.01887,0.54466,0.00502,1,0.03962,0.01571,0.55398,0.00467,1,0,0.00000,7
0.48867,0.36141,3257.19556,0.42212,6733,1,0.54549,0.37832,1,0.55708,0.34909,1,0.55128,0.36370,1,0.38282,0.37887,29.16473,0.72840,1,0.68794,0.39900,26.97243,0.72006,1,-0.02405,0.01887,0.54466,0.00500,1,0.03962,0.01571,0.55398,0.00466,1,0,0.00000,7
0.48970,0.36141,3257.19556,0.42896,6733,1,0.54634,0.38273,1,0.55696,0.34987,1,0.55165,0.36630,1,0.38283,0.37884,29.20211,0.72365,1,0.68784,0.39884,27.18106,0.71930,1,-0.02459,0.01935,0.55602,0.00498,1,0.04044,0.01621,0.56725,0.00461,1,0,0.00000,7
0.49056,0.36140,3257.19556,0.43579,6733,1,0.53643,0.38484,1,0.54319,0.38283,1,0.53981,0.38383,1,0.38246,0.37880,29.16778,0.72288,1,0.68740,0.39873,26.88769,0.72687,1,-0.02459,0.01935,0.55602,0.00497,1,0.04044,0.01621,0.56725,0.00467,1,0,0.00000,7
0.49174,0.36114,3257.19556,0.44189,6733,1,0.54460,0.37949,1,0.55315,0.37231,1,0.54888,0.37590,1,0.38209,0.37862,28.69996,0.73045,1,0.68725,0.39866,26.81409,0.73444,1,-0.02459,0.01935,0.55602,0.00498,1,0.04044,0.01621,0.56725,0.00466,1,0,0.00000,7
0.51959,0.36249,3257.19556,0.44189,6733,0,0.54389,0.37581,1,0.55375,0.36844,1,0.54882,0.37213,1,0.38212,0.37886,29.30945,0.73444,1,0.68706,0.39862,26.94016,0.73842,1,-0.02400,0.01875,0.53999,0.00498,1,0.04105,0.01653,0.57696,0.00467,1,0,0.00000,7
0.52048,0.36768,3257.19556,0.44189,6733,0,0.52094,0.37838,1,0.52180,0.36734,1,0.52137,0.37286,1,0.38186,0.37894,29.29204,0.73484,1,0.68666,0.39869,27.07491,0.73484,1,-0.02400,0.01875,0.53999,0.00497,1,0.04105,0.01653,0.57696,0.00464,1,0,0.00000,7
0.52328,0.36936,3257.19556,0.44189,6733,0,0.52607,0.38058,1,0.53167,0.36487,1,0.52887,0.37273,1,0.38144,0.37865,28.55107,0.73126,1,0.68649,0.39866,26.82205,0.73126,1,-0.02400,0.01875,0.53999,0.00500,1,0.04105,0.01653,0.57696,0.00465,1,0,0.00000,7
0.52468,0.37020,3257.64380,0.02051,6734,1,0.52607,0.38058,1,0.53167,0.36487,1,0.52887,0.37273,1,0.38144,0.37890,29.21726,0.73126,1,0.68633,0.39868,26.91984,0.73126,1,-0.02479,0.01929,0.55677,0.00498,1,0.04005,0.01619,0.56526,0.00465,1,0,0.00000,7
0.52368,0.37197,3257.64380,0.02686,6734,1,0.51762,0.39220,1,0.52174,0.36589,1,0.51968,0.37904,1,0.38113,0.37901,29.22205,0.73484,1,0.68590,0.39865,26.88595,0.73484,1,-0.02479,0.01929,0.55677,0.00497,1,0.04005,0.01619,0.56526,0.00464,1,0,0.00000,7
0.52304,0.36923,3257.64380,0.03442,6734,1,0.50718,0.33835,1,0.53250,0.37267,1,0.51984,0.35551,1,0.38065,0.37880,28.44646,0.73842,1,0.68568,0.39871,26.93873,0.73842,1,-0.02479,0.01929,0.55677,0.00502,1,0.04005,0.01619,0.56526,0.00463,1,0,0.00000,7
0.52252,0.36705,3257.64380,0.04321,6734,1,0.50637,0.33491,1,0.53245,0.37306,1,0.51941,0.35398,1,0.38070,0.37907,29.22735,0.74201,1,0.68557,0.39869,26.83616,0.73802,1,-0.02483,0.01919,0.55387,0.00498,1,0.03885,0.01576,0.55014,0.00463,1,0,0.00000,7
0.52209,0.36492,3257.64380,0.05029,6734,1,0.51895,0.36471,1,0.51921,0.33525,1,0.51908,0.34998,1,0.38032,0.37916,29.17550,0.73802,1,0.68506,0.39881,27.12293,0.73404,1,-0.02483,0.01919,0.55387,0.00498,1,0.03885,0.01576,0.55014,0.00463,1,0,0.00000,7
0.52140,0.36381,3257.64380,0.05640,6734,1,0.50259,0.38588,1,0.52921,0.32406,1,0.51590,0.35497,1,0.37986,0.37911,28.42669,0.73404,1,0.68485,0.39915,27.36207,0.73005,1,-0.02483,0.01919,0.55387,0.00496,1,0.03885,0.01576,0.55014,0.00463,1,0,0.00000,7
0.52087,0.36331,3257.64380,0.06104,6734,1,0.50352,0.38948,1,0.52873,0.32822,1,0.51613,0.35885,1,0.37965,0.37930,28.44439,0.73005,1,0.68471,0.39909,26.94932,0.72606,1,-0.02512,0.01924,0.55662,0.00499,1,0.03859,0.01556,0.54874,0.00462,1,0,0.00000,7
0.52074,0.36378,3257.64380,0.06763,6734,1,0.52077,0.38606,1,0.51802,0.35080,1,0.51939,0.36843,1,0.37930,0.37957,28.49191,0.72606,1,0.68421,0.39937,26.93356,0.72606,1,-0.02512,0.01924,0.55662,0.00499,1,0.03859,0.01556,0.54874,0.00462,1,0,0.00000,7
0.51909,0.36414,3257.64380,0.07446,6734,1,0.50266,0.35968,1,0.49923,0.37658,1,0.50094,0.36813,1,0.37909,0.37983,28.50329,0.72606,1,0.68388,0.39977,27.62539,0.72606,1,-0.02512,0.01924,0.55662,0.00496,1,0.03859,0.01556,0.54874,0.00459,1,0,0.00000,7
0.51769,0.36445,3257.64380,0.08203,6734,1,0.50266,0.35968,1,0.49923,0.37658,1,0.50094,0.36813,1,0.37889,0.38000,28.34913,0.72606,1,0.68382,0.39970,26.84756,0.72606,1,-0.02500,0.01890,0.55021,0.00500,1,0.03871,0.01567,0.55286,0.00460,1,0,0.00000,7
0.51776,0.36421,3257.64380,0.08936,6734,1,0.52390,0.40458,1,0.51342,0.31759,1,0.51866,0.36109,1,0.37848,0.38034,28.73880,0.72606,1,0.68348,0.39985,26.55519,0.72606,1,-0.02500,0.01890,0.55021,0.00498,1,0.03871,0.01567,0.55286,0.00463,1,0,0.00000,7
0.51675,0.36368,3257.64380,0.09473,6734,1,0.50759,0.37678,1,0.49753,0.33581,1,0.50256,0.35629,1,0.37832,0.38043,28.53347,0.72606,1,0.68316,0.40027,27.43539,0.72606,1,-0.02500,0.01890,0.55021,0.00496,1,0.03871,0.01567,0.55286,0.00463,1,0,0.00000,7
0.51586,0.36322,3257.64380,0.10132,6734,1,0.50759,0.37678,1,0.49753,0.33581,1,0.50256,0.35629,1,0.37811,0.38065,28.47435,0.72606,1,0.68316,0.40017,26.74419,0.72606,1,-0.02544,0.01895,0.55641,0.00497,1,0.03830,0.01541,0.54937,0.00462,1,0,0.00000,7
0.51495,0.36409,3257.64380,0.10840,6734,1,0.50478,0.38386,1,0.49587,0.37210,1,0.50032,0.37798,1,0.37773,0.38100,28.30752,0.72606,1,0.68262,0.40070,27.34101,0.72606,1,-0.02544,0.01895,0.55641,0.00496,1,0.03830,0.01541,0.54937,0.00458,1,0,0.00000,7
0.51460,0.36543,3257.64380,0.11475,6734,1,0.51167,0.39690,1,0.50556,0.37973,1,0.50862,0.38832,1,0.37754,0.38116,28.31543,0.72606,1,0.68235,0.40085,27.44809,0.72606,1,-0.02544,0.01895,0.55641,0.00497,1,0.03830,0.01541,0.54937,0.00460,1,0,0.00000,7
0.51430,0.36642,3257.64380,0.12134,6734,1,0.51167,0.39690,1,0.50632,0.37160,1,0.50899,0.38425,1,0.37741,0.38131,28.18446,0.72606,1,0.68246,0.40061,26.34760,0.73440,1,-0.02534,0.01880,0.55227,0.00498,1,0.04013,0.01614,0.57679,0.00461,1,0,0.00000,7
0.51333,0.36599,3257.64380,0.12817,6734,1,0.48833,0.37237,1,0.50144,0.34326,1,0.49488,0.35781,1,0.37710,0.38155,28.29753,0.73440,1,0.68180,0.40120,27.50171,0.74273,1,-0.02534,0.01880,0.55227,0.00496,1,0.04013,0.01614,0.57679,0.00460,1,0,0.00000,7
0.51226,0.36449,3257.64380,0.13501,6734,1,0.49294,0.37124,1,0.48862,0.29759,1,0.49078,0.33442,1,0.37688,0.38159,28.29242,0.74273,1,0.68173,0.40121,27.39388,0.75106,1,-0.02534,0.01880,0.55227,0.00495,1,0.04013,0.01614,0.57679,0.00458,1,0,0.00000,7
0.51123,0.36295,3257.64380,0.14160,6734,1,0.49091,0.36366,1,0.48862,0.29759,1,0.48977,0.33063,1,0.37678,0.38172,28.55258,0.75106,1,0.68169,0.40088,26.58634,0.75106,1,-0.02535,0.01863,0.55082,0.00495,1,0.03842,0.01536,0.55345,0.00458,1,0,0.00000,7
0.51013,0.36098,3257.64380,0.14819,6734,1,0.48515,0.32947,1,0.48637,0.30555,1,0.48576,0.31751,1,0.37640,0.38179,28.21944,0.75106,1,0.68116,0.40130,27.50533,0.74273,1,-0.02535,0.01863,0.55082,0.00492,1,0.03842,0.01536,0.55345,0.00459,1,0,0.00000,7
0.50932,0.36098,3257.64380,0.15503,6734,1,0.47883,0.37517,1,0.50277,0.34678,1,0.49080,0.36098,1,0.37631,0.38176,28.34768,0.74273,1,0.68109,0.40126,27.51859,0.73440,1,-0.02535,0.01863,0.55082,0.00492,1,0.03842,0.01536,0.55345,0.00456,1,0,0.00000,7
0.50861,0.36129,3257.64380,0.16162,6734,1,0.48101,0.38269,1,0.50206,0.35519,1,0.49154,0.36894,1,0.37611,0.38164,28.24654,0.73440,1,0.68109,0.40077,26.33745,0.72606,1,-0.02551,0.01866,0.55056,0.00495,1,0.03834,0.01552,0.55466,0.00460,1,0,0.00000,7
0.50758,0.36212,3257.64380,0.16846,6734,1,0.48709,0.37452,1,0.47648,0.39092,1,0.48179,0.38272,1,0.37587,0.38154,28.07611,0.72606,1,0.68063,0.40101,27.38105,0.72606,1,-0.02551,0.01866,0.55056,0.00494,1,0.03834,0.01552,0.55466,0.00459,1,0,0.00000,7
0.50697,0.36335,3257.64380,0.17529,6734,1,0.49694,0.40931,1,0.48509,0.38138,1,0.49101,0.39535,1,0.37574,0.38151,27.90269,0.72606,1,0.68055,0.40098,27.29086,0.72606,1,-0.02551,0.01866,0.55056,0.00493,1,0.03834,0.01552,0.55466,0.00458,1,0,0.00000,7
0.50641,0.36454,3257.64380,0.18140,6734,1,0.49781,0.41247,1,0.48511,0.38099,1,0.49146,0.39673,1,0.37553,0.38140,27.96910,0.72248,1,0.68040,0.40086,27.18295,0.72647,1,-0.02521,0.01850,0.54329,0.00491,1,0.03887,0.01579,0.56300,0.00456,1,0,0.00000,7
0.50533,0.36505,3257.64380,0.18799,6734,1,0.48123,0.39914,1,0.46904,0.35974,1,0.47513,0.37944,1,0.37540,0.38140,28.18107,0.72288,1,0.68010,0.40076,27.49113,0.72687,1,-0.02521,0.01850,0.54329,0.00494,1,0.03887,0.01579,0.56300,0.00454,1,0,0.00000,7
0.50448,0.36542,3257.64380,0.19434,6734,1,0.47623,0.39734,1,0.48323,0.35481,1,0.47973,0.37607,1,0.37533,0.38128,27.84517,0.72329,1,0.68001,0.40066,27.27925,0.72727,1,-0.02521,0.01850,0.54329,0.00496,1,0.03887,0.01579,0.56300,0.00458,1,0,0.00000,7
0.50365,0.36559,3257.64380,0.20142,6734,1,0.47409,0.39029,1,0.48346,0.35087,1,0.47878,0.37058,1,0.37522,0.38121,27.95538,0.73117,1,0.67992,0.40056,27.28084,0.73117,1,-0.02625,0.01920,0.56394,0.00498,1,0.03822,0.01558,0.55533,0.00455,1,0,0.00000,7
0.50231,0.36506,3257.64380,0.20825,6734,1,0.45225,0.36909,1,0.46906,0.32825,1,0.46066,0.34867,1,0.37492,0.38120,27.94948,0.73864,1,0.67973,0.40034,27.36317,0.73466,1,-0.02625,0.01920,0.56394,0.00490,1,0.03822,0.01558,0.55533,0.00454,1,0,0.00000,7
0.50081,0.36435,3257.64380,0.21509,6734,1,0.44440,0.36276,1,0.46156,0.32038,1,0.45298,0.34157,1,0.37494,0.38118,28.09837,0.74214,1,0.67954,0.40035,27.24917,0.73815,1,-0.02625,0.01920,0.56394,0.00490,1,0.03822,0.01558,0.55533,0.00456,1,0,0.00000,7
0.49941,0.36369,3257.64380,0.22290,6734,1,0.44453,0.36312,1,0.46155,0.32080,1,0.45304,0.34196,1,0.37484,0.38114,28.06018,0.74173,1,0.67947,0.40034,27.21782,0.73775,1,-0.02590,0.01892,0.55553,0.00494,1,0.03829,0.01565,0.55642,0.00454,1,0,0.00000,7
0.49830,0.36318,3257.64380,0.22827,6734,1,0.45400,0.38007,1,0.46720,0.31144,1,0.46060,0.34576,1,0.37493,0.38109,27.85981,0.73385,1,0.67954,0.40038,27.26035,0.73385,1,-0.02590,0.01892,0.55553,0.00491,1,0.03829,0.01565,0.55642,0.00457,1,0,0.00000,7
0.49812,0.36290,3257.64380,0.23438,6734,1,0.47166,0.38050,1,0.51240,0.32588,1,0.49203,0.35319,1,0.37561,0.38110,28.08765,0.72996,1,0.68055,0.40006,26.80068,0.72996,1,-0.02590,0.01892,0.55553,0.00495,1,0.03829,0.01565,0.55642,0.00452,1,0,0.00000,7
0.49797,0.36274,3257.64380,0.24170,6734,1,0.47273,0.38404,1,0.51202,0.32995,1,0.49238,0.35699,1,0.37673,0.38110,28.16531,0.72606,1,0.68155,0.40020,26.76922,0.72606,1,-0.02534,0.01880,0.55227,0.00495,1,0.03842,0.01552,0.55345,0.00458,1,0,0.00000,7
0.50007,0.36268,3257.64380,0.24780,6734,1,0.56636,0.38062,1,0.58941,0.34006,1,0.57789,0.36034,1,0.37952,0.38126,28.57728,0.72606,1,0.68393,0.40041,26.69825,0.72606,1,-0.02534,0.01880,0.55227,0.00501,1,0.03842,0.01552,0.55345,0.00455,1,0,0.00000,7
0.50380,0.36276,3257.64380,0.25537,6734,1,0.62971,0.38067,1,0.66117,0.35133,1,0.64544,0.36600,1,0.38093,0.38112,28.37080,0.72606,1,0.68501,0.40049,26.57281,0.72606,1,-0.02534,0.01880,0.55227,0.00504,1,0.03842,0.01552,0.55345,0.00454,1,0,0.00000,7
0.50734,0.36284,3257.64380,0.26196,6734,1,0.62971,0.38067,1,0.66117,0.35133,1,0.64544,0.36600,1,0.38244,0.38101,28.62910,0.72606,1,0.68651,0.40051,26.36689,0.72606,1,-0.02497,0.01907,0.55887,0.00498,1,0.03859,0.01539,0.54874,0.00453,1,0,0.00000,7
0.51147,0.36285,3257.64380,0.27002,6734,1,0.67555,0.38725,1,0.67801,0.33881,1,0.67678,0.36303,1,0.38383,0.38065,28.69931,0.72606,1,0.68737,0.40038,26.46969,0.72606,1,-0.02497,0.01907,0.55887,0.00492,1,0.03859,0.01539,0.54874,0.00453,1,0,0.00000,7
0.54225,0.35719,3257.64380,0.27002,6734,0,0.66923,0.41798,1,0.67275,0.32640,1,0.67099,0.37219,1,0.38370,0.38059,28.64606,0.72606,1,0.68739,0.40037,26.54847,0.72606,1,-0.02497,0.01907,0.55887,0.00495,1,0.03859,0.01539,0.54874,0.00453,1,0,0.00000,7
0.60693,0.36366,3257.64380,0.27002,6734,0,0.66923,0.41798,1,0.67398,0.32229,1,0.67161,0.37013,1,0.38382,0.38048,28.68263,0.72606,1,0.68734,0.40040,26.77053,0.73005,1,-0.02479,0.01913,0.55677,0.00494,1,0.03960,0.01575,0.56140,0.00453,1,0,0.00000,7
0.62682,0.35703,3257.64380,0.27002,6734,0,0.66188,0.38787,1,0.67134,0.29968,1,0.66661,0.34377,1,0.38376,0.38033,28.81170,0.73005,1,0.68736,0.40035,26.61882,0.73404,1,-0.02479,0.01913,0.55677,0.00492,1,0.03960,0.01575,0.56140,0.00454,1,0,0.00000,7
0.66896,0.36078,3257.64380,0.27002,6734,0,0.66186,0.36585,1,0.67544,0.37101,1,0.66865,0.36843,1,0.38374,0.38016,28.56907,0.73404,1,0.68730,0.40022,26.55728,0.73802,1,-0.02479,0.01913,0.55677,0.00491,1,0.03960,0.01575,0.56140,0.00452,1,0,0.00000,7
0.66908,0.36269,3257.64380,0.27002,6734,0,0.66176,0.36201,1,0.67667,0.36721,1,0.66921,0.36461,1,0.38374,0.38002,28.79355,0.73802,1,0.68735,0.40000,26.48300,0.74201,1,-0.02479,0.01917,0.55677,0.00489,1,0.03960,0.01592,0.56140,0.00448,1,0,0.00000,7
0.66488,0.36698,3257.64380,0.27002,6734,0,0.64295,0.40718,1,0.67000,0.34392,1,0.65648,0.37555,1,0.38379,0.37972,28.59650,0.74201,1,0.68735,0.39984,26.42579,0.74201,1,-0.02479,0.01917,0.55677,0.00487,1,0.03960,0.01592,0.56140,0.00450,1,0,0.00000,7
0.66292,0.36610,3257.93896,0.02100,6735,1,0.64392,0.39056,1,0.67017,0.33638,1,0.65705,0.36347,1,0.38380,0.37957,28.73514,0.74201,1,0.68733,0.39969,26.19505,0.74201,1,-0.02479,0.01917,0.55677,0.00487,1,0.03960,0.01592,0.56140,0.00453,1,0,0.00000,7
0.66163,0.36597,3257.93896,0.02783,6735,1,0.64392,0.39056,1,0.66898,0.34035,1,0.65645,0.36545,1,0.38379,0.37935,28.51884,0.74201,1,0.68725,0.39955,26.27380,0.73802,1,-0.02479,0.01929,0.55677,0.00490,1,0.03885,0.01560,0.55014,0.00452,1,0,0.00000,7
0.65947,0.36605,3257.93896,0.03345,6735,1,0.63541,0.37162,1,0.66189,0.36123,1,0.64865,0.36642,1,0.38368,0.37918,28.60558,0.73802,1,0.68723,0.39943,26.50708,0.73404,1,-0.02479,0.01929,0.55677,0.00488,1,0.03885,0.01560,0.55014,0.00448,1,0,0.00000,7
0.65565,0.36511,3257.93896,0.03979,6735,1,0.63273,0.36423,1,0.63281,0.35471,1,0.63277,0.35947,1,0.38369,0.37917,28.59514,0.73404,1,0.68721,0.39929,26.62428,0.73005,1,-0.02479,0.01929,0.55677,0.00487,1,0.03885,0.01560,0.55014,0.00449,1,0,0.00000,7
0.65274,0.36489,3257.93896,0.04736,6735,1,0.63299,0.36805,1,0.63179,0.35867,1,0.63239,0.36336,1,0.38366,0.37907,28.63140,0.73005,1,0.68720,0.39905,26.25599,0.72606,1,-0.02479,0.01933,0.55677,0.00488,1,0.03885,0.01572,0.55014,0.00452,1,0,0.00000,7
0.65084,0.36714,3257.93896,0.05396,6735,1,0.62292,0.39337,1,0.64833,0.37700,1,0.63562,0.38518,1,0.38354,0.37885,28.56618,0.72606,1,0.68701,0.39899,26.42112,0.72606,1,-0.02479,0.01933,0.55677,0.00489,1,0.03885,0.01572,0.55014,0.00450,1,0,0.00000,7
0.64989,0.36980,3257.93896,0.06055,6735,1,0.64484,0.42219,1,0.63772,0.36515,1,0.64128,0.39367,1,0.38343,0.37878,28.66687,0.72606,1,0.68689,0.39899,26.27669,0.72606,1,-0.02479,0.01933,0.55677,0.00488,1,0.03885,0.01572,0.55014,0.00449,1,0,0.00000,7
0.64915,0.37179,3257.93896,0.06689,6735,1,0.64484,0.42219,1,0.63876,0.36123,1,0.64180,0.39171,1,0.38336,0.37867,28.54527,0.72606,1,0.68682,0.39882,26.12598,0.73005,1,-0.02479,0.01946,0.55677,0.00488,1,0.03975,0.01618,0.56462,0.00453,1,0,0.00000,7
0.64739,0.37182,3257.93896,0.07397,6735,1,0.63438,0.39545,1,0.62167,0.34888,1,0.62803,0.37217,1,0.38323,0.37848,28.62341,0.73005,1,0.68667,0.39864,26.28813,0.73404,1,-0.02479,0.01946,0.55677,0.00487,1,0.03975,0.01618,0.56462,0.00449,1,0,0.00000,7
0.64715,0.37052,3257.93896,0.08081,6735,1,0.64755,0.38331,1,0.64091,0.32665,1,0.64423,0.35498,1,0.38319,0.37838,28.55580,0.73404,1,0.68655,0.39852,26.06736,0.73802,1,-0.02479,0.01946,0.55677,0.00488,1,0.03975,0.01618,0.56462,0.00451,1,0,0.00000,7
0.64693,0.36928,3257.93896,0.08765,6735,1,0.64738,0.37957,1,0.64091,0.32665,1,0.64414,0.35311,1,0.38306,0.37824,28.37927,0.73802,1,0.68649,0.39847,26.06247,0.73802,1,-0.02479,0.01946,0.55677,0.00487,1,0.03928,0.01605,0.55866,0.00449,1,0,0.00000,7
0.64539,0.36852,3257.93896,0.09424,6735,1,0.62746,0.36096,1,0.62024,0.35470,1,0.62385,0.35783,1,0.38289,0.37816,28.48014,0.73802,1,0.68618,0.39824,26.02190,0.73404,1,-0.02479,0.01946,0.55677,0.00489,1,0.03928,0.01605,0.55866,0.00450,1,0,0.00000,7
0.64316,0.36870,3257.93896,0.10083,6735,1,0.61567,0.35111,1,0.60360,0.39171,1,0.60964,0.37141,1,0.38272,0.37807,28.31924,0.73404,1,0.68613,0.39810,25.87730,0.73005,1,-0.02479,0.01946,0.55677,0.00490,1,0.03928,0.01605,0.55866,0.00455,1,0,0.00000,7
0.64122,0.36885,3257.93896,0.10767,6735,1,0.61601,0.35499,1,0.60455,0.38761,1,0.61028,0.37130,1,0.38256,0.37800,28.47311,0.73005,1,0.68588,0.39781,26.07779,0.73440,1,-0.02488,0.01943,0.55489,0.00489,1,0.04049,0.01671,0.57703,0.00452,1,0,0.00000,7
0.63912,0.36836,3257.93896,0.11426,6735,1,0.59865,0.37487,1,0.60804,0.34510,1,0.60335,0.35999,1,0.38230,0.37781,28.55561,0.73440,1,0.68563,0.39780,26.26079,0.74273,1,-0.02488,0.01943,0.55489,0.00491,1,0.04049,0.01671,0.57703,0.00445,1,0,0.00000,7
0.63787,0.36723,3257.93896,0.12085,6735,1,0.61070,0.36430,1,0.61985,0.32970,1,0.61528,0.34700,1,0.38220,0.37779,28.62764,0.74273,1,0.68541,0.39775,26.46025,0.75106,1,-0.02488,0.01943,0.55489,0.00487,1,0.04049,0.01671,0.57703,0.00449,1,0,0.00000,7
0.63672,0.36603,3257.93896,0.12817,6735,1,0.60994,0.35644,1,0.61985,0.32970,1,0.61490,0.34307,1,0.38206,0.37768,28.51225,0.75106,1,0.68523,0.39757,26.35514,0.75106,1,-0.02483,0.01952,0.55387,0.00491,1,0.03871,0.01601,0.55286,0.00446,1,0,0.00000,7
0.63581,0.36581,3257.93896,0.13452,6735,1,0.61559,0.37599,1,0.61987,0.34711,1,0.61773,0.36155,1,0.38186,0.37755,28.41192,0.75106,1,0.68504,0.39724,26.28953,0.74273,1,-0.02483,0.01952,0.55387,0.00490,1,0.03871,0.01601,0.55286,0.00448,1,0,0.00000,7
0.63462,0.36673,3257.93896,0.14087,6735,1,0.61084,0.37683,1,0.60846,0.39505,1,0.60965,0.38594,1,0.38169,0.37746,28.52023,0.74273,1,0.68494,0.39719,26.21861,0.73440,1,-0.02483,0.01952,0.55387,0.00487,1,0.03871,0.01601,0.55286,0.00445,1,0,0.00000,7
0.63354,0.36766,3257.93896,0.14771,6735,1,0.61125,0.38094,1,0.60836,0.39548,1,0.60980,0.38821,1,0.38164,0.37739,28.56994,0.73829,1,0.68471,0.39707,26.30672,0.73394,1,-0.02549,0.01995,0.56584,0.00488,1,0.03942,0.01652,0.56479,0.00450,1,0,0.00000,7
0.63211,0.36709,3257.93896,0.15381,6735,1,0.58542,0.35688,1,0.61276,0.35088,1,0.59909,0.35388,1,0.38134,0.37728,28.52060,0.73784,1,0.68453,0.39692,26.17492,0.74183,1,-0.02549,0.01995,0.56584,0.00486,1,0.03942,0.01652,0.56479,0.00451,1,0,0.00000,7
0.63076,0.36599,3257.93896,0.16089,6735,1,0.59971,0.34878,1,0.59721,0.33055,1,0.59846,0.33967,1,0.38125,0.37717,28.46988,0.74572,1,0.68437,0.39672,26.08195,0.74971,1,-0.02549,0.01995,0.56584,0.00486,1,0.03942,0.01652,0.56479,0.00449,1,0,0.00000,7
0.62951,0.36490,3257.93896,0.16699,6735,1,0.59930,0.34497,1,0.59721,0.33055,1,0.59825,0.33776,1,0.38109,0.37708,28.31509,0.74971,1,0.68424,0.39670,26.10765,0.74971,1,-0.02512,0.01966,0.55661,0.00486,1,0.03830,0.01607,0.54937,0.00447,1,0,0.00000,7
0.62829,0.36343,3257.93896,0.17432,6735,1,0.58607,0.33872,1,0.60710,0.31129,1,0.59659,0.32501,1,0.38094,0.37704,28.54344,0.74581,1,0.68405,0.39641,25.91898,0.74183,1,-0.02512,0.01966,0.55661,0.00485,1,0.03830,0.01607,0.54937,0.00445,1,0,0.00000,7
0.62730,0.36230,3257.93896,0.18066,6735,1,0.60580,0.33954,1,0.59493,0.32425,1,0.60037,0.33190,1,0.38080,0.37699,28.38552,0.73793,1,0.68387,0.39635,26.07847,0.73394,1,-0.02512,0.01966,0.55661,0.00484,1,0.03830,0.01607,0.54937,0.00444,1,0,0.00000,7
0.62637,0.36145,3257.93896,0.18799,6735,1,0.60657,0.34727,1,0.59414,0.32827,1,0.60035,0.33777,1,0.38078,0.37695,28.25057,0.73005,1,0.68377,0.39631,26.21125,0.73005,1,-0.02512,0.01966,0.55661,0.00485,1,0.03964,0.01673,0.57041,0.00450,1,0,0.00000,7
0.62546,0.36121,3257.93896,0.19458,6735,1,0.59362,0.35287,1,0.60490,0.35506,1,0.59926,0.35397,1,0.38058,0.37695,28.23879,0.73005,1,0.68357,0.39618,26.05231,0.73404,1,-0.02512,0.01966,0.55661,0.00485,1,0.03964,0.01673,0.57041,0.00445,1,0,0.00000,7
0.62449,0.36136,3257.93896,0.20142,6735,1,0.58743,0.34757,1,0.60289,0.38446,1,0.59516,0.36601,1,0.38059,0.37699,28.35046,0.73404,1,0.68357,0.39611,26.03335,0.73802,1,-0.02512,0.01966,0.55661,0.00484,1,0.03964,0.01673,0.57041,0.00446,1,0,0.00000,7
0.62357,0.36133,3257.93896,0.20923,6735,1,0.58647,0.33991,1,0.60373,0.38078,1,0.59510,0.36035,1,0.38054,0.37701,28.35476,0.74192,1,0.68348,0.39617,26.25802,0.74192,1,-0.02544,0.01982,0.56094,0.00482,1,0.03842,0.01635,0.55345,0.00447,1,0,0.00000,7
0.62242,0.36173,3257.93896,0.21460,6735,1,0.58321,0.37098,1,0.58801,0.37823,1,0.58561,0.37461,1,0.38043,0.37702,28.19100,0.74581,1,0.68335,0.39613,26.16845,0.74183,1,-0.02544,0.01982,0.56094,0.00481,1,0.03842,0.01635,0.55345,0.00444,1,0,0.00000,7
0.59692,0.35332,3257.93896,0.21460,6735,0,0.57759,0.37011,1,0.59236,0.37140,1,0.58497,0.37076,1,0.38044,0.37699,28.15191,0.74572,1,0.68329,0.39607,26.20713,0.74173,1,-0.02544,0.01982,0.56094,0.00479,1,0.03842,0.01635,0.55345,0.00440,1,0,0.00000,7
0.59095,0.36208,3257.93896,0.21460,6735,0,0.57760,0.37019,1,0.59234,0.37149,1,0.58497,0.37084,1,0.38045,0.37695,28.08521,0.74563,1,0.68326,0.39608,26.16848,0.74164,1,-0.02544,0.01986,0.56094,0.00480,1,0.03842,0.01635,0.55345,0.00439,1,0,0.00000,7
0.58607,0.36910,3257.93896,0.21460,6735,0,0.57488,0.37855,1,0.57774,0.38772,1,0.57631,0.38313,1,0.38038,0.37695,28.12800,0.74164,1,0.68316,0.39614,26.06324,0.74164,1,-0.02544,0.01986,0.56094,0.00482,1,0.03842,0.01635,0.55345,0.00442,1,0,0.00000,7
0.58329,0.37238,3258.16040,0.01953,6736,1,0.57146,0.37422,1,0.57844,0.39025,1,0.57495,0.38223,1,0.38037,0.37699,28.11499,0.74164,1,0.68322,0.39622,25.82390,0.74164,1,-0.02544,0.01986,0.56094,0.00482,1,0.03842,0.01635,0.55345,0.00441,1,0,0.00000,7
0.58162,0.37435,3258.16040,0.02612,6736,1,0.57146,0.37422,1,0.57844,0.39025,1,0.57495,0.38223,1,0.38032,0.37696,28.07250,0.74164,1,0.68316,0.39621,25.84449,0.74164,1,-0.02544,0.01982,0.56094,0.00480,1,0.03842,0.01631,0.55345,0.00442,1,0,0.00000,7
0.57863,0.37132,3258.16040,0.03418,6736,1,0.54763,0.36958,1,0.57969,0.34275,1,0.56366,0.35616,1,0.38030,0.37695,27.96597,0.74164,1,0.68318,0.39626,25.81706,0.74164,1,-0.02544,0.01982,0.56094,0.00481,1,0.03842,0.01631,0.55345,0.00444,1,0,0.00000,7
0.57579,0.36655,3258.16040,0.04150,6736,1,0.54488,0.37141,1,0.57262,0.30446,1,0.55875,0.33794,1,0.38031,0.37690,27.87739,0.74164,1,0.68317,0.39622,25.85769,0.74164,1,-0.02544,0.01982,0.56094,0.00481,1,0.03842,0.01631,0.55345,0.00443,1,0,0.00000,7
0.57366,0.36345,3258.16040,0.04614,6736,1,0.54557,0.37500,1,0.57195,0.30855,1,0.55876,0.34177,1,0.38031,0.37688,27.80647,0.73775,1,0.68303,0.39625,25.88099,0.73775,1,-0.02472,0.01943,0.54766,0.00482,1,0.03842,0.01623,0.55345,0.00448,1,0,0.00000,7
0.57148,0.36403,3258.16040,0.05444,6736,1,0.54679,0.41205,1,0.56129,0.32522,1,0.55404,0.36864,1,0.38029,0.37689,27.86019,0.73385,1,0.68297,0.39633,25.79078,0.73385,1,-0.02472,0.01943,0.54766,0.00481,1,0.03842,0.01623,0.55345,0.00449,1,0,0.00000,7
0.56961,0.36493,3258.16040,0.06079,6736,1,0.54689,0.41576,1,0.55873,0.33038,1,0.55281,0.37307,1,0.38031,0.37685,27.78295,0.72996,1,0.68296,0.39637,25.67989,0.72996,1,-0.02472,0.01943,0.54766,0.00481,1,0.03842,0.01623,0.55345,0.00450,1,0,0.00000,7
0.56809,0.36601,3258.16040,0.06714,6736,1,0.54757,0.41918,1,0.55811,0.33440,1,0.55284,0.37679,1,0.38027,0.37686,27.81922,0.72606,1,0.68287,0.39631,25.77092,0.72606,1,-0.02472,0.01947,0.54769,0.00479,1,0.03842,0.01623,0.55345,0.00444,1,0,0.00000,7
0.56684,0.36622,3258.16040,0.07373,6736,1,0.54745,0.40578,1,0.55877,0.33117,1,0.55311,0.36848,1,0.37993,0.37649,27.19072,0.72606,1,0.68285,0.39630,25.78234,0.72606,1,-0.02472,0.01947,0.54769,0.00473,1,0.03842,0.01623,0.55345,0.00443,1,0,0.00000,7
0.56563,0.36671,3258.16040,0.08081,6736,1,0.54791,0.40552,1,0.55430,0.33976,1,0.55110,0.37264,1,0.37997,0.37649,27.14507,0.72606,1,0.68278,0.39635,25.56882,0.72606,1,-0.02472,0.01947,0.54769,0.00473,1,0.03842,0.01623,0.55345,0.00444,1,0,0.00000,7
0.56459,0.36713,3258.16040,0.08740,6736,1,0.54791,0.40552,1,0.55430,0.33976,1,0.55110,0.37264,1,0.37998,0.37638,27.09184,0.72606,1,0.68282,0.39636,25.59667,0.72606,1,-0.02472,0.01947,0.54769,0.00473,1,0.03842,0.01619,0.55345,0.00444,1,0,0.00000,7
0.56405,0.36764,3258.16040,0.09375,6736,1,0.55436,0.39639,1,0.55854,0.35295,1,0.55645,0.37467,1,0.38066,0.37659,27.85596,0.72606,1,0.68319,0.39650,25.90525,0.72606,1,-0.02472,0.01947,0.54769,0.00475,1,0.03842,0.01619,0.55345,0.00439,1,0,0.00000,7
0.56623,0.36899,3258.16040,0.10059,6736,1,0.58520,0.40407,1,0.61286,0.37435,1,0.59903,0.38921,1,0.38145,0.37657,27.85152,0.72606,1,0.68393,0.39666,25.44867,0.72606,1,-0.02472,0.01947,0.54769,0.00479,1,0.03842,0.01619,0.55345,0.00441,1,0,0.00000,7
0.56816,0.37018,3258.16040,0.10767,6736,1,0.58520,0.40407,1,0.61286,0.37435,1,0.59903,0.38921,1,0.38241,0.37654,27.60838,0.72606,1,0.68494,0.39683,25.79374,0.72606,1,-0.02520,0.02019,0.56790,0.00478,1,0.03871,0.01617,0.55286,0.00443,1,0,0.00000,7
0.57327,0.37075,3258.16040,0.11401,6736,1,0.64920,0.37683,1,0.67106,0.38429,1,0.66013,0.38056,1,0.38424,0.37629,27.68412,0.72606,1,0.68634,0.39709,25.62683,0.72606,1,-0.02520,0.02019,0.56790,0.00480,1,0.03871,0.01617,0.55286,0.00442,1,0,0.00000,7
0.57924,0.37139,3258.16040,0.12061,6736,1,0.67714,0.37148,1,0.69618,0.39411,1,0.68666,0.38279,1,0.38481,0.37627,27.22366,0.72606,1,0.68676,0.39718,25.78069,0.72606,1,-0.02520,0.02019,0.56790,0.00474,1,0.03871,0.01617,0.55286,0.00442,1,0,0.00000,7
0.58468,0.37176,3258.16040,0.12793,6736,1,0.67714,0.37148,1,0.69902,0.38630,1,0.68808,0.37889,1,0.38572,0.37602,27.58404,0.72606,1,0.68749,0.39723,25.68873,0.73440,1,-0.02427,0.01975,0.55432,0.00474,1,0.04158,0.01717,0.59000,0.00442,1,0,0.00000,7
0.58953,0.37117,3258.16040,0.13403,6736,1,0.66610,0.36276,1,0.70691,0.35585,1,0.68651,0.35930,1,0.38612,0.37603,27.31656,0.73440,1,0.68779,0.39737,25.74468,0.74273,1,-0.02427,0.01975,0.55432,0.00477,1,0.04158,0.01717,0.59000,0.00438,1,0,0.00000,7
0.59349,0.36867,3258.16040,0.14038,6736,1,0.65479,0.34436,1,0.69843,0.28791,1,0.67661,0.31613,1,0.38603,0.37600,27.28352,0.74273,1,0.68771,0.39738,25.75294,0.75106,1,-0.02427,0.01975,0.55432,0.00474,1,0.04158,0.01717,0.59000,0.00441,1,0,0.00000,7
0.62380,0.36602,3258.16040,0.14038,6736,0,0.65450,0.33620,1,0.70117,0.27921,1,0.67784,0.30770,1,0.38598,0.37598,27.33579,0.75106,1,0.68772,0.39747,25.58510,0.75940,1,-0.02427,0.01979,0.55432,0.00474,1,0.04067,0.01671,0.57711,0.00444,1,0,0.00000,7
0.66032,0.33814,3258.16040,0.14038,6736,0,0.67743,0.32700,1,0.71623,0.29350,1,0.69683,0.31025,1,0.38599,0.37596,27.37473,0.75940,1,0.68761,0.39749,25.46033,0.75940,1,-0.02427,0.01979,0.55432,0.00472,1,0.04067,0.01671,0.57711,0.00439,1,0,0.00000,7
0.67045,0.33431,3258.16040,0.14038,6736,0,0.66988,0.36397,1,0.71156,0.28932,1,0.69072,0.32665,1,0.38588,0.37588,27.43052,0.75940,1,0.68746,0.39752,25.69650,0.75940,1,-0.02427,0.01979,0.55432,0.00475,1,0.04067,0.01671,0.57711,0.00439,1,0,0.00000,7
0.67549,0.33199,3258.30762,0.01953,6737,1,0.66982,0.36033,1,0.71140,0.28978,1,0.69061,0.32506,1,0.38579,0.37586,27.42110,0.76329,1,0.68738,0.39750,25.61410,0.75894,1,-0.02498,0.02034,0.56963,0.00474,1,0.03975,0.01635,0.56462,0.00440,1,0,0.00000,7
0.67643,0.33567,3258.30762,0.02759,6737,1,0.66143,0.40292,1,0.69891,0.29783,1,0.68017,0.35037,1,0.38577,0.37584,27.34222,0.76284,1,0.68730,0.39757,25.51446,0.75849,1,-0.02498,0.02034,0.56963,0.00475,1,0.03975,0.01635,0.56462,0.00440,1,0,0.00000,7
0.67632,0.33830,3258.30762,0.03516,6737,1,0.66210,0.40280,1,0.68949,0.30008,1,0.67579,0.35144,1,0.38573,0.37580,27.13691,0.76239,1,0.68724,0.39751,25.44962,0.75804,1,-0.02498,0.02034,0.56963,0.00476,1,0.03975,0.01635,0.56462,0.00438,1,0,0.00000,7
0.67615,0.34053,3258.30762,0.04028,6737,1,0.66211,0.40320,1,0.68809,0.30461,1,0.67510,0.35390,1,0.38567,0.37578,27.32690,0.76193,1,0.68711,0.39764,25.60006,0.75360,1,-0.02498,0.02042,0.56963,0.00474,1,0.03859,0.01589,0.54874,0.00437,1,0,0.00000,7
0.67466,0.34200,3258.30762,0.04663,6737,1,0.65069,0.38798,1,0.67780,0.31661,1,0.66425,0.35229,1,0.38553,0.37564,27.37379,0.75360,1,0.68703,0.39759,25.51949,0.74961,1,-0.02498,0.02042,0.56963,0.00475,1,0.03859,0.01589,0.54874,0.00443,1,0,0.00000,7
0.67277,0.34232,3258.30762,0.05347,6737,1,0.64746,0.38386,1,0.66793,0.30588,1,0.65770,0.34487,1,0.38554,0.37557,27.58167,0.74961,1,0.68693,0.39751,25.45600,0.74563,1,-0.02498,0.02042,0.56963,0.00474,1,0.03859,0.01589,0.54874,0.00442,1,0,0.00000,7
0.67117,0.34334,3258.30762,0.05981,6737,1,0.64781,0.39109,1,0.66561,0.31401,1,0.65671,0.35255,1,0.38546,0.37541,27.48035,0.74173,1,0.68678,0.39753,25.63293,0.73775,1,-0.02486,0.02028,0.56582,0.00475,1,0.03859,0.01589,0.54874,0.00438,1,0,0.00000,7
0.67020,0.34356,3258.30762,0.06665,6737,1,0.63982,0.37416,1,0.68124,0.31739,1,0.66053,0.34577,1,0.38535,0.37524,27.55084,0.73385,1,0.68672,0.39739,25.46995,0.73385,1,-0.02486,0.02028,0.56582,0.00478,1,0.03859,0.01589,0.54874,0.00440,1,0,0.00000,7
0.66995,0.34608,3258.30762,0.07520,6737,1,0.66046,0.38107,1,0.67391,0.36646,1,0.66718,0.37376,1,0.38524,0.37522,27.58301,0.72996,1,0.68659,0.39743,25.68044,0.72996,1,-0.02486,0.02028,0.56582,0.00476,1,0.03859,0.01589,0.54874,0.00439,1,0,0.00000,7
0.66979,0.34818,3258.30762,0.08179,6737,1,0.66057,0.38476,1,0.67528,0.36214,1,0.66792,0.37345,1,0.38518,0.37521,27.46530,0.72606,1,0.68650,0.39740,25.76147,0.73440,1,-0.02391,0.01956,0.54437,0.00472,1,0.04083,0.01689,0.58183,0.00440,1,0,0.00000,7
0.66855,0.34737,3258.30762,0.08740,6737,1,0.64614,0.36560,1,0.65867,0.30808,1,0.65241,0.33684,1,0.38501,0.37513,27.40956,0.73440,1,0.68636,0.39742,25.62392,0.74273,1,-0.02391,0.01956,0.54437,0.00473,1,0.04083,0.01689,0.58183,0.00439,1,0,0.00000,7
0.66870,0.34629,3258.30762,0.09399,6737,1,0.66298,0.35691,1,0.67869,0.30518,1,0.67084,0.33104,1,0.38499,0.37512,27.40543,0.74273,1,0.68632,0.39743,25.43905,0.75106,1,-0.02391,0.01956,0.54437,0.00474,1,0.04083,0.01689,0.58183,0.00442,1,0,0.00000,7
0.66883,0.34508,3258.30762,0.10059,6737,1,0.66278,0.34886,1,0.67869,0.30518,1,0.67074,0.32702,1,0.38492,0.37511,27.38039,0.75106,1,0.68623,0.39730,25.20284,0.75106,1,-0.02431,0.01981,0.55141,0.00476,1,0.03853,0.01597,0.55025,0.00440,1,0,0.00000,7
0.66779,0.34343,3258.30762,0.10742,6737,1,0.64457,0.34160,1,0.65763,0.29239,1,0.65110,0.31699,1,0.38462,0.37508,27.48083,0.75106,1,0.68593,0.39736,25.39175,0.74273,1,-0.02431,0.01981,0.55141,0.00476,1,0.03853,0.01597,0.55025,0.00439,1,0,0.00000,7
0.66632,0.34497,3258.30762,0.11401,6737,1,0.63798,0.38622,1,0.64463,0.35598,1,0.64131,0.37110,1,0.38455,0.37503,27.21203,0.74273,1,0.68585,0.39735,25.37656,0.73440,1,-0.02431,0.01981,0.55141,0.00475,1,0.03853,0.01597,0.55025,0.00441,1,0,0.00000,7
0.66495,0.34676,3258.30762,0.12061,6737,1,0.63845,0.39389,1,0.64239,0.36418,1,0.64042,0.37903,1,0.38442,0.37501,27.26593,0.73440,1,0.68565,0.39728,25.64129,0.72606,1,-0.02459,0.02002,0.55602,0.00472,1,0.03853,0.01605,0.55025,0.00439,1,0,0.00000,7
0.66393,0.34958,3258.30762,0.12744,6737,1,0.64037,0.40433,1,0.64868,0.40216,1,0.64453,0.40325,1,0.38421,0.37506,27.32891,0.72606,1,0.68550,0.39729,25.63135,0.72606,1,-0.02459,0.02002,0.55602,0.00475,1,0.03853,0.01605,0.55025,0.00441,1,0,0.00000,7
0.66262,0.35114,3258.30762,0.13403,6737,1,0.63084,0.36718,1,0.64196,0.39736,1,0.63640,0.38227,1,0.38413,0.37504,27.37527,0.72606,1,0.68539,0.39725,25.61509,0.72606,1,-0.02459,0.02002,0.55602,0.00474,1,0.03853,0.01605,0.55025,0.00436,1,0,0.00000,7
0.66148,0.35238,3258.30762,0.14087,6737,1,0.63084,0.36718,1,0.64420,0.38954,1,0.63752,0.37836,1,0.38399,0.37508,27.37855,0.72606,1,0.68543,0.39725,25.32339,0.73440,1,-0.02459,0.02002,0.55602,0.00474,1,0.04092,0.01704,0.58568,0.00437,1,0,0.00000,7
0.66098,0.35156,3258.30762,0.14746,6737,1,0.64100,0.37136,1,0.65898,0.29586,1,0.64999,0.33361,1,0.38377,0.37515,27.45496,0.73440,1,0.68521,0.39732,25.12836,0.74273,1,-0.02459,0.02002,0.55602,0.00474,1,0.04092,0.01704,0.58568,0.00439,1,0,0.00000,7
0.66002,0.35065,3258.30762,0.15381,6737,1,0.63043,0.35788,1,0.64548,0.30152,1,0.63796,0.32970,1,0.38369,0.37515,27.17835,0.74273,1,0.68506,0.39733,25.27259,0.75106,1,-0.02459,0.02002,0.55602,0.00476,1,0.04092,0.01704,0.58568,0.00440,1,0,0.00000,7
0.65914,0.34950,3258.30762,0.16089,6737,1,0.62963,0.34618,1,0.64650,0.29750,1,0.63807,0.32184,1,0.38351,0.37517,27.34539,0.75496,1,0.68491,0.39733,25.58261,0.75496,1,-0.02511,0.02025,0.56492,0.00474,1,0.03830,0.01595,0.54937,0.00438,1,0,0.00000,7
0.65755,0.34843,3258.30762,0.16748,6737,1,0.61008,0.34326,1,0.62512,0.30035,1,0.61760,0.32180,1,0.38346,0.37515,27.32391,0.75885,1,0.68471,0.39732,25.57311,0.75052,1,-0.02511,0.02025,0.56492,0.00475,1,0.03830,0.01595,0.54937,0.00439,1,0,0.00000,7
0.65620,0.34766,3258.30762,0.17432,6737,1,0.62279,0.34659,1,0.61947,0.30870,1,0.62113,0.32765,1,0.38322,0.37525,27.18329,0.75442,1,0.68458,0.39730,25.56872,0.74608,1,-0.02511,0.02025,0.56492,0.00473,1,0.03830,0.01595,0.54937,0.00437,1,0,0.00000,7
0.65492,0.34724,3258.30762,0.18066,6737,1,0.62341,0.35455,1,0.61754,0.31730,1,0.62047,0.33593,1,0.38310,0.37530,27.29172,0.74608,1,0.68449,0.39740,25.40598,0.73775,1,-0.02479,0.01996,0.55677,0.00473,1,0.03830,0.01590,0.54937,0.00437,1,0,0.00000,7
0.65384,0.34723,3258.30762,0.18774,6737,1,0.62795,0.37431,1,0.61895,0.31923,1,0.62345,0.34677,1,0.38278,0.37524,27.23817,0.73385,1,0.68433,0.39732,25.22434,0.73385,1,-0.02479,0.01996,0.55677,0.00476,1,0.03830,0.01590,0.54937,0.00442,1,0,0.00000,7
0.65285,0.34743,3258.30762,0.19409,6737,1,0.61499,0.38549,1,0.63380,0.32111,1,0.62440,0.35330,1,0.38272,0.37529,27.17238,0.72996,1,0.68414,0.39737,25.60170,0.72996,1,-0.02479,0.01996,0.55677,0.00475,1,0.03830,0.01590,0.54937,0.00436,1,0,0.00000,7
0.65194,0.34762,3258.30762,0.20068,6737,1,0.61499,0.38549,1,0.63380,0.32111,1,0.62440,0.35330,1,0.38249,0.37541,27.23739,0.72996,1,0.68401,0.39731,25.56655,0.72996,1,-0.02539,0.02034,0.56724,0.00474,1,0.03842,0.01606,0.55345,0.00438,1,0,0.00000,7
0.65049,0.34784,3258.30762,0.20703,6737,1,0.59462,0.39018,1,0.61681,0.31897,1,0.60571,0.35458,1,0.38228,0.37547,27.27972,0.73385,1,0.68378,0.39733,25.56955,0.73385,1,-0.02539,0.02034,0.56724,0.00476,1,0.03842,0.01606,0.55345,0.00437,1,0,0.00000,7
0.64923,0.34818,3258.30762,0.21484,6737,1,0.60757,0.39187,1,0.61002,0.32657,1,0.60880,0.35922,1,0.38213,0.37555,27.35178,0.73775,1,0.68370,0.39740,25.42570,0.73775,1,-0.02539,0.02034,0.56724,0.00474,1,0.03842,0.01606,0.55345,0.00436,1,0,0.00000,7
0.62340,0.34141,3258.30762,0.21484,6737,0,0.60757,0.39187,1,0.61002,0.32657,1,0.60880,0.35922,1,0.38199,0.37560,27.23856,0.73775,1,0.68359,0.39733,25.21007,0.73775,1,-0.02479,0.01976,0.55116,0.00477,1,0.03842,0.01602,0.55345,0.00440,1,0,0.00000,7
0.61578,0.35597,3258.30762,0.21484,6737,0,0.60656,0.41007,1,0.60978,0.33099,1,0.60817,0.37053,1,0.38173,0.37566,27.25463,0.73385,1,0.68325,0.39750,25.38630,0.73385,1,-0.02479,0.01976,0.55116,0.00473,1,0.03842,0.01602,0.55345,0.00436,1,0,0.00000,7
0.60901,0.36135,3258.30762,0.21484,6737,0,0.59274,0.41333,1,0.59820,0.33089,1,0.59547,0.37211,1,0.38153,0.37576,27.32912,0.72996,1,0.68322,0.39752,25.38724,0.72996,1,-0.02479,0.01976,0.55116,0.00473,1,0.03842,0.01602,0.55345,0.00439,1,0,0.00000,7
0.60558,0.36497,3258.52832,0.01978,6738,1,0.59319,0.41679,1,0.59739,0.33489,1,0.59529,0.37584,1,0.38133,0.37579,27.25688,0.72606,1,0.68313,0.39749,25.33633,0.72606,1,-0.02486,0.01971,0.55083,0.00473,1,0.03834,0.01606,0.55466,0.00438,1,0,0.00000,7
0.60316,0.36842,3258.52832,0.02686,6738,1,0.58728,0.42703,1,0.59971,0.33737,1,0.59349,0.38220,1,0.38105,0.37579,27.03086,0.72606,1,0.68279,0.39740,25.37464,0.72606,1,-0.02486,0.01971,0.55083,0.00473,1,0.03834,0.01606,0.55466,0.00441,1,0,0.00000,7
0.60219,0.37001,3258.52832,0.03369,6738,1,0.60243,0.42209,1,0.59223,0.33386,1,0.59733,0.37797,1,0.38088,0.37580,27.17040,0.72606,1,0.68271,0.39734,25.40591,0.72606,1,-0.02486,0.01971,0.55083,0.00471,1,0.03834,0.01606,0.55466,0.00439,1,0,0.00000,7
0.60153,0.37061,3258.52832,0.04077,6738,1,0.60202,0.41864,1,0.59302,0.32985,1,0.59752,0.37425,1,0.38072,0.37588,27.32545,0.72996,1,0.68255,0.39732,25.35779,0.72996,1,-0.02544,0.02003,0.56094,0.00471,1,0.03842,0.01617,0.55579,0.00437,1,0,0.00000,7
0.59999,0.37139,3258.52832,0.04736,6738,1,0.57947,0.41081,1,0.59898,0.34282,1,0.58922,0.37681,1,0.38050,0.37576,27.07788,0.73385,1,0.68250,0.39714,24.94721,0.73385,1,-0.02544,0.02003,0.56094,0.00473,1,0.03842,0.01617,0.55579,0.00443,1,0,0.00000,7
0.60053,0.37446,3258.52832,0.05396,6738,1,0.59419,0.41102,1,0.61552,0.38707,1,0.60485,0.39905,1,0.38061,0.37586,27.30875,0.73775,1,0.68251,0.39715,25.33806,0.73775,1,-0.02544,0.02003,0.56094,0.00474,1,0.03842,0.01617,0.55579,0.00438,1,0,0.00000,7
0.60096,0.37692,3258.52832,0.06079,6738,1,0.59419,0.41102,1,0.61552,0.38707,1,0.60485,0.39905,1,0.38079,0.37585,27.18933,0.73775,1,0.68281,0.39724,25.41678,0.73775,1,-0.02501,0.01980,0.55225,0.00471,1,0.03842,0.01617,0.55579,0.00437,1,0,0.00000,7
0.60524,0.37564,3258.52832,0.06738,6738,1,0.64598,0.38524,1,0.65001,0.34034,1,0.64800,0.36279,1,0.38171,0.37582,27.09531,0.73385,1,0.68377,0.39721,25.10201,0.73385,1,-0.02501,0.01980,0.55225,0.00472,1,0.03842,0.01617,0.55579,0.00435,1,0,0.00000,7
0.60880,0.37361,3258.52832,0.07422,6738,1,0.64733,0.39253,1,0.64855,0.31021,1,0.64794,0.35137,1,0.38196,0.37588,26.99394,0.72996,1,0.68401,0.39722,25.23225,0.72996,1,-0.02501,0.01980,0.55225,0.00471,1,0.03842,0.01617,0.55579,0.00439,1,0,0.00000,7
0.61177,0.37220,3258.52832,0.08081,6738,1,0.64751,0.39615,1,0.64748,0.31430,1,0.64749,0.35523,1,0.38238,0.37592,27.16411,0.72606,1,0.68433,0.39728,25.26084,0.72606,1,-0.02507,0.01985,0.55730,0.00470,1,0.03842,0.01606,0.55345,0.00438,1,0,0.00000,7
0.61537,0.37029,3258.52832,0.08740,6738,1,0.66462,0.37232,1,0.65960,0.31865,1,0.66211,0.34548,1,0.38259,0.37606,27.30428,0.72606,1,0.68451,0.39737,25.45261,0.72606,1,-0.02507,0.01985,0.55730,0.00472,1,0.03842,0.01606,0.55345,0.00437,1,0,0.00000,7
0.61825,0.36916,3258.52832,0.09399,6738,1,0.65702,0.37664,1,0.66009,0.32985,1,0.65855,0.35325,1,0.38248,0.37616,27.00580,0.72606,1,0.68445,0.39738,25.24853,0.72606,1,-0.02507,0.01985,0.55730,0.00473,1,0.03842,0.01606,0.55345,0.00436,1,0,0.00000,7
0.62080,0.36792,3258.52832,0.10059,6738,1,0.65690,0.37291,1,0.66122,0.32585,1,0.65906,0.34938,1,0.38241,0.37622,27.16358,0.72996,1,0.68438,0.39739,25.39995,0.72996,1,-0.02549,0.02012,0.56584,0.00472,1,0.03842,0.01606,0.55345,0.00434,1,0,0.00000,7
0.62257,0.36694,3258.52832,0.10742,6738,1,0.64397,0.36291,1,0.65775,0.33954,1,0.65086,0.35122,1,0.38230,0.37613,26.99352,0.73385,1,0.68428,0.39731,25.44213,0.73385,1,-0.02549,0.02012,0.56584,0.00471,1,0.03842,0.01606,0.55345,0.00437,1,0,0.00000,7
0.62393,0.36686,3258.52832,0.11353,6738,1,0.64178,0.35133,1,0.65236,0.37981,1,0.64707,0.36557,1,0.38222,0.37607,27.04225,0.73775,1,0.68424,0.39718,25.44940,0.73775,1,-0.02549,0.02012,0.56584,0.00474,1,0.03842,0.01606,0.55345,0.00437,1,0,0.00000,7
0.62515,0.36679,3258.52832,0.12109,6738,1,0.64178,0.35133,1,0.65236,0.37981,1,0.64707,0.36557,1,0.38217,0.37604,27.05373,0.73775,1,0.68431,0.39708,25.18966,0.73775,1,-0.02472,0.01955,0.54769,0.00475,1,0.03842,0.01619,0.55345,0.00435,1,0,0.00000,7
0.62665,0.36734,3258.52832,0.12769,6738,1,0.66127,0.38630,1,0.64930,0.36909,1,0.65529,0.37770,1,0.38206,0.37590,27.06582,0.73385,1,0.68431,0.39698,25.29413,0.73385,1,-0.02472,0.01955,0.54769,0.00472,1,0.03842,0.01619,0.55345,0.00437,1,0,0.00000,7
0.62769,0.36896,3258.52832,0.13452,6738,1,0.64913,0.43052,1,0.64781,0.37218,1,0.64847,0.40135,1,0.38199,0.37587,27.02625,0.72996,1,0.68419,0.39703,25.22254,0.72996,1,-0.02472,0.01955,0.54769,0.00468,1,0.03842,0.01619,0.55345,0.00438,1,0,0.00000,7
0.62862,0.37059,3258.52832,0.14111,6738,1,0.64930,0.43394,1,0.64674,0.37595,1,0.64802,0.40494,1,0.38182,0.37577,27.09124,0.72606,1,0.68418,0.39697,25.31641,0.72606,1,-0.02512,0.01991,0.55662,0.00475,1,0.03842,0.01619,0.55345,0.00438,1,0,0.00000,7
0.62912,0.37150,3258.52832,0.14771,6738,1,0.63844,0.41779,1,0.64224,0.36511,1,0.64034,0.39145,1,0.38180,0.37571,27.32786,0.72606,1,0.68414,0.39680,25.29299,0.72606,1,-0.02512,0.01991,0.55662,0.00472,1,0.03842,0.01619,0.55345,0.00443,1,0,0.00000,7
0.62951,0.37200,3258.52832,0.15454,6738,1,0.63647,0.40611,1,0.64031,0.36075,1,0.63839,0.38343,1,0.38180,0.37572,27.25752,0.72606,1,0.68411,0.39671,25.32555,0.72606,1,-0.02512,0.01991,0.55662,0.00473,1,0.03842,0.01619,0.55345,0.00439,1,0,0.00000,7
0.62987,0.37246,3258.52832,0.16040,6738,1,0.63647,0.40611,1,0.64031,0.36075,1,0.63839,0.38343,1,0.38167,0.37563,27.12845,0.72606,1,0.68408,0.39664,25.35560,0.72606,1,-0.02472,0.01963,0.54769,0.00474,1,0.03842,0.01619,0.55345,0.00439,1,0,0.00000,7
0.63018,0.37252,3258.52832,0.16748,6738,1,0.64439,0.41077,1,0.63191,0.33740,1,0.63815,0.37408,1,0.38158,0.37558,27.33674,0.72606,1,0.68409,0.39667,25.38074,0.72606,1,-0.02472,0.01963,0.54769,0.00474,1,0.03842,0.01619,0.55345,0.00439,1,0,0.00000,7
0.63045,0.37226,3258.52832,0.17407,6738,1,0.64369,0.40010,1,0.63099,0.33088,1,0.63734,0.36549,1,0.38150,0.37550,27.24615,0.72606,1,0.68399,0.39657,25.41971,0.72606,1,-0.02472,0.01963,0.54769,0.00475,1,0.03842,0.01619,0.55345,0.00436,1,0,0.00000,7
0.63070,0.37202,3258.52832,0.18237,6738,1,0.64369,0.40010,1,0.63099,0.33088,1,0.63734,0.36549,1,0.38145,0.37547,27.26693,0.72606,1,0.68395,0.39652,25.48196,0.72606,1,-0.02501,0.01980,0.55225,0.00476,1,0.03842,0.01623,0.55345,0.00441,1,0,0.00000,7
0.63061,0.37135,3258.52832,0.18896,6738,1,0.63429,0.39219,1,0.62216,0.31326,1,0.62823,0.35272,1,0.38130,0.37538,27.33628,0.72606,1,0.68390,0.39632,25.56094,0.72606,1,-0.02501,0.01980,0.55225,0.00475,1,0.03842,0.01623,0.55345,0.00439,1,0,0.00000,7
0.63041,0.37180,3258.52832,0.19385,6738,1,0.62820,0.38747,1,0.62089,0.38214,1,0.62455,0.38481,1,0.38125,0.37540,27.36705,0.72606,1,0.68384,0.39623,25.62023,0.72606,1,-0.02501,0.01980,0.55225,0.00475,1,0.03842,0.01623,0.55345,0.00434,1,0,0.00000,7
0.63023,0.37210,3258.52832,0.20142,6738,1,0.62793,0.38382,1,0.62184,0.37840,1,0.62488,0.38111,1,0.38120,0.37534,27.29909,0.72996,1,0.68373,0.39606,25.59192,0.72996,1,-0.02544,0.02011,0.56094,0.00475,1,0.03842,0.01635,0.55345,0.00438,1,0,0.00000,7
0.62998,0.37213,3258.52832,0.20825,6738,1,0.61327,0.38051,1,0.63102,0.36585,1,0.62215,0.37318,1,0.38098,0.37532,27.59020,0.73385,1,0.68369,0.39592,25.64474,0.73385,1,-0.02544,0.02011,0.56094,0.00477,1,0.03842,0.01635,0.55345,0.00438,1,0,0.00000,7
0.62955,0.37197,3258.52832,0.21484,6738,1,0.60354,0.37339,1,0.62834,0.36030,1,0.61594,0.36685,1,0.38088,0.37536,27.36378,0.73775,1,0.68356,0.39598,25.69825,0.73775,1,-0.02544,0.02011,0.56094,0.00477,1,0.03842,0.01635,0.55345,0.00440,1,0,0.00000,7
0.62917,0.37177,3258.52832,0.22144,6738,1,0.60354,0.37339,1,0.62932,0.35642,1,0.61643,0.36491,1,0.38075,0.37540,27.41703,0.73775,1,0.68344,0.39595,25.78451,0.74173,1,-0.02500,0.01973,0.55021,0.00476,1,0.03909,0.01666,0.56372,0.00438,1,0,0.00000,7
0.62901,0.37193,3258.52832,0.22827,6738,1,0.63458,0.38828,1,0.61275,0.36662,1,0.62367,0.37745,1,0.38057,0.37539,27.59326,0.73784,1,0.68330,0.39601,25.37912,0.74183,1,-0.02500,0.01973,0.55021,0.00481,1,0.03909,0.01666,0.56372,0.00441,1,0,0.00000,7
0.62861,0.37220,3258.52832,0.23486,6738,1,0.62449,0.39243,1,0.60481,0.37106,1,0.61465,0.38175,1,0.38046,0.37548,27.66872,0.73793,1,0.68327,0.39597,25.46311,0.74192,1,-0.02500,0.01973,0.55021,0.00478,1,0.03909,0.01666,0.56372,0.00442,1,0,0.00000,7
0.62822,0.37251,3258.52832,0.24219,6738,1,0.62448,0.39235,1,0.60397,0.37479,1,0.61423,0.38357,1,0.38032,0.37550,27.59006,0.73802,1,0.68324,0.39598,25.33030,0.73802,1,-0.02516,0.01979,0.55205,0.00480,1,0.03834,0.01639,0.55466,0.00444,1,0,0.00000,7
0.62763,0.37268,3258.52832,0.24829,6738,1,0.60275,0.38830,1,0.60839,0.36972,1,0.60557,0.37901,1,0.38015,0.37562,27.50036,0.73802,1,0.68287,0.39592,25.64457,0.73404,1,-0.02516,0.01979,0.55205,0.00487,1,0.03834,0.01639,0.55466,0.00442,1,0,0.00000,7
0.62685,0.37316,3258.52832,0.25513,6738,1,0.59868,0.40172,1,0.59644,0.38145,1,0.59756,0.39158,1,0.37998,0.37568,27.70960,0.73404,1,0.68281,0.39594,25.71526,0.73005,1,-0.02516,0.01979,0.55205,0.00480,1,0.03834,0.01639,0.55466,0.00443,1,0,0.00000,7
0.62612,0.37372,3258.52832,0.26172,6738,1,0.59911,0.40531,1,0.59561,0.38528,1,0.59736,0.39529,1,0.37985,0.37568,27.61526,0.73005,1,0.68266,0.39595,25.75393,0.72606,1,-0.02544,0.01995,0.55641,0.00485,1,0.03834,0.01639,0.55466,0.00443,1,0,0.00000,7
0.62581,0.37436,3258.52832,0.26831,6738,1,0.61154,0.42570,1,0.61517,0.37466,1,0.61336,0.40018,1,0.37971,0.37583,27.75999,0.72606,1,0.68257,0.39583,25.78622,0.72606,1,-0.02544,0.01995,0.55641,0.00481,1,0.03834,0.01639,0.55466,0.00443,1,0,0.00000,7
0.62550,0.37468,3258.52832,0.27466,6738,1,0.60988,0.39117,1,0.61608,0.38445,1,0.61298,0.38781,1,0.38003,0.37585,27.57601,0.72606,1,0.68285,0.39601,25.76691,0.72606,1,-0.02544,0.01995,0.55641,0.00481,1,0.03834,0.01639,0.55466,0.00443,1,0,0.00000,7
0.62522,0.37494,3258.52832,0.28149,6738,1,0.60988,0.39117,1,0.61701,0.38063,1,0.61345,0.38590,1,0.38039,0.37594,27.67196,0.72606,1,0.68326,0.39600,25.85950,0.73005,1,-0.02589,0.02030,0.56993,0.00484,1,0.03907,0.01669,0.56468,0.00441,1,0,0.00000,7
0.62581,0.37498,3258.52832,0.28784,6738,1,0.64835,0.37014,1,0.65432,0.38281,1,0.65134,0.37648,1,0.38108,0.37606,27.45136,0.73005,1,0.68389,0.39616,25.80761,0.73404,1,-0.02589,0.02030,0.56993,0.00486,1,0.03907,0.01669,0.56468,0.00445,1,0,0.00000,7
0.62659,0.37501,3258.52832,0.29492,6738,1,0.66026,0.37087,1,0.66154,0.38211,1,0.66090,0.37649,1,0.38116,0.37614,27.75629,0.73404,1,0.68393,0.39620,25.80200,0.73802,1,-0.02589,0.02030,0.56993,0.00484,1,0.03907,0.01669,0.56468,0.00448,1,0,0.00000,7
0.62736,0.37492,3258.52832,0.30127,6738,1,0.66015,0.36705,1,0.66396,0.37426,1,0.66205,0.37066,1,0.38125,0.37614,27.71989,0.73802,1,0.68400,0.39619,25.94744,0.74635,1,-0.02500,0.01956,0.55021,0.00484,1,0.04039,0.01723,0.58304,0.00444,1,0,0.00000,7
0.62824,0.37465,3258.52832,0.30859,6738,1,0.66747,0.36503,1,0.66999,0.35964,1,0.66873,0.36234,1,0.38110,0.37624,27.78161,0.74635,1,0.68391,0.39605,25.63357,0.75070,1,-0.02500,0.01956,0.55021,0.00485,1,0.04039,0.01723,0.58304,0.00448,1,0,0.00000,7
0.62878,0.37432,3258.52832,0.31494,6738,1,0.65153,0.35768,1,0.65646,0.35966,1,0.65400,0.35867,1,0.38098,0.37621,27.89847,0.75070,1,0.68364,0.39606,25.79051,0.75505,1,-0.02500,0.01956,0.55021,0.00484,1,0.04039,0.01723,0.58304,0.00445,1,0,0.00000,7
0.62941,0.37467,3258.52832,0.32251,6738,1,0.65136,0.35355,1,0.65536,0.36345,1,0.65336,0.35850,1,0.38075,0.37623,27.85397,0.75505,1,0.68351,0.39609,26.00594,0.75106,1,-0.02544,0.01978,0.55641,0.00487,1,0.03834,0.01639,0.55466,0.00447,1,0,0.00000,7
0.63034,0.37455,3258.52832,0.32861,6738,1,0.64978,0.36392,1,0.65600,0.36538,1,0.65289,0.36465,1,0.38045,0.37631,27.91193,0.75106,1,0.68324,0.39600,26.24226,0.74273,1,-0.02544,0.01978,0.55641,0.00488,1,0.03834,0.01639,0.55466,0.00446,1,0,0.00000,7
0.63151,0.37454,3258.52832,0.33496,6738,1,0.66459,0.37291,1,0.63859,0.37079,1,0.65159,0.37185,1,0.38037,0.37634,27.81602,0.74273,1,0.68312,0.39597,26.08127,0.73440,1,-0.02544,0.01978,0.55641,0.00487,1,0.03834,0.01639,0.55466,0.00446,1,0,0.00000,7
0.63267,0.37459,3258.52832,0.34131,6738,1,0.66477,0.38077,1,0.63745,0.37498,1,0.65111,0.37788,1,0.38008,0.37635,27.85172,0.73440,1,0.68302,0.39603,25.89992,0.73005,1,-0.02534,0.01963,0.55227,0.00491,1,0.03925,0.01684,0.56971,0.00451,1,0,0.00000,7
0.63364,0.37457,3258.52832,0.34888,6738,1,0.63849,0.39769,1,0.64176,0.36554,1,0.64013,0.38162,1,0.37981,0.37651,28.06145,0.73005,1,0.68271,0.39601,25.91879,0.73404,1,-0.02534,0.01963,0.55227,0.00484,1,0.03925,0.01684,0.56971,0.00450,1,0,0.00000,7
0.63436,0.37467,3258.52832,0.35498,6738,1,0.62734,0.40204,1,0.63646,0.36293,1,0.63190,0.38249,1,0.37972,0.37648,27.99350,0.73404,1,0.68258,0.39606,26.00429,0.73802,1,-0.02534,0.01963,0.55227,0.00489,1,0.03925,0.01684,0.56971,0.00448,1,0,0.00000,7
0.63508,0.37476,3258.52832,0.36230,6738,1,0.62706,0.39843,1,0.63749,0.35907,1,0.63227,0.37875,1,0.37952,0.37662,28.19072,0.73802,1,0.68239,0.39605,26.09241,0.74201,1,-0.02535,0.01958,0.55082,0.00488,1,0.03830,0.01646,0.55712,0.00448,1,0,0.00000,7
0.63618,0.37497,3258.52832,0.36938,6738,1,0.64964,0.40174,1,0.63373,0.37225,1,0.64169,0.38700,1,0.37921,0.37669,27.95516,0.74201,1,0.68213,0.39602,26.22684,0.74201,1,-0.02535,0.01958,0.55082,0.00493,1,0.03830,0.01646,0.55712,0.00454,1,0,0.00000,7
0.63669,0.37461,3258.52832,0.37573,6738,1,0.63728,0.40085,1,0.62170,0.36197,1,0.62949,0.38141,1,0.37916,0.37672,28.10636,0.74201,1,0.68199,0.39597,26.21664,0.74201,1,-0.02535,0.01958,0.55082,0.00491,1,0.03830,0.01646,0.55712,0.00449,1,0,0.00000,7
0.63720,0.37420,3258.52832,0.38232,6738,1,0.63706,0.39734,1,0.62168,0.36206,1,0.62937,0.37970,1,0.37887,0.37664,28.06355,0.74590,1,0.68182,0.39601,26.34392,0.74192,1,-0.02611,0.02007,0.56455,0.00492,1,0.03804,0.01641,0.55519,0.00448,1,0,0.00000,7
0.63659,0.37439,3258.52832,0.38892,6738,1,0.61134,0.39627,1,0.62560,0.34676,1,0.61847,0.37152,1,0.37872,0.37660,28.16353,0.74581,1,0.68163,0.39586,26.17095,0.74183,1,-0.02611,0.02007,0.56455,0.00492,1,0.03804,0.01641,0.55519,0.00448,1,0,0.00000,7
0.63624,0.37466,3258.52832,0.39575,6738,1,0.62336,0.39501,1,0.63922,0.33445,1,0.63129,0.36473,1,0.37857,0.37657,28.17672,0.74572,1,0.68143,0.39584,26.18645,0.74173,1,-0.02611,0.02007,0.56455,0.00490,1,0.03804,0.01641,0.55519,0.00451,1,0,0.00000,7
0.63591,0.37490,3258.52832,0.40259,6738,1,0.62365,0.39860,1,0.63922,0.33445,1,0.63144,0.36653,1,0.37842,0.37658,28.41187,0.74173,1,0.68127,0.39581,26.31656,0.74173,1,-0.02551,0.01957,0.55056,0.00492,1,0.03929,0.01696,0.57399,0.00450,1,0,0.00000,7
0.63508,0.37523,3258.52832,0.40918,6738,1,0.62805,0.39451,1,0.61671,0.32815,1,0.62238,0.36133,1,0.37809,0.37654,28.33608,0.73784,1,0.68110,0.39559,26.02387,0.74183,1,-0.02551,0.01957,0.55056,0.00491,1,0.03929,0.01696,0.57399,0.00455,1,0,0.00000,7
0.63408,0.37528,3258.52832,0.41577,6738,1,0.61295,0.39206,1,0.60825,0.31955,1,0.61060,0.35580,1,0.37794,0.37653,28.34778,0.73793,1,0.68101,0.39553,26.06918,0.74192,1,-0.02551,0.01957,0.55056,0.00495,1,0.03929,0.01696,0.57399,0.00450,1,0,0.00000,7
0.63306,0.37546,3258.52832,0.42236,6738,1,0.61294,0.39197,1,0.60739,0.32354,1,0.61017,0.35776,1,0.37782,0.37649,28.39885,0.73802,1,0.68087,0.39549,25.96904,0.73802,1,-0.02590,0.01975,0.55553,0.00497,1,0.03687,0.01601,0.54049,0.00454,1,0,0.00000,7
0.63200,0.37553,3258.52832,0.42920,6738,1,0.58784,0.38599,1,0.61187,0.32364,1,0.59985,0.35481,1,0.37756,0.37653,28.62475,0.73802,1,0.68057,0.39533,26.28901,0.73404,1,-0.02590,0.01975,0.55553,0.00497,1,0.03687,0.01601,0.54049,0.00454,1,0,0.00000,7
0.63103,0.37529,3258.52832,0.43628,6738,1,0.60442,0.39190,1,0.59690,0.31556,1,0.60066,0.35373,1,0.37737,0.37650,28.44604,0.73404,1,0.68051,0.39536,26.36107,0.73005,1,-0.02590,0.01975,0.55553,0.00496,1,0.03687,0.01601,0.54049,0.00455,1,0,0.00000,7
0.63006,0.37504,3258.52832,0.44263,6738,1,0.60443,0.39198,1,0.59688,0.31565,1,0.60065,0.35382,1,0.37716,0.37643,28.52962,0.73394,1,0.68041,0.39526,26.19439,0.72996,1,-0.02635,0.02006,0.56427,0.00498,1,0.03687,0.01605,0.54049,0.00452,1,0,0.00000,7
0.62907,0.37531,3258.52832,0.44946,6738,1,0.60961,0.38844,1,0.60515,0.39306,1,0.60738,0.39075,1,0.37702,0.37648,28.38822,0.73385,1,0.68025,0.39514,26.29478,0.73385,1,-0.02635,0.02006,0.56427,0.00497,1,0.03687,0.01605,0.54049,0.00455,1,0,0.00000,7
0.62803,0.37499,3258.52832,0.45630,6738,1,0.60033,0.38094,1,0.59759,0.39076,1,0.59896,0.38585,1,0.37693,0.37650,28.43007,0.73775,1,0.68004,0.39518,26.55741,0.73775,1,-0.02635,0.02006,0.56427,0.00496,1,0.03687,0.01605,0.54049,0.00455,1,0,0.00000,7
0.62703,0.37444,3258.52832,0.46313,6738,1,0.59992,0.37733,1,0.60013,0.37932,1,0.60002,0.37832,1,0.37678,0.37652,28.56510,0.74164,1,0.67997,0.39521,26.58333,0.74998,1,-0.02689,0.02040,0.57380,0.00497,1,0.03935,0.01726,0.57806,0.00456,1,0,0.00000,7
