FPOGX,FPOGY,FPOGS,FPOGD,FPOGID,FPOGV,LPOGX,LPOGY,LPOGV,RPOGX,RPOGY,RPOGV,BPOGX,BPOGY,BPOGV,LPCX,LPCY,LPD,LPS,LPV,RPCX,RPCY,RPD,RPS,RPV,LEYEX,LEYEY,LEYEZ,LPUPILD,LPUPILV,REYEX,REYEY,REYEZ,RPUPILD,RPUPILV,BKID,BKDUR,BKPMIN
0.53494,0.26505,5267.02783,1.31250,11799,1,0.65642,0.34447,1,0.41045,0.23146,1,0.53344,0.28796,1,0.24828,0.37257,20.39237,0.96162,1,0.55159,0.41247,18.77992,0.96881,1,-0.05996,0.02299,0.62045,0.00363,1,0.01307,0.01608,0.65783,0.00352,1,0,0.00000,33
0.53494,0.26503,5267.02783,1.31934,11799,1,0.65657,0.34151,1,0.41076,0.23808,1,0.53366,0.28979,1,0.24833,0.37255,20.39069,0.96252,1,0.55163,0.41250,18.59831,0.96971,1,-0.05996,0.02299,0.62045,0.00364,1,0.01307,0.01608,0.65783,0.00350,1,0,0.00000,33
0.53904,0.26534,5268.73584,0.52930,11801,1,0.66848,0.25687,1,0.42224,0.24456,1,0.54536,0.25071,1,0.25306,0.37001,20.62810,0.98857,1,0.55620,0.41312,20.22843,0.98139,1,-0.06112,0.02433,0.64489,0.00374,1,0.01379,0.01561,0.63841,0.00356,1,0,0.00000,31
0.53912,0.26510,5268.73584,0.53662,11801,1,0.63975,0.25058,1,0.42315,0.24943,1,0.53145,0.25000,1,0.25317,0.37001,20.69204,0.98139,1,0.55625,0.41308,20.16314,0.97420,1,-0.06112,0.02433,0.64489,0.00375,1,0.01379,0.01561,0.63841,0.00355,1,0,0.00000,31
0.53921,0.26500,5268.73584,0.54297,11801,1,0.64004,0.25657,1,0.42325,0.25567,1,0.53165,0.25612,1,0.25324,0.37002,20.89498,0.97420,1,0.55611,0.41284,19.75282,0.96701,1,-0.06112,0.02433,0.64489,0.00373,1,0.01379,0.01561,0.63841,0.00355,1,0,0.00000,31
0.53929,0.26560,5268.73584,0.54932,11801,1,0.65189,0.32711,1,0.41195,0.25239,1,0.53192,0.28975,1,0.25344,0.37008,20.82729,0.96701,1,0.55627,0.41288,19.89082,0.96701,1,-0.06112,0.02433,0.64489,0.00371,1,0.01379,0.01561,0.63841,0.00354,1,0,0.00000,31
0.53935,0.26624,5268.73584,0.55615,11801,1,0.65471,0.31747,1,0.40907,0.26082,1,0.53189,0.28915,1,0.25341,0.37001,20.79105,0.96701,1,0.55651,0.41312,20.20288,0.96701,1,-0.06112,0.02433,0.64489,0.00369,1,0.01379,0.01561,0.63841,0.00356,1,0,0.00000,31
0.53941,0.26663,5268.73584,0.56299,11801,1,0.65452,0.31199,1,0.40869,0.24855,1,0.53160,0.28027,1,0.25341,0.36997,20.71922,0.97403,1,0.55644,0.41312,20.28059,0.98122,1,-0.06192,0.02467,0.65381,0.00370,1,0.01424,0.01607,0.65730,0.00356,1,0,0.00000,31
0.53932,0.26645,5268.73584,0.56982,11801,1,0.65657,0.30050,1,0.41815,0.23770,1,0.53736,0.26910,1,0.25356,0.36998,20.70058,0.98825,1,0.55656,0.41317,20.27055,0.99544,1,-0.06192,0.02467,0.65381,0.00371,1,0.01424,0.01607,0.65730,0.00358,1,0,0.00000,31
0.53939,0.26612,5268.73584,0.57617,11801,1,0.66870,0.30063,1,0.42010,0.22269,1,0.54440,0.26166,1,0.25356,0.36997,20.74733,1.00246,1,0.55659,0.41323,20.11046,1.00965,1,-0.06192,0.02467,0.65381,0.00370,1,0.01424,0.01607,0.65730,0.00358,1,0,0.00000,31
0.53946,0.26556,5268.73584,0.58301,11801,1,0.66861,0.29507,1,0.41999,0.21648,1,0.54430,0.25578,1,0.25362,0.36996,20.64236,1.00965,1,0.55646,0.41298,19.67743,1.01684,1,-0.06114,0.02442,0.64719,0.00374,1,0.01443,0.01617,0.66150,0.00358,1,0,0.00000,31
0.54007,0.26378,5268.73584,0.58984,11801,1,0.67823,0.21672,1,0.43315,0.20330,1,0.55569,0.21001,1,0.25375,0.36988,20.46193,1.00982,1,0.55662,0.41320,20.07764,1.00982,1,-0.06114,0.02442,0.64719,0.00373,1,0.01443,0.01617,0.66150,0.00357,1,0,0.00000,31
0.54065,0.26243,5268.73584,0.59619,11801,1,0.67989,0.23793,1,0.43483,0.20571,1,0.55736,0.22182,1,0.25375,0.36984,20.59750,1.00279,1,0.55663,0.41322,20.02565,1.00279,1,-0.06114,0.02442,0.64719,0.00372,1,0.01443,0.01617,0.66150,0.00357,1,0,0.00000,31
0.54123,0.26126,5268.73584,0.60303,11801,1,0.67990,0.24381,1,0.43485,0.21829,1,0.55737,0.23105,1,0.25372,0.36990,20.78843,0.99576,1,0.55651,0.41300,19.61330,0.98858,1,-0.06114,0.02442,0.64719,0.00372,1,0.01402,0.01566,0.64049,0.00358,1,0,0.00000,31
0.54158,0.26100,5268.73584,0.60986,11801,1,0.65536,0.30514,1,0.43991,0.24240,1,0.54764,0.27377,1,0.25375,0.36997,20.78603,0.98858,1,0.55687,0.41319,20.06664,0.98139,1,-0.06114,0.02442,0.64719,0.00372,1,0.01402,0.01566,0.64049,0.00363,1,0,0.00000,31
0.54177,0.26058,5268.73584,0.61621,11801,1,0.63196,0.31629,1,0.45143,0.25034,1,0.54169,0.28332,1,0.25381,0.36995,20.83865,0.98139,1,0.55680,0.41321,20.11953,0.97420,1,-0.06114,0.02442,0.64719,0.00372,1,0.01402,0.01566,0.64049,0.00358,1,0,0.00000,31
0.54197,0.26033,5268.73584,0.62256,11801,1,0.63231,0.32180,1,0.45132,0.25655,1,0.54181,0.28918,1,0.25390,0.36993,20.89706,0.97420,1,0.55685,0.41311,20.03816,0.96701,1,-0.06114,0.02442,0.64719,0.00372,1,0.01402,0.01566,0.64049,0.00358,1,0,0.00000,31
0.54172,0.26102,5268.73584,0.62939,11801,1,0.64536,0.30471,1,0.39316,0.28793,1,0.51926,0.29632,1,0.25411,0.36999,20.82513,0.96701,1,0.55706,0.41325,20.00407,0.96701,1,-0.06114,0.02442,0.64719,0.00365,1,0.01402,0.01566,0.64049,0.00357,1,0,0.00000,31
0.54144,0.26147,5268.73584,0.63623,11801,1,0.64706,0.31496,1,0.39922,0.28932,1,0.52314,0.30214,1,0.25419,0.37003,20.79269,0.96701,1,0.55714,0.41323,20.02609,0.96701,1,-0.06114,0.02442,0.64719,0.00369,1,0.01402,0.01566,0.64049,0.00357,1,0,0.00000,31
0.54116,0.26194,5268.73584,0.64258,11801,1,0.64682,0.30947,1,0.39870,0.27746,1,0.52276,0.29346,1,0.25421,0.36999,20.72707,0.97403,1,0.55705,0.41319,19.85456,0.98122,1,-0.06221,0.02486,0.65900,0.00370,1,0.01444,0.01607,0.65736,0.00358,1,0,0.00000,31
0.54107,0.26221,5268.73584,0.64941,11801,1,0.66737,0.24937,1,0.41554,0.25188,1,0.54146,0.25063,1,0.25430,0.36997,20.76132,0.98825,1,0.55731,0.41339,20.12149,0.99544,1,-0.06221,0.02486,0.65900,0.00369,1,0.01444,0.01607,0.65736,0.00356,1,0,0.00000,31
0.54108,0.26260,5268.73584,0.65576,11801,1,0.67709,0.22534,1,0.42800,0.28261,1,0.55254,0.25398,1,0.25452,0.37001,20.78885,1.00246,1,0.55736,0.41345,19.95800,1.00965,1,-0.06221,0.02486,0.65900,0.00371,1,0.01444,0.01607,0.65736,0.00363,1,0,0.00000,31
0.54109,0.26299,5268.73584,0.66455,11801,1,0.67705,0.21924,1,0.42800,0.28261,1,0.55253,0.25093,1,0.25447,0.36990,20.54358,1.00965,1,0.55716,0.41333,19.23791,1.00965,1,-0.05768,0.02311,0.61246,0.00369,1,0.01386,0.01522,0.62437,0.00363,1,0,0.00000,31
0.54064,0.26310,5268.73584,0.66943,11801,1,0.63459,0.23790,1,0.41012,0.23429,1,0.52235,0.23609,1,0.25463,0.37003,20.83245,1.00263,1,0.55758,0.41361,19.95886,0.99544,1,-0.05768,0.02311,0.61246,0.00373,1,0.01386,0.01522,0.62437,0.00361,1,0,0.00000,31
0.54039,0.26329,5268.73584,0.67578,11801,1,0.64622,0.25363,1,0.42563,0.23981,1,0.53592,0.24672,1,0.25486,0.37009,20.97824,0.98841,1,0.55786,0.41378,20.68188,0.98122,1,-0.05768,0.02311,0.61246,0.00371,1,0.01386,0.01522,0.62437,0.00351,1,0,0.00000,31
0.54013,0.26333,5268.73584,0.68359,11801,1,0.64646,0.25956,1,0.42563,0.23981,1,0.53604,0.24969,1,0.25493,0.37005,21.01100,0.98122,1,0.55783,0.41369,20.08952,0.98122,1,-0.06183,0.02479,0.65709,0.00369,1,0.01447,0.01575,0.64995,0.00351,1,0,0.00000,31
0.54017,0.26241,5268.73584,0.68994,11801,1,0.67456,0.25964,1,0.42440,0.20464,1,0.54948,0.23214,1,0.25525,0.37007,20.86482,0.98825,1,0.55814,0.41402,20.49660,0.99544,1,-0.06183,0.02479,0.65709,0.00369,1,0.01447,0.01575,0.64995,0.00357,1,0,0.00000,31
0.54024,0.26119,5268.73584,0.69678,11801,1,0.65906,0.26154,1,0.44478,0.20360,1,0.55192,0.23257,1,0.25540,0.37002,20.43431,1.00246,1,0.55824,0.41406,20.50332,1.00965,1,-0.06183,0.02479,0.65709,0.00371,1,0.01447,0.01575,0.64995,0.00360,1,0,0.00000,31
0.54031,0.25985,5268.73584,0.70312,11801,1,0.65891,0.25573,1,0.44478,0.20360,1,0.55184,0.22966,1,0.25533,0.37002,20.52081,1.00965,1,0.55822,0.41375,19.54319,1.00965,1,-0.05983,0.02404,0.63731,0.00371,1,0.01422,0.01527,0.63212,0.00359,1,0,0.00000,31
0.54040,0.25879,5268.73584,0.71143,11801,1,0.66459,0.24575,1,0.41596,0.24261,1,0.54027,0.24418,1,0.25576,0.36997,20.71922,1.00263,1,0.55886,0.41410,20.10710,0.99544,1,-0.05983,0.02404,0.63731,0.00369,1,0.01422,0.01527,0.63212,0.00352,1,0,0.00000,31
0.54088,0.25808,5268.73584,0.71631,11801,1,0.68405,0.26248,1,0.41935,0.25107,1,0.55170,0.25677,1,0.25601,0.37008,20.86528,0.98841,1,0.55897,0.41426,20.14375,0.98122,1,-0.05983,0.02404,0.63731,0.00369,1,0.01422,0.01527,0.63212,0.00359,1,0,0.00000,31
0.54136,0.25775,5268.73584,0.72266,11801,1,0.68401,0.27420,1,0.41958,0.26329,1,0.55180,0.26874,1,0.25609,0.36998,20.54304,0.97420,1,0.55888,0.41394,19.57067,0.96701,1,-0.06081,0.02452,0.64984,0.00370,1,0.01466,0.01553,0.64323,0.00357,1,0,0.00000,31
0.54109,0.25849,5268.73584,0.72998,11801,1,0.65192,0.28383,1,0.39640,0.29507,1,0.52416,0.28945,1,0.25655,0.37009,20.70598,0.96701,1,0.55949,0.41442,19.87154,0.96701,1,-0.06081,0.02452,0.64984,0.00370,1,0.01466,0.01553,0.64323,0.00356,1,0,0.00000,31
0.54114,0.25931,5268.73584,0.73682,11801,1,0.67155,0.27111,1,0.40967,0.31822,1,0.54061,0.29466,1,0.25664,0.37010,21.00654,0.96701,1,0.55955,0.41444,20.04346,0.96701,1,-0.06081,0.02452,0.64984,0.00364,1,0.01466,0.01553,0.64323,0.00360,1,0,0.00000,31
0.54119,0.26008,5268.73584,0.74365,11801,1,0.67155,0.27111,1,0.40948,0.31245,1,0.54052,0.29178,1,0.25678,0.36985,20.39109,0.96701,1,0.55937,0.41422,19.76599,0.97420,1,-0.06206,0.02510,0.66538,0.00370,1,0.01503,0.01572,0.65307,0.00358,1,0,0.00000,31
0.54063,0.25994,5268.73584,0.75000,11801,1,0.63446,0.25969,1,0.41575,0.23626,1,0.52510,0.24798,1,0.25711,0.37005,20.89425,0.97420,1,0.56005,0.41469,20.45751,0.98139,1,-0.06206,0.02510,0.66538,0.00375,1,0.01503,0.01572,0.65307,0.00357,1,0,0.00000,31
0.54015,0.26019,5268.73584,0.75732,11801,1,0.65673,0.30586,1,0.41005,0.23549,1,0.53339,0.27068,1,0.25730,0.37002,20.79761,0.98139,1,0.56034,0.41472,20.50797,0.98858,1,-0.06206,0.02510,0.66538,0.00369,1,0.01503,0.01572,0.65307,0.00354,1,0,0.00000,31
0.53967,0.26024,5268.73584,0.76367,11801,1,0.65656,0.30025,1,0.40987,0.22924,1,0.53321,0.26474,1,0.25744,0.36970,20.28875,0.98858,1,0.56025,0.41464,20.10786,0.99576,1,-0.05856,0.02376,0.62985,0.00369,1,0.01544,0.01589,0.66224,0.00351,1,0,0.00000,31
0.53906,0.26005,5268.73584,0.77051,11801,1,0.63493,0.29952,1,0.40486,0.25277,1,0.51990,0.27615,1,0.25783,0.36992,20.76722,0.99576,1,0.56059,0.41495,20.56262,0.99576,1,-0.05856,0.02376,0.62985,0.00371,1,0.01544,0.01589,0.66224,0.00355,1,0,0.00000,31
0.53904,0.25974,5268.73584,0.77734,11801,1,0.64890,0.30067,1,0.42505,0.24399,1,0.53697,0.27233,1,0.25812,0.36997,20.63999,0.99576,1,0.56086,0.41488,20.50423,0.99576,1,-0.05856,0.02376,0.62985,0.00371,1,0.01544,0.01589,0.66224,0.00357,1,0,0.00000,31
0.53903,0.25938,5268.73584,0.78369,11801,1,0.64890,0.30067,1,0.42513,0.25012,1,0.53701,0.27539,1,0.25807,0.36997,20.91217,0.99576,1,0.56095,0.41471,20.10308,0.98858,1,-0.05916,0.02404,0.63737,0.00367,1,0.01507,0.01541,0.64419,0.00347,1,0,0.00000,31
0.53927,0.25894,5268.73584,0.79053,11801,1,0.67674,0.28735,1,0.42268,0.26583,1,0.54971,0.27659,1,0.25839,0.36979,20.62064,0.98858,1,0.56126,0.41495,20.43315,0.98139,1,-0.05916,0.02404,0.63737,0.00375,1,0.01507,0.01541,0.64419,0.00356,1,0,0.00000,31
0.53910,0.25957,5268.73584,0.79688,11801,1,0.64249,0.34343,1,0.40344,0.28210,1,0.52296,0.31276,1,0.25860,0.36976,20.72719,0.98139,1,0.56129,0.41500,20.45884,0.97420,1,-0.05916,0.02404,0.63737,0.00373,1,0.01507,0.01541,0.64419,0.00356,1,0,0.00000,31
0.53895,0.26047,5268.73584,0.80371,11801,1,0.64249,0.34355,1,0.40344,0.28223,1,0.52297,0.31289,1,0.25861,0.36980,20.80506,0.98122,1,0.56122,0.41472,20.07469,0.97403,1,-0.06114,0.02496,0.66023,0.00370,1,0.01528,0.01543,0.64501,0.00357,1,0,0.00000,31
0.53924,0.26200,5268.73584,0.81006,11801,1,0.67601,0.34752,1,0.43640,0.28659,1,0.55621,0.31706,1,0.25902,0.36981,20.96952,0.98106,1,0.56179,0.41499,20.50298,0.98106,1,-0.06114,0.02496,0.66023,0.00370,1,0.01528,0.01543,0.64501,0.00351,1,0,0.00000,31
0.53899,0.26308,5268.73584,0.81689,11801,1,0.64678,0.32632,1,0.42069,0.21384,1,0.53374,0.27008,1,0.25921,0.36969,20.53203,0.98809,1,0.56191,0.41503,20.51293,0.98809,1,-0.06114,0.02496,0.66023,0.00375,1,0.01528,0.01543,0.64501,0.00355,1,0,0.00000,31
0.53874,0.26429,5268.73584,0.82422,11801,1,0.64678,0.32632,1,0.42058,0.20743,1,0.53368,0.26687,1,0.25920,0.36972,20.80845,0.98809,1,0.56194,0.41500,20.67225,0.99527,1,-0.05904,0.02425,0.63911,0.00372,1,0.01588,0.01588,0.66381,0.00356,1,0,0.00000,31
0.53834,0.26546,5268.73584,0.83008,11801,1,0.64365,0.30459,1,0.40704,0.24833,1,0.52535,0.27646,1,0.25950,0.36956,20.76827,0.98825,1,0.56211,0.41509,20.62806,0.99544,1,-0.05904,0.02425,0.63911,0.00373,1,0.01588,0.01588,0.66381,0.00357,1,0,0.00000,31
0.53835,0.26654,5268.73584,0.83740,11801,1,0.65565,0.29346,1,0.41525,0.26514,1,0.53545,0.27930,1,0.25975,0.36955,20.80202,0.98841,1,0.56245,0.41498,20.37487,0.99560,1,-0.05904,0.02425,0.63911,0.00373,1,0.01588,0.01588,0.66381,0.00357,1,0,0.00000,31
0.53836,0.26746,5268.73584,0.84375,11801,1,0.65580,0.29828,1,0.41551,0.27623,1,0.53566,0.28726,1,0.25973,0.36962,21.00834,0.98229,1,0.56254,0.41497,20.45573,0.98229,1,-0.05769,0.02376,0.62610,0.00369,1,0.01609,0.01610,0.67065,0.00351,1,0,0.00000,31
0.53816,0.26812,5268.73584,0.85205,11801,1,0.65732,0.28723,1,0.41477,0.27751,1,0.53604,0.28237,1,0.25999,0.36942,20.92829,0.97600,1,0.56267,0.41498,20.56310,0.96881,1,-0.05769,0.02376,0.62610,0.00370,1,0.01609,0.01610,0.67065,0.00359,1,0,0.00000,31
0.53835,0.26900,5268.73584,0.85742,11801,1,0.65942,0.30382,1,0.42137,0.28084,1,0.54040,0.29233,1,0.26008,0.36931,20.90179,0.96253,1,0.56274,0.41494,20.48574,0.95534,1,-0.05769,0.02376,0.62610,0.00372,1,0.01609,0.01610,0.67065,0.00356,1,0,0.00000,31
0.53853,0.26982,5268.73584,0.86328,11801,1,0.65958,0.30957,1,0.42137,0.28084,1,0.54047,0.29520,1,0.26009,0.36927,20.81937,0.95534,1,0.56282,0.41483,20.32981,0.95534,1,-0.05741,0.02371,0.62358,0.00370,1,0.01608,0.01593,0.66376,0.00353,1,0,0.00000,31
0.53879,0.26931,5268.73584,0.87012,11801,1,0.64865,0.28247,1,0.44023,0.24849,1,0.54444,0.26548,1,0.26029,0.36905,20.77964,0.96162,1,0.56292,0.41483,20.57889,0.96881,1,-0.05741,0.02371,0.62358,0.00376,1,0.01608,0.01593,0.66376,0.00359,1,0,0.00000,31
0.53883,0.26894,5268.73584,0.87695,11801,1,0.65550,0.31353,1,0.41199,0.22930,1,0.53375,0.27141,1,0.26044,0.36904,20.81442,0.97510,1,0.56310,0.41446,19.72607,0.98229,1,-0.05741,0.02371,0.62358,0.00369,1,0.01608,0.01593,0.66376,0.00363,1,0,0.00000,31
0.53887,0.26859,5268.73584,0.88379,11801,1,0.65516,0.30305,1,0.41185,0.22376,1,0.53350,0.26340,1,0.26051,0.36898,20.90032,0.98858,1,0.56306,0.41446,19.72424,0.98858,1,-0.05964,0.02467,0.64883,0.00372,1,0.01567,0.01558,0.64516,0.00360,1,0,0.00000,31
0.53869,0.26880,5268.73584,0.89062,11801,1,0.66924,0.27333,1,0.38795,0.28477,1,0.52860,0.27905,1,0.26067,0.36890,20.89420,0.98858,1,0.56331,0.41446,20.14801,0.98139,1,-0.05964,0.02467,0.64883,0.00373,1,0.01567,0.01558,0.64516,0.00360,1,0,0.00000,31
0.53848,0.26917,5268.73584,0.89844,11801,1,0.66979,0.27699,1,0.39906,0.28259,1,0.53443,0.27979,1,0.26073,0.36890,20.83757,0.98139,1,0.56332,0.41445,20.04698,0.97420,1,-0.05964,0.02467,0.64883,0.00373,1,0.01567,0.01558,0.64516,0.00360,1,0,0.00000,31
0.53828,0.26974,5268.73584,0.90381,11801,1,0.66988,0.28283,1,0.39906,0.28259,1,0.53447,0.28271,1,0.26077,0.36882,20.55119,0.97420,1,0.56345,0.41440,20.09100,0.97420,1,-0.05896,0.02448,0.64243,0.00374,1,0.01621,0.01607,0.66533,0.00359,1,0,0.00000,31
0.53800,0.27128,5268.73584,0.91113,11801,1,0.68728,0.26717,1,0.39773,0.30131,1,0.54250,0.28424,1,0.26080,0.36880,20.56512,0.97420,1,0.56339,0.41464,20.37419,0.98139,1,-0.05896,0.02448,0.64243,0.00369,1,0.01621,0.01607,0.66533,0.00355,1,0,0.00000,31
0.53759,0.27396,5268.73584,0.91846,11801,1,0.65767,0.37106,1,0.41711,0.32955,1,0.53739,0.35031,1,0.26041,0.37024,21.45728,0.98139,1,0.56269,0.41554,20.90407,0.98858,1,-0.05896,0.02448,0.64243,0.00367,1,0.01621,0.01607,0.66533,0.00359,1,0,0.00000,31
0.53717,0.27639,5268.73584,0.92480,11801,1,0.65750,0.36592,1,0.41711,0.32955,1,0.53730,0.34774,1,0.26021,0.36993,19.78873,0.98858,1,0.56252,0.41577,20.76427,0.98858,1,-0.05834,0.02398,0.63569,0.00367,1,0.01514,0.01505,0.63101,0.00354,1,0,0.00000,31
0.52883,0.31669,5268.73584,0.92480,11801,0,0.57075,0.59278,1,0.30672,0.58438,1,0.43874,0.58858,1,0.25933,0.37362,22.13154,0.98858,1,0.56076,0.41887,21.21501,0.98139,1,-0.05834,0.02398,0.63569,0.00366,1,0.01514,0.01505,0.63101,0.00357,1,0,0.00000,31
0.47082,0.51327,5268.73584,0.92480,11801,0,0.53531,0.70857,1,0.29029,0.71112,1,0.41280,0.70985,1,0.25887,0.37508,21.80237,0.98139,1,0.55954,0.41999,20.17882,0.97420,1,-0.05834,0.02398,0.63569,0.00362,1,0.01514,0.01505,0.63101,0.00359,1,0,0.00000,31
0.45183,0.57970,5268.73584,0.92480,11801,0,0.53636,0.71118,1,0.29135,0.71398,1,0.41385,0.71258,1,0.25876,0.37576,21.92415,0.97420,1,0.55946,0.42075,21.16483,0.96701,1,-0.05741,0.02310,0.62358,0.00364,1,0.01512,0.01503,0.64651,0.00355,1,0,0.00000,31
0.40398,0.75270,5268.73584,0.92480,11801,0,0.52966,0.84687,1,0.24091,0.82450,1,0.38528,0.83568,1,0.25807,0.37745,21.70736,0.96701,1,0.55834,0.42237,21.34079,0.96701,1,-0.05741,0.02310,0.62358,0.00367,1,0.01512,0.01503,0.64651,0.00362,1,0,0.00000,31
0.38927,0.80046,5268.73584,0.92480,11801,0,0.50606,0.80014,1,0.24307,0.89629,1,0.37457,0.84822,1,0.25776,0.37804,21.86186,0.96701,1,0.55801,0.42280,21.48254,0.96701,1,-0.05741,0.02310,0.62358,0.00362,1,0.01512,0.01503,0.64651,0.00355,1,0,0.00000,31
0.38413,0.81613,5268.73584,0.92480,11801,0,0.50606,0.80014,1,0.24165,0.89480,1,0.37386,0.84747,1,0.25761,0.37838,22.07763,0.96701,1,0.55776,0.42298,21.51234,0.97420,1,-0.05904,0.02349,0.63911,0.00361,1,0.01503,0.01504,0.65307,0.00358,1,0,0.00000,31
0.36291,0.84401,5268.73584,0.92480,11801,0,0.45574,0.80864,1,0.22485,0.86406,1,0.34030,0.83635,1,0.25717,0.37845,21.92390,0.97420,1,0.55762,0.42301,21.46960,0.98139,1,-0.05904,0.02349,0.63911,0.00359,1,0.01503,0.01504,0.65307,0.00360,1,0,0.00000,31
0.35110,0.83410,5268.73584,0.92480,11801,0,0.45056,0.78289,1,0.22805,0.86548,1,0.33930,0.82418,1,0.25706,0.37837,21.84206,0.98139,1,0.55774,0.42286,21.32770,0.98858,1,-0.05904,0.02349,0.63911,0.00360,1,0.01503,0.01504,0.65307,0.00360,1,0,0.00000,31
0.34664,0.83017,5268.73584,0.92480,11801,0,0.44889,0.78083,1,0.22655,0.86379,1,0.33772,0.82231,1,0.25702,0.37834,21.89009,0.98858,1,0.55771,0.42284,21.29238,0.99576,1,-0.05904,0.02349,0.63911,0.00360,1,0.01513,0.01509,0.65750,0.00363,1,0,0.00000,31
0.35085,0.83106,5269.70752,0.02002,11802,1,0.49746,0.80521,1,0.22949,0.86229,1,0.36347,0.83375,1,0.25686,0.37840,21.88464,0.99576,1,0.55773,0.42286,21.19850,0.99576,1,-0.05904,0.02349,0.63911,0.00361,1,0.01513,0.01509,0.65750,0.00361,1,0,0.00000,31
0.35303,0.82675,5269.70752,0.02637,11802,1,0.49385,0.81262,1,0.22966,0.80638,1,0.36176,0.80950,1,0.25677,0.37847,21.85015,0.99576,1,0.55774,0.42291,21.43819,0.99576,1,-0.05904,0.02349,0.63911,0.00360,1,0.01513,0.01509,0.65750,0.00360,1,0,0.00000,31
0.35481,0.82434,5269.70752,0.03271,11802,1,0.49502,0.81422,1,0.23241,0.81034,1,0.36371,0.81228,1,0.25675,0.37845,21.85492,0.98948,1,0.55772,0.42290,21.27849,0.98229,1,-0.05745,0.02284,0.62143,0.00359,1,0.01480,0.01470,0.64070,0.00361,1,0,0.00000,31
0.35669,0.82491,5269.70752,0.03955,11802,1,0.48862,0.81424,1,0.24722,0.84245,1,0.36792,0.82835,1,0.25671,0.37850,21.66372,0.97600,1,0.55782,0.42292,21.35541,0.96881,1,-0.05745,0.02284,0.62143,0.00367,1,0.01480,0.01470,0.64070,0.00362,1,0,0.00000,31
0.35691,0.82616,5269.70752,0.04688,11802,1,0.47771,0.82823,1,0.23927,0.84155,1,0.35849,0.83489,1,0.25660,0.37843,21.79014,0.96253,1,0.55782,0.42292,21.23833,0.95534,1,-0.05745,0.02284,0.62143,0.00358,1,0.01480,0.01470,0.64070,0.00363,1,0,0.00000,31
0.35725,0.82734,5269.70752,0.05322,11802,1,0.47921,0.83002,1,0.24073,0.84348,1,0.35997,0.83675,1,0.25657,0.37843,21.81843,0.95534,1,0.55779,0.42302,21.35089,0.94815,1,-0.05896,0.02338,0.63620,0.00359,1,0.01480,0.01470,0.64070,0.00359,1,0,0.00000,31
0.35672,0.82747,5269.70752,0.06006,11802,1,0.46894,0.81168,1,0.23485,0.84570,1,0.35190,0.82869,1,0.25643,0.37845,21.87705,0.95443,1,0.55773,0.42307,21.46582,0.95443,1,-0.05896,0.02338,0.63620,0.00359,1,0.01480,0.01470,0.64070,0.00358,1,0,0.00000,31
0.35595,0.82763,5269.70752,0.06689,11802,1,0.46062,0.81330,1,0.23600,0.84512,1,0.34831,0.82921,1,0.25631,0.37852,21.65646,0.96072,1,0.55771,0.42304,21.32934,0.96072,1,-0.05896,0.02338,0.63620,0.00359,1,0.01480,0.01470,0.64070,0.00359,1,0,0.00000,31
0.35514,0.82754,5269.70752,0.07324,11802,1,0.45919,0.81165,1,0.23324,0.84158,1,0.34621,0.82661,1,0.25625,0.37858,21.68584,0.96701,1,0.55763,0.42301,21.45795,0.97420,1,-0.05896,0.02338,0.63620,0.00355,1,0.01513,0.01509,0.65750,0.00360,1,0,0.00000,31
0.35263,0.82890,5269.70752,0.08008,11802,1,0.42677,0.83671,1,0.21831,0.85370,1,0.32254,0.84521,1,0.25503,0.37872,21.26654,0.97420,1,0.55627,0.42306,20.45401,0.98139,1,-0.05896,0.02338,0.63620,0.00364,1,0.01513,0.01509,0.65750,0.00366,1,0,0.00000,31
0.34464,0.83181,5269.70752,0.08643,11802,1,0.35752,0.84612,1,0.12392,0.89313,1,0.24072,0.86962,1,0.25374,0.37897,21.57502,0.98139,1,0.55470,0.42332,20.70810,0.98858,1,-0.05896,0.02338,0.63620,0.00365,1,0.01513,0.01509,0.65750,0.00357,1,0,0.00000,31
0.33756,0.83423,5269.70752,0.09326,11802,1,0.35517,0.84451,1,0.12168,0.89163,1,0.23842,0.86807,1,0.25309,0.37905,21.51344,0.98858,1,0.55386,0.42341,20.42812,0.99576,1,-0.06206,0.02435,0.66538,0.00363,1,0.01444,0.01498,0.65279,0.00356,1,0,0.00000,31
0.32494,0.83385,5269.70752,0.10010,11802,1,0.25109,0.76145,1,0.02018,0.89500,1,0.13564,0.82823,1,0.25170,0.37947,22.01521,0.99576,1,0.55207,0.42384,20.26272,0.99576,1,-0.06206,0.02435,0.66538,0.00367,1,0.01444,0.01498,0.65279,0.00348,1,0,0.00000,31
0.31502,0.83483,5269.70752,0.10645,11802,1,0.27116,0.79129,1,0.04156,0.90976,1,0.15636,0.85053,1,0.25141,0.37955,21.76644,0.99576,1,0.55206,0.42393,20.59447,0.99576,1,-0.06206,0.02435,0.66538,0.00369,1,0.01444,0.01498,0.65279,0.00348,1,0,0.00000,31
0.30635,0.83579,5269.70752,0.11523,11802,1,0.27372,0.79298,1,0.04403,0.91097,1,0.15887,0.85197,1,0.25118,0.37963,21.41581,0.98948,1,0.55175,0.42397,19.81574,0.98948,1,-0.05853,0.02278,0.62506,0.00371,1,0.01427,0.01506,0.65835,0.00355,1,0,0.00000,31
0.26464,0.84250,5269.70752,0.11523,11802,0,0.27849,0.79096,1,0.03792,0.88939,1,0.15821,0.84017,1,0.25086,0.37973,21.43316,0.98319,1,0.55190,0.42394,20.20610,0.98319,1,-0.05853,0.02278,0.62506,0.00372,1,0.01427,0.01506,0.65835,0.00354,1,0,0.00000,31
0.22501,0.84710,5269.70752,0.11523,11802,0,0.29758,0.80378,1,0.07318,0.89964,1,0.18538,0.85171,1,0.25077,0.37979,21.66901,0.97691,1,0.55165,0.42378,20.11439,0.97691,1,-0.05853,0.02278,0.62506,0.00375,1,0.01427,0.01506,0.65835,0.00354,1,0,0.00000,31
0.21224,0.84888,5269.70752,0.11523,11802,0,0.29758,0.80378,1,0.07581,0.90112,1,0.18670,0.85245,1,0.25068,0.37976,21.66668,0.97691,1,0.55159,0.42377,20.16997,0.96972,1,-0.05997,0.02328,0.63879,0.00373,1,0.01391,0.01478,0.64407,0.00355,1,0,0.00000,30
0.20260,0.85115,5269.83057,0.01709,11803,1,0.27652,0.80211,1,0.07083,0.91381,1,0.17368,0.85796,1,0.25004,0.37982,21.08517,0.97600,1,0.55131,0.42393,20.48872,0.96881,1,-0.05997,0.02328,0.63879,0.00375,1,0.01391,0.01478,0.64407,0.00349,1,0,0.00000,30
0.19645,0.85173,5269.83057,0.02393,11803,1,0.29498,0.80699,1,0.04877,0.90113,1,0.17188,0.85406,1,0.25001,0.37988,21.65642,0.97510,1,0.55126,0.42395,20.60163,0.96791,1,-0.05997,0.02328,0.63879,0.00368,1,0.01391,0.01478,0.64407,0.00348,1,0,0.00000,30
0.19242,0.85216,5269.83057,0.03076,11803,1,0.29534,0.80722,1,0.04913,0.90132,1,0.17223,0.85427,1,0.24991,0.37992,21.69330,0.97420,1,0.55103,0.42376,20.50705,0.96701,1,-0.05768,0.02232,0.61246,0.00368,1,0.01385,0.01488,0.65030,0.00348,1,0,0.00000,30
0.18888,0.85476,5269.83057,0.03809,11803,1,0.28592,0.82385,1,0.04949,0.91687,1,0.16770,0.87036,1,0.24933,0.37994,21.34538,0.96701,1,0.55063,0.42393,19.97137,0.96701,1,-0.05768,0.02232,0.61246,0.00368,1,0.01385,0.01488,0.65030,0.00349,1,0,0.00000,30
0.18512,0.85790,5269.83057,0.04395,11803,1,0.27153,0.83997,1,0.04606,0.91976,1,0.15879,0.87986,1,0.24910,0.38000,21.44810,0.96701,1,0.55053,0.42393,20.54370,0.96701,1,-0.05768,0.02232,0.61246,0.00373,1,0.01385,0.01488,0.65030,0.00349,1,0,0.00000,30
0.18204,0.86026,5269.83057,0.05029,11803,1,0.27153,0.83997,1,0.04319,0.91841,1,0.15736,0.87919,1,0.24906,0.38003,21.64257,0.96701,1,0.55042,0.42391,20.22214,0.97420,1,-0.06114,0.02354,0.64719,0.00372,1,0.01395,0.01509,0.66202,0.00351,1,0,0.00000,30
0.18130,0.85970,5269.83057,0.05713,11803,1,0.28603,0.80027,1,0.06336,0.90899,1,0.17469,0.85463,1,0.24860,0.38022,21.57341,0.97420,1,0.55008,0.42395,20.61485,0.98139,1,-0.06114,0.02354,0.64719,0.00371,1,0.01395,0.01509,0.66202,0.00350,1,0,0.00000,30
0.17851,0.85951,5269.83057,0.06348,11803,1,0.25857,0.79604,1,0.04252,0.91926,1,0.15054,0.85765,1,0.24836,0.38022,21.31187,0.98139,1,0.54986,0.42390,19.97467,0.98858,1,-0.06114,0.02354,0.64719,0.00369,1,0.01395,0.01509,0.66202,0.00350,1,0,0.00000,30
0.17593,0.85922,5269.83057,0.07080,11803,1,0.25550,0.79411,1,0.03969,0.91794,1,0.14760,0.85603,1,0.24822,0.38025,21.38890,0.98858,1,0.54974,0.42390,20.31194,0.99576,1,-0.06112,0.02346,0.64489,0.00367,1,0.01368,0.01496,0.65385,0.00347,1,0,0.00000,30
0.17502,0.85774,5269.83057,0.07764,11803,1,0.28152,0.79347,1,0.04667,0.88638,1,0.16410,0.83993,1,0.24784,0.38030,21.44768,0.99576,1,0.54961,0.42391,20.49341,0.99576,1,-0.06112,0.02346,0.64489,0.00373,1,0.01368,0.01496,0.65385,0.00352,1,0,0.00000,30
0.17354,0.85582,5269.83057,0.08447,11803,1,0.25198,0.79234,1,0.05656,0.86938,1,0.15427,0.83086,1,0.24758,0.38027,21.32403,0.99576,1,0.54938,0.42363,20.22240,0.99576,1,-0.06112,0.02346,0.64489,0.00369,1,0.01368,0.01496,0.65385,0.00351,1,0,0.00000,30
0.17234,0.85421,5269.83057,0.09082,11803,1,0.25198,0.79234,1,0.05926,0.87106,1,0.15562,0.83170,1,0.24747,0.38027,21.27644,0.99576,1,0.54920,0.42374,20.11799,0.98858,1,-0.05669,0.02169,0.59633,0.00367,1,0.01318,0.01462,0.63711,0.00354,1,0,0.00000,30
0.17261,0.85279,5269.83057,0.09717,11803,1,0.28887,0.80688,1,0.06440,0.85614,1,0.17664,0.83151,1,0.24708,0.38023,21.42734,0.98858,1,0.54897,0.42369,20.56417,0.98139,1,-0.05669,0.02169,0.59633,0.00371,1,0.01318,0.01462,0.63711,0.00353,1,0,0.00000,30
0.17187,0.85342,5269.83057,0.10400,11803,1,0.26694,0.79046,1,0.05305,0.93646,1,0.16000,0.86346,1,0.24689,0.38021,21.34614,0.98139,1,0.54888,0.42365,20.83848,0.97420,1,-0.05669,0.02169,0.59633,0.00369,1,0.01318,0.01462,0.63711,0.00349,1,0,0.00000,30
0.17137,0.85406,5269.83057,0.11133,11803,1,0.26994,0.79242,1,0.05585,0.93766,1,0.16289,0.86504,1,0.24684,0.38019,21.55387,0.97420,1,0.54861,0.42357,20.19490,0.96701,1,-0.06076,0.02313,0.63707,0.00368,1,0.01309,0.01473,0.64204,0.00351,1,0,0.00000,30
0.17144,0.85594,5269.83057,0.12061,11803,1,0.29392,0.80982,1,0.05130,0.96964,1,0.17261,0.88973,1,0.24632,0.38020,21.37661,0.96701,1,0.54834,0.42344,20.53473,0.96701,1,-0.06076,0.02313,0.63707,0.00369,1,0.01309,0.01473,0.64204,0.00348,1,0,0.00000,30
0.17059,0.85693,5269.83057,0.12646,11803,1,0.27588,0.79454,1,0.03308,0.95709,1,0.15448,0.87581,1,0.24615,0.38017,21.39788,0.96701,1,0.54817,0.42338,20.50708,0.96701,1,-0.06076,0.02313,0.63707,0.00371,1,0.01309,0.01473,0.64204,0.00348,1,0,0.00000,30
0.16975,0.85781,5269.83057,0.13232,11803,1,0.27588,0.79454,1,0.03011,0.95603,1,0.15300,0.87528,1,0.24614,0.38027,21.61732,0.96701,1,0.54791,0.42332,20.13359,0.97420,1,-0.06307,0.02388,0.65918,0.00368,1,0.01337,0.01522,0.66299,0.00349,1,0,0.00000,30
0.16895,0.85918,5269.83057,0.14111,11803,1,0.27818,0.79123,1,0.02590,0.98462,1,0.15204,0.88793,1,0.24539,0.38064,21.35811,0.97420,1,0.54739,0.42348,20.39131,0.98139,1,-0.06307,0.02388,0.65918,0.00369,1,0.01337,0.01522,0.66299,0.00344,1,0,0.00000,30
0.16672,0.86014,5269.83057,0.14893,11803,1,0.23599,0.80849,1,-0.00053,0.95400,1,0.11773,0.88124,1,0.24516,0.38087,21.57526,0.98139,1,0.54697,0.42371,20.45580,0.98858,1,-0.06307,0.02388,0.65918,0.00367,1,0.01337,0.01522,0.66299,0.00336,1,0,0.00000,30
0.16461,0.86098,5269.83057,0.15625,11803,1,0.23276,0.80665,1,-0.00053,0.95400,1,0.11612,0.88032,1,0.24493,0.38105,21.58895,0.98858,1,0.54670,0.42376,20.24383,0.98858,1,-0.06211,0.02340,0.64719,0.00370,1,0.01257,0.01457,0.63488,0.00340,1,0,0.00000,30
0.16307,0.86264,5269.83057,0.16016,11803,1,0.22741,0.80175,1,0.02495,1.00340,1,0.12618,0.90257,1,0.24451,0.38088,21.53073,0.98858,1,0.54655,0.42373,20.16262,0.98139,1,-0.06211,0.02340,0.64719,0.00368,1,0.01257,0.01457,0.63488,0.00345,1,0,0.00000,30
0.16210,0.86421,5269.83057,0.16455,11803,1,0.25479,0.80645,1,0.02068,1.00029,1,0.13774,0.90337,1,0.24446,0.38092,21.65848,0.98139,1,0.54652,0.42368,20.42306,0.97420,1,-0.06211,0.02340,0.64719,0.00368,1,0.01257,0.01457,0.63488,0.00345,1,0,0.00000,30
0.16135,0.86573,5269.83057,0.17139,11803,1,0.26059,0.80993,1,0.02335,1.00092,1,0.14197,0.90543,1,0.24444,0.38101,21.68935,0.96791,1,0.54647,0.42373,20.40477,0.96791,1,-0.05995,0.02253,0.62319,0.00369,1,0.01303,0.01516,0.66066,0.00346,1,0,0.00000,30
0.16053,0.86637,5269.83057,0.17822,11803,1,0.23975,0.81856,1,0.03684,0.94840,1,0.13829,0.88348,1,0.24414,0.38116,21.65624,0.96162,1,0.54624,0.42378,20.51992,0.96881,1,-0.05995,0.02253,0.62319,0.00367,1,0.01303,0.01516,0.66066,0.00342,1,0,0.00000,30
0.14270,0.88597,5269.83057,0.17822,11803,0,0.24757,0.83321,1,0.03114,0.92967,1,0.13936,0.88144,1,0.24408,0.38113,21.86660,0.96253,1,0.54604,0.42376,19.79739,0.96972,1,-0.05995,0.02253,0.62319,0.00366,1,0.01303,0.01516,0.66066,0.00348,1,0,0.00000,30
0.13948,0.88296,5269.83057,0.17822,11803,0,0.24435,0.83150,1,0.02818,0.92840,1,0.13626,0.87995,1,0.24387,0.38100,21.29186,0.96972,1,0.54607,0.42374,19.87976,0.97691,1,-0.06224,0.02337,0.64651,0.00365,1,0.01291,0.01514,0.65969,0.00347,1,0,0.00000,30
0.13520,0.87926,5269.83057,0.17822,11803,0,0.23586,0.82722,1,0.01743,0.91647,1,0.12664,0.87185,1,0.24372,0.38109,21.24098,0.98319,1,0.54596,0.42380,20.25439,0.98319,1,-0.06224,0.02337,0.64651,0.00369,1,0.01291,0.01514,0.65969,0.00343,1,0,0.00000,30
0.13538,0.88103,5270.01562,0.02002,11804,1,0.26482,0.83673,1,0.00704,0.93598,1,0.13593,0.88635,1,0.24370,0.38103,21.28626,0.98948,1,0.54594,0.42371,20.36884,0.98948,1,-0.06224,0.02337,0.64651,0.00370,1,0.01291,0.01514,0.65969,0.00339,1,0,0.00000,30
0.13580,0.88221,5270.01562,0.02686,11804,1,0.26482,0.83673,1,0.01012,0.93717,1,0.13747,0.88695,1,0.24361,0.38103,21.44376,0.98948,1,0.54595,0.42372,20.29847,0.98229,1,-0.05985,0.02246,0.62117,0.00372,1,0.01251,0.01473,0.64168,0.00339,1,0,0.00000,30
0.13786,0.88093,5270.01562,0.03320,11804,1,0.24842,0.82860,1,0.04789,0.92039,1,0.14816,0.87450,1,0.24358,0.38106,21.56666,0.97600,1,0.54596,0.42354,20.40886,0.96881,1,-0.05985,0.02246,0.62117,0.00370,1,0.01251,0.01473,0.64168,0.00345,1,0,0.00000,30
0.14039,0.88390,5270.01562,0.04004,11804,1,0.26177,0.82811,1,0.04944,0.97537,1,0.15560,0.90174,1,0.24360,0.38102,21.58418,0.96253,1,0.54590,0.42359,20.44245,0.95534,1,-0.05985,0.02246,0.62117,0.00372,1,0.01251,0.01473,0.64168,0.00341,1,0,0.00000,30
0.14300,0.88644,5270.01562,0.04688,11804,1,0.26759,0.83140,1,0.05485,0.97710,1,0.16122,0.90425,1,0.24363,0.38102,21.73295,0.94905,1,0.54586,0.42349,20.21132,0.94186,1,-0.05985,0.02246,0.62117,0.00371,1,0.01251,0.01473,0.64168,0.00343,1,0,0.00000,30
0.14516,0.88699,5270.01562,0.05371,11804,1,0.26831,0.81894,1,0.05655,0.96383,1,0.16243,0.89139,1,0.24365,0.38099,21.71598,0.94186,1,0.54581,0.42341,19.99705,0.94186,1,-0.05985,0.02246,0.62117,0.00369,1,0.01251,0.01473,0.64168,0.00353,1,0,0.00000,30
0.14769,0.88592,5270.01562,0.06006,11804,1,0.27399,0.80467,1,0.06697,0.94785,1,0.17048,0.87626,1,0.24368,0.38091,21.80723,0.94186,1,0.54605,0.42333,20.27727,0.94186,1,-0.05985,0.02246,0.62117,0.00366,1,0.01251,0.01473,0.64168,0.00345,1,0,0.00000,30
0.14976,0.88504,5270.01562,0.06641,11804,1,0.27399,0.80467,1,0.06697,0.94785,1,0.17048,0.87626,1,0.24367,0.38088,21.72222,0.94186,1,0.54596,0.42318,19.87304,0.94186,1,-0.05985,0.02246,0.62117,0.00367,1,0.01206,0.01419,0.61413,0.00343,1,0,0.00000,30
0.14998,0.88252,5270.01562,0.07275,11804,1,0.26111,0.78674,1,0.04363,0.92285,1,0.15237,0.85479,1,0.24371,0.38072,21.41749,0.94186,1,0.54600,0.42302,20.08221,0.94186,1,-0.05985,0.02246,0.62117,0.00376,1,0.01206,0.01419,0.61413,0.00347,1,0,0.00000,30
0.15048,0.87855,5270.01562,0.07959,11804,1,0.26359,0.76790,1,0.04947,0.89396,1,0.15653,0.83093,1,0.24409,0.38051,20.97717,0.94186,1,0.54603,0.42289,20.02275,0.94186,1,-0.05985,0.02246,0.62117,0.00374,1,0.01206,0.01419,0.61413,0.00348,1,0,0.00000,30
0.15081,0.87509,5270.01562,0.08740,11804,1,0.26359,0.76790,1,0.04655,0.89238,1,0.15507,0.83014,1,0.24430,0.38034,21.54097,0.94186,1,0.54606,0.42276,19.90166,0.94905,1,-0.05930,0.02251,0.61746,0.00371,1,0.01291,0.01534,0.65969,0.00346,1,0,0.00000,30
0.15554,0.88979,5270.01562,0.09326,11804,1,0.38508,1.10659,1,0.05835,1.08435,1,0.22171,1.09547,1,0.24547,0.38153,17.77388,0.94905,1,0.54590,0.42251,20.04859,0.95624,1,-0.05930,0.02251,0.61746,0.00320,1,0.01291,0.01534,0.65969,0.00330,1,0,0.00000,30
0.15554,0.88979,5270.01562,0.10010,11804,1,0.38508,1.10659,0,0.05835,1.08435,0,0.22171,1.09547,0,0.24547,0.38153,17.77388,0.95624,0,0.54590,0.42251,20.04859,0.96343,0,-0.05930,0.02251,0.61746,0.00320,1,0.01291,0.01534,0.65969,0.00330,1,0,0.00000,30
0.15554,0.88979,5270.01562,0.10693,11804,1,0.38508,1.10659,0,0.05835,1.08435,0,0.22171,1.09547,0,0.24547,0.38153,17.77388,0.96343,0,0.54590,0.42251,20.04859,0.97062,0,-0.05930,0.02251,0.61746,0.00320,1,0.01291,0.01534,0.65969,0.00330,1,0,0.00000,30
0.15554,0.88979,5270.01562,0.11963,11804,1,0.38508,1.10659,0,0.05835,1.08435,0,0.22171,1.09547,0,0.24547,0.38153,17.77388,0.97062,0,0.54590,0.42251,20.04859,0.97062,0,-0.05930,0.02251,0.61746,0.00320,1,0.01291,0.01534,0.65969,0.00330,1,0,0.00000,30
0.16062,0.89242,5270.01562,0.11963,11804,0,0.38508,1.10659,0,0.05835,1.08435,0,0.22171,1.09547,0,0.24547,0.38153,17.77388,0.97062,0,0.54590,0.42251,20.04859,0.97062,0,-0.05930,0.02251,0.61746,0.00320,1,0.01291,0.01534,0.65969,0.00330,1,0,0.00000,30
0.16062,0.89242,5270.01562,0.11963,11804,0,0.38508,1.10659,0,0.05835,1.08435,0,0.22171,1.09547,0,0.24547,0.38153,17.77388,0.97062,0,0.54590,0.42251,20.04859,0.97062,0,-0.05930,0.02251,0.61746,0.00320,1,0.01291,0.01534,0.65969,0.00330,1,0,0.00000,30
0.16062,0.89242,5270.01562,0.11963,11804,0,0.38508,1.10659,0,0.05835,1.08435,0,0.22171,1.09547,0,0.24547,0.38153,17.77388,0.97062,0,0.54590,0.42251,20.04859,0.97062,0,-0.05930,0.02251,0.61746,0.00320,1,0.01291,0.01534,0.65969,0.00330,1,0,0.00000,30
0.00000,0.00000,5270.01562,0.11963,11804,0,0.38508,1.10659,0,0.05835,1.08435,0,0.22171,1.09547,0,0.24547,0.38153,17.77388,0.97062,0,0.54590,0.42251,20.04859,0.97062,0,-0.05930,0.02251,0.61746,0.00320,1,0.01291,0.01534,0.65969,0.00330,1,1006,0.00000,30
0.00000,0.00000,5270.01562,0.11963,11804,0,0.38508,1.10659,0,0.05835,1.08435,0,0.22171,1.09547,0,0.24547,0.38153,17.77388,0.97062,0,0.54590,0.42251,20.04859,0.97062,0,-0.05930,0.02251,0.61746,0.00320,1,0.01291,0.01534,0.65969,0.00330,1,1006,0.00000,30
0.00000,0.00000,5270.01562,0.11963,11804,0,0.38508,1.10659,0,0.05835,1.08435,0,0.22171,1.09547,0,0.24547,0.38153,17.77388,0.97062,0,0.54590,0.42251,20.04859,0.97062,0,-0.05930,0.02251,0.61746,0.00320,1,0.01291,0.01534,0.65969,0.00330,1,1006,0.00000,30
0.00000,0.00000,5270.01562,0.11963,11804,0,0.38508,1.10659,0,0.05835,1.08435,0,0.22171,1.09547,0,0.24547,0.38153,17.77388,0.97062,0,0.54590,0.42251,20.04859,0.97062,0,-0.05930,0.02251,0.61746,0.00320,1,0.01291,0.01534,0.65969,0.00330,1,1006,0.00000,30
0.00000,0.00000,5270.01562,0.11963,11804,0,0.38508,1.10659,0,0.05835,1.08435,0,0.22171,1.09547,0,0.24547,0.38153,17.77388,0.97062,0,0.54590,0.42251,20.04859,0.97062,0,-0.05930,0.02251,0.61746,0.00320,1,0.01291,0.01534,0.65969,0.00330,1,1006,0.00000,30
0.00000,0.00000,5270.01562,0.11963,11804,0,0.38508,1.10659,0,0.05835,1.08435,0,0.22171,1.09547,0,0.24547,0.38153,17.77388,0.97062,0,0.54590,0.42251,20.04859,0.97062,0,-0.05930,0.02251,0.61746,0.00320,1,0.01291,0.01534,0.65969,0.00330,1,1006,0.00000,30
0.00000,0.00000,5270.01562,0.11963,11804,0,0.38508,1.10659,0,0.05835,1.08435,0,0.22171,1.09547,0,0.24547,0.38153,17.77388,0.97062,0,0.54590,0.42251,20.04859,0.97062,0,-0.05930,0.02251,0.61746,0.00320,1,0.01291,0.01534,0.65969,0.00330,1,1006,0.00000,30
0.00000,0.00000,5270.01562,0.11963,11804,0,0.38508,1.10659,0,0.05835,1.08435,0,0.22171,1.09547,0,0.24547,0.38153,17.77388,0.97062,0,0.54590,0.42251,20.04859,0.97062,0,-0.05930,0.02251,0.61746,0.00320,1,0.01291,0.01534,0.65969,0.00330,1,1006,0.00000,30
0.00000,0.00000,5270.01562,0.11963,11804,0,0.38508,1.10659,0,0.05835,1.08435,0,0.22171,1.09547,0,0.24547,0.38153,17.77388,0.97062,0,0.54590,0.42251,20.04859,0.97062,0,-0.05930,0.02251,0.61746,0.00320,1,0.01291,0.01534,0.65969,0.00330,1,1006,0.00000,30
0.00000,0.00000,5270.01562,0.11963,11804,0,0.38508,1.10659,0,0.05835,1.08435,0,0.22171,1.09547,0,0.24547,0.38153,17.77388,0.97062,0,0.54590,0.42251,20.04859,0.97062,0,-0.05930,0.02251,0.61746,0.00320,1,0.01291,0.01534,0.65969,0.00330,1,1006,0.00000,30
0.00000,0.00000,5270.01562,0.11963,11804,0,0.38508,1.10659,0,0.05835,1.08435,0,0.22171,1.09547,0,0.24547,0.38153,17.77388,0.97062,0,0.54590,0.42251,20.04859,0.97062,0,-0.05930,0.02251,0.61746,0.00320,1,0.01291,0.01534,0.65969,0.00330,1,1006,0.00000,30
0.00000,0.00000,5270.01562,0.11963,11804,0,0.38508,1.10659,0,0.05835,1.08435,0,0.22171,1.09547,0,0.24547,0.38153,17.77388,0.97062,0,0.54590,0.42251,20.04859,0.97062,0,-0.05930,0.02251,0.61746,0.00320,1,0.01291,0.01534,0.65969,0.00330,1,1006,0.00000,30
0.00000,0.00000,5270.01562,0.11963,11804,0,0.38508,1.10659,0,0.05835,1.08435,0,0.22171,1.09547,0,0.24547,0.38153,17.77388,0.97062,0,0.54590,0.42251,20.04859,0.97062,0,-0.05930,0.02251,0.61746,0.00320,1,0.01291,0.01534,0.65969,0.00330,1,1006,0.00000,30
0.00000,0.00000,5270.01562,0.11963,11804,0,0.38508,1.10659,0,0.05835,1.08435,0,0.22171,1.09547,0,0.24547,0.38153,17.77388,0.97062,0,0.54590,0.42251,20.04859,0.97062,0,-0.05930,0.02251,0.61746,0.00320,1,0.01291,0.01534,0.65969,0.00330,1,1006,0.00000,30
0.00000,0.00000,5270.01562,0.11963,11804,0,0.38508,1.10659,0,0.05835,1.08435,0,0.22171,1.09547,0,0.24547,0.38153,17.77388,0.97062,0,0.54590,0.42251,20.04859,0.97062,0,-0.05930,0.02251,0.61746,0.00320,1,0.01291,0.01534,0.65969,0.00330,1,1006,0.00000,30
0.00000,0.00000,5270.01562,0.11963,11804,0,0.38508,1.10659,0,0.05835,1.08435,0,0.22171,1.09547,0,0.24547,0.38153,17.77388,0.97062,0,0.54590,0.42251,20.04859,0.97062,0,-0.05930,0.02251,0.61746,0.00320,1,0.01291,0.01534,0.65969,0.00330,1,1006,0.00000,30
0.00000,0.00000,5270.01562,0.11963,11804,0,0.38508,1.10659,0,0.05835,1.08435,0,0.22171,1.09547,0,0.24547,0.38153,17.77388,0.97062,0,0.54590,0.42251,20.04859,0.97062,0,-0.05930,0.02251,0.61746,0.00320,1,0.01291,0.01534,0.65969,0.00330,1,1006,0.00000,30
0.00000,0.00000,5270.01562,0.11963,11804,0,0.38508,1.10659,0,0.05835,1.08435,0,0.22171,1.09547,0,0.24547,0.38153,17.77388,0.97062,0,0.54590,0.42251,20.04859,0.97062,0,-0.05930,0.02251,0.61746,0.00320,1,0.01291,0.01534,0.65969,0.00330,1,1006,0.00000,30
0.00000,0.00000,5270.01562,0.11963,11804,0,0.38508,1.10659,0,0.05835,1.08435,0,0.22171,1.09547,0,0.24547,0.38153,17.77388,0.97062,0,0.54590,0.42251,20.04859,0.97062,0,-0.05930,0.02251,0.61746,0.00320,1,0.01291,0.01534,0.65969,0.00330,1,1006,0.00000,30
0.00000,0.00000,5270.01562,0.11963,11804,0,0.38508,1.10659,0,0.05835,1.08435,0,0.22171,1.09547,0,0.24547,0.38153,17.77388,0.97062,0,0.54590,0.42251,20.04859,0.97062,0,-0.05930,0.02251,0.61746,0.00320,1,0.01291,0.01534,0.65969,0.00330,1,1006,0.00000,30
0.00000,0.00000,5270.01562,0.11963,11804,0,0.38508,1.10659,0,0.05835,1.08435,0,0.22171,1.09547,0,0.24547,0.38153,17.77388,0.97062,0,0.54590,0.42251,20.04859,0.97062,0,-0.05930,0.02251,0.61746,0.00320,1,0.01291,0.01534,0.65969,0.00330,1,1006,0.00000,30
0.00000,0.00000,5270.01562,0.11963,11804,0,0.38508,1.10659,0,0.05835,1.08435,0,0.22171,1.09547,0,0.24547,0.38153,17.77388,0.97062,0,0.54590,0.42251,20.04859,0.97062,0,-0.05930,0.02251,0.61746,0.00320,1,0.01291,0.01534,0.65969,0.00330,1,1006,0.00000,30
0.00000,0.00000,5270.01562,0.11963,11804,0,0.38508,1.10659,0,0.05835,1.08435,0,0.22171,1.09547,0,0.24547,0.38153,17.77388,0.97062,0,0.54590,0.42251,20.04859,0.97062,0,-0.05930,0.02251,0.61746,0.00320,1,0.01291,0.01534,0.65969,0.00330,1,1006,0.00000,30
0.15962,0.43844,5270.01562,0.11963,11804,0,0.45912,0.89338,1,0.17937,0.86039,1,0.31925,0.87688,1,0.25390,0.37914,21.86569,0.97062,1,0.55636,0.42274,20.70502,0.97062,1,-0.05930,0.02251,0.61746,0.00364,1,0.01291,0.01534,0.65969,0.00364,1,0,0.15563,31
0.32334,0.86522,5270.01562,0.11963,11804,0,0.46178,0.84461,1,0.19311,0.86252,1,0.32744,0.85357,1,0.25392,0.37907,21.86874,0.97062,1,0.55641,0.42276,21.03897,0.97062,1,-0.05930,0.02251,0.61746,0.00363,1,0.01291,0.01534,0.65969,0.00362,1,0,0.00000,31
0.32465,0.85865,5270.01562,0.11963,11804,0,0.46037,0.84317,1,0.19156,0.86099,1,0.32596,0.85208,1,0.25391,0.37908,21.83266,0.97691,1,0.55650,0.42279,21.30383,0.97691,1,-0.06206,0.02430,0.66538,0.00363,1,0.01543,0.01568,0.67898,0.00362,1,0,0.00000,31
0.32109,0.84120,5270.01562,0.11963,11804,0,0.42720,0.75982,1,0.20073,0.85279,1,0.31396,0.80631,1,0.25400,0.37913,22.00212,0.98319,1,0.55652,0.42269,21.67343,0.98319,1,-0.06206,0.02430,0.66538,0.00367,1,0.01543,0.01568,0.67898,0.00362,1,0,0.00000,31
0.31987,0.83191,5270.32129,0.01562,11805,1,0.42399,0.76217,1,0.20841,0.84587,1,0.31620,0.80402,1,0.25399,0.37919,22.15945,0.98948,1,0.55666,0.42274,21.63185,0.98948,1,-0.06206,0.02430,0.66538,0.00366,1,0.01543,0.01568,0.67898,0.00362,1,0,0.00000,31
0.31883,0.82598,5270.32129,0.02197,11805,1,0.42238,0.76027,1,0.20698,0.84427,1,0.31468,0.80227,1,0.25398,0.37920,22.17030,0.99576,1,0.55668,0.42275,21.73523,0.99576,1,-0.06206,0.02425,0.66538,0.00363,1,0.01528,0.01544,0.66825,0.00364,1,0,0.00000,31
0.31901,0.82464,5270.32129,0.02881,11805,1,0.42732,0.78348,1,0.21248,0.85237,1,0.31990,0.81792,1,0.25408,0.37933,22.22558,0.99576,1,0.55672,0.42277,21.77807,0.99576,1,-0.06206,0.02425,0.66538,0.00365,1,0.01528,0.01544,0.66825,0.00364,1,0,0.00000,31
0.31668,0.82404,5270.32129,0.03564,11805,1,0.39486,0.78463,1,0.21062,0.85635,1,0.30274,0.82049,1,0.25409,0.37943,22.08969,0.99576,1,0.55673,0.42275,21.79408,0.99576,1,-0.06206,0.02425,0.66538,0.00363,1,0.01528,0.01544,0.66825,0.00363,1,0,0.00000,31
0.31504,0.82371,5270.32129,0.04199,11805,1,0.39486,0.78463,1,0.21223,0.85809,1,0.30354,0.82136,1,0.25410,0.37945,22.07905,0.99576,1,0.55675,0.42275,21.81021,0.98858,1,-0.06206,0.02425,0.66538,0.00363,1,0.01452,0.01457,0.63271,0.00362,1,0,0.00000,31
0.31332,0.82237,5270.32129,0.04932,11805,1,0.40914,0.79988,1,0.19000,0.82340,1,0.29957,0.81164,1,0.25411,0.37943,22.02335,0.98858,1,0.55683,0.42283,21.76956,0.98139,1,-0.06206,0.02425,0.66538,0.00363,1,0.01452,0.01457,0.63271,0.00362,1,0,0.00000,31
0.31217,0.82122,5270.32129,0.05566,11805,1,0.41139,0.80570,1,0.19209,0.81604,1,0.30174,0.81087,1,0.25412,0.37944,22.02658,0.98139,1,0.55682,0.42288,21.67606,0.97420,1,-0.06206,0.02425,0.66538,0.00361,1,0.01452,0.01457,0.63271,0.00362,1,0,0.00000,31
0.31139,0.82046,5270.32129,0.06299,11805,1,0.41335,0.80759,1,0.19387,0.81813,1,0.30361,0.81286,1,0.25383,0.37943,21.14766,0.97420,1,0.55686,0.42289,21.63782,0.96701,1,-0.06206,0.02425,0.66538,0.00365,1,0.01452,0.01457,0.63271,0.00361,1,0,0.00000,31
0.31435,0.82088,5270.32129,0.06885,11805,1,0.46133,0.81419,1,0.23260,0.83674,1,0.34697,0.82547,1,0.25457,0.37945,22.06226,0.96701,1,0.55726,0.42299,21.75748,0.96701,1,-0.06206,0.02425,0.66538,0.00363,1,0.01452,0.01457,0.63271,0.00364,1,0,0.00000,31
0.31846,0.82221,5270.32129,0.07568,11805,1,0.50068,0.83019,1,0.23495,0.84635,1,0.36781,0.83827,1,0.25537,0.37955,21.79094,0.96701,1,0.55788,0.42305,21.93162,0.96701,1,-0.06206,0.02425,0.66538,0.00366,1,0.01452,0.01457,0.63271,0.00359,1,0,0.00000,31
0.32188,0.82322,5270.32129,0.08252,11805,1,0.50068,0.83019,1,0.23182,0.84238,1,0.36625,0.83629,1,0.25576,0.37962,22.06409,0.96701,1,0.55814,0.42323,21.71889,0.98228,1,-0.06003,0.02353,0.64562,0.00363,1,0.01579,0.01559,0.67936,0.00364,1,0,0.00000,31
0.32663,0.82345,5270.32129,0.08936,11805,1,0.51701,0.82960,1,0.26926,0.82368,1,0.39313,0.82664,1,0.25620,0.37951,22.03829,0.98228,1,0.55861,0.42299,21.87458,0.99756,1,-0.06003,0.02353,0.64562,0.00367,1,0.01579,0.01559,0.67936,0.00360,1,0,0.00000,31
0.33030,0.82329,5270.32129,0.09619,11805,1,0.51013,0.82527,1,0.26073,0.81662,1,0.38543,0.82094,1,0.25620,0.37951,22.03829,0.99756,1,0.55861,0.42297,21.86059,1.01284,1,-0.06003,0.02353,0.64562,0.00367,1,0.01579,0.01559,0.67936,0.00359,1,0,0.00000,31
0.33343,0.82299,5270.32129,0.10303,11805,1,0.50754,0.82155,1,0.25951,0.81463,1,0.38352,0.81809,1,0.25621,0.37954,22.02967,1.01284,1,0.55861,0.42297,21.86059,1.02003,1,-0.05896,0.02319,0.63620,0.00368,1,0.01544,0.01520,0.66224,0.00359,1,0,0.00000,31
0.33550,0.82246,5270.32129,0.11084,11805,1,0.47030,0.80724,1,0.27093,0.81985,1,0.37061,0.81355,1,0.25617,0.37950,22.05635,1.02003,1,0.55861,0.42299,21.87458,1.01194,1,-0.05896,0.02319,0.63620,0.00365,1,0.01544,0.01520,0.66224,0.00360,1,0,0.00000,31
0.33749,0.82197,5270.32129,0.11719,11805,1,0.47368,0.80669,1,0.27298,0.81976,1,0.37333,0.81322,1,0.25617,0.37954,22.00059,1.01194,1,0.55865,0.42299,21.84225,1.00385,1,-0.05896,0.02319,0.63620,0.00365,1,0.01544,0.01520,0.66224,0.00359,1,0,0.00000,31
0.33938,0.82169,5270.32129,0.12256,11805,1,0.47531,0.80876,1,0.27543,0.82398,1,0.37537,0.81637,1,0.25619,0.37951,22.03915,1.00385,1,0.55865,0.42299,21.84225,0.98858,1,-0.05896,0.02319,0.63620,0.00367,1,0.01512,0.01484,0.64652,0.00359,1,0,0.00000,31
0.34149,0.82174,5270.32129,0.12939,11805,1,0.48225,0.81457,1,0.28494,0.83068,1,0.38359,0.82262,1,0.25630,0.37944,21.89514,0.98858,1,0.55870,0.42304,21.72964,0.98139,1,-0.05896,0.02319,0.63620,0.00367,1,0.01512,0.01484,0.64652,0.00361,1,0,0.00000,31
0.36980,0.82179,5270.32129,0.12939,11805,0,0.48812,0.80317,1,0.28794,0.83121,1,0.38803,0.81719,1,0.25631,0.37935,21.96528,0.98139,1,0.55870,0.42312,21.56109,0.97420,1,-0.05896,0.02319,0.63620,0.00364,1,0.01512,0.01484,0.64652,0.00361,1,0,0.00000,31
0.37954,0.82046,5270.32129,0.12939,11805,0,0.48952,0.80510,1,0.28902,0.83316,1,0.38927,0.81913,1,0.25631,0.37936,21.98913,0.97420,1,0.55870,0.42318,21.41204,0.96701,1,-0.05896,0.02319,0.63620,0.00364,1,0.01512,0.01484,0.64652,0.00361,1,0,0.00000,31
0.37873,0.81667,5270.32129,0.12939,11805,0,0.49419,0.79515,1,0.26002,0.82302,1,0.37711,0.80909,1,0.25639,0.37924,21.89575,0.96701,1,0.55875,0.42301,21.71970,0.96701,1,-0.05896,0.02319,0.63620,0.00364,1,0.01512,0.01484,0.64652,0.00361,1,0,0.00000,31
0.38029,0.81026,5270.45703,0.02051,11806,1,0.50480,0.78160,1,0.26513,0.80049,1,0.38497,0.79105,1,0.25643,0.37923,21.73681,0.96701,1,0.55884,0.42288,21.66220,0.96701,1,-0.05896,0.02319,0.63620,0.00363,1,0.01512,0.01484,0.64652,0.00359,1,0,0.00000,31
0.38122,0.80642,5270.45703,0.02881,11806,1,0.50480,0.78160,1,0.26513,0.80049,1,0.38497,0.79105,1,0.25641,0.37913,21.95816,0.96701,1,0.55884,0.42288,21.66220,0.96701,1,-0.05896,0.02319,0.63620,0.00365,1,0.01512,0.01484,0.64652,0.00359,1,0,0.00000,31
0.37910,0.82111,5270.45703,0.03516,11806,1,0.50383,0.89222,1,0.23319,0.89687,1,0.36851,0.89455,1,0.25673,0.37927,20.71815,0.96701,1,0.55863,0.42301,20.36910,0.96701,1,-0.05896,0.02319,0.63620,0.00362,1,0.01512,0.01484,0.64652,0.00356,1,0,0.00000,31
0.37750,0.86253,5270.45703,0.04102,11806,1,0.52842,1.12937,1,0.20731,1.09270,1,0.36786,1.11103,1,0.25721,0.38115,14.87384,0.96701,1,0.55782,0.42435,16.20100,0.96701,1,-0.05896,0.02319,0.63620,0.00327,1,0.01512,0.01484,0.64652,0.00324,1,0,0.00000,31
0.37601,0.89361,5270.45703,0.04688,11806,1,0.52730,1.12973,1,0.20394,1.09269,1,0.36562,1.11121,1,0.25790,0.38310,11.00866,0.97403,1,0.55747,0.42642,11.66090,0.98122,1,-0.05896,0.02319,0.63620,0.00268,1,0.01533,0.01538,0.66152,0.00306,1,0,0.00000,31
0.37601,0.89361,5270.45703,0.05371,11806,1,0.52730,1.12973,0,0.20394,1.09269,0,0.36562,1.11121,0,0.25790,0.38310,11.00866,0.98825,0,0.55747,0.42642,11.66090,0.99544,0,-0.05896,0.02319,0.63620,0.00268,1,0.01533,0.01538,0.66152,0.00306,1,0,0.00000,31
0.37601,0.89361,5270.45703,0.06055,11806,1,0.52730,1.12973,0,0.20394,1.09269,0,0.36562,1.11121,0,0.25790,0.38310,11.00866,1.00246,0,0.55747,0.42642,11.66090,1.00965,0,-0.05896,0.02319,0.63620,0.00268,1,0.01533,0.01538,0.66152,0.00306,1,0,0.00000,31
0.37601,0.89361,5270.45703,0.07275,11806,1,0.52730,1.12973,0,0.20394,1.09269,0,0.36562,1.11121,0,0.25790,0.38310,11.00866,1.01668,0,0.55747,0.42642,11.66090,1.02387,0,-0.05896,0.02319,0.63620,0.00268,1,0.01533,0.01538,0.66152,0.00306,1,0,0.00000,31
0.37690,0.90387,5270.45703,0.07275,11806,0,0.52730,1.12973,0,0.20394,1.09269,0,0.36562,1.11121,0,0.25790,0.38310,11.00866,1.02387,0,0.55747,0.42642,11.66090,1.02387,0,-0.05896,0.02319,0.63620,0.00268,1,0.01533,0.01538,0.66152,0.00306,1,0,0.00000,31
0.37690,0.90387,5270.45703,0.07275,11806,0,0.52730,1.12973,0,0.20394,1.09269,0,0.36562,1.11121,0,0.25790,0.38310,11.00866,1.02387,0,0.55747,0.42642,11.66090,1.02387,0,-0.05896,0.02319,0.63620,0.00268,1,0.01533,0.01538,0.66152,0.00306,1,0,0.00000,31
0.37690,0.90387,5270.45703,0.07275,11806,0,0.52730,1.12973,0,0.20394,1.09269,0,0.36562,1.11121,0,0.25790,0.38310,11.00866,1.02387,0,0.55747,0.42642,11.66090,1.02387,0,-0.05896,0.02319,0.63620,0.00268,1,0.01533,0.01538,0.66152,0.00306,1,0,0.00000,31
0.00000,0.00000,5270.45703,0.07275,11806,0,0.52730,1.12973,0,0.20394,1.09269,0,0.36562,1.11121,0,0.25790,0.38310,11.00866,1.02387,0,0.55747,0.42642,11.66090,1.02387,0,-0.05896,0.02319,0.63620,0.00268,1,0.01533,0.01538,0.66152,0.00306,1,0,0.00000,31
0.00000,0.00000,5270.45703,0.07275,11806,0,0.52730,1.12973,0,0.20394,1.09269,0,0.36562,1.11121,0,0.25790,0.38310,11.00866,1.02387,0,0.55747,0.42642,11.66090,1.02387,0,-0.05896,0.02319,0.63620,0.00268,1,0.01533,0.01538,0.66152,0.00306,1,0,0.00000,31
0.00000,0.00000,5270.45703,0.07275,11806,0,0.52730,1.12973,0,0.20394,1.09269,0,0.36562,1.11121,0,0.25790,0.38310,11.00866,1.02387,0,0.55747,0.42642,11.66090,1.02387,0,-0.05896,0.02319,0.63620,0.00268,1,0.01533,0.01538,0.66152,0.00306,1,0,0.00000,31
0.00000,0.00000,5270.45703,0.07275,11806,0,0.52730,1.12973,0,0.20394,1.09269,0,0.36562,1.11121,0,0.25790,0.38310,11.00866,1.02387,0,0.55747,0.42642,11.66090,1.02387,0,-0.05896,0.02319,0.63620,0.00268,1,0.01533,0.01538,0.66152,0.00306,1,0,0.00000,31
0.00000,0.00000,5270.45703,0.07275,11806,0,0.52730,1.12973,0,0.20394,1.09269,0,0.36562,1.11121,0,0.25790,0.38310,11.00866,1.02387,0,0.55747,0.42642,11.66090,1.02387,0,-0.05896,0.02319,0.63620,0.00268,1,0.01533,0.01538,0.66152,0.00306,1,0,0.00000,31
0.00000,0.00000,5270.45703,0.07275,11806,0,0.52730,1.12973,0,0.20394,1.09269,0,0.36562,1.11121,0,0.25790,0.38310,11.00866,1.02387,0,0.55747,0.42642,11.66090,1.02387,0,-0.05896,0.02319,0.63620,0.00268,1,0.01533,0.01538,0.66152,0.00306,1,0,0.00000,31
0.00000,0.00000,5270.45703,0.07275,11806,0,0.52730,1.12973,0,0.20394,1.09269,0,0.36562,1.11121,0,0.25790,0.38310,11.00866,1.02387,0,0.55747,0.42642,11.66090,1.02387,0,-0.05896,0.02319,0.63620,0.00268,1,0.01533,0.01538,0.66152,0.00306,1,0,0.00000,31
0.00000,0.00000,5270.45703,0.07275,11806,0,0.52730,1.12973,0,0.20394,1.09269,0,0.36562,1.11121,0,0.25790,0.38310,11.00866,1.02387,0,0.55747,0.42642,11.66090,1.02387,0,-0.05896,0.02319,0.63620,0.00268,1,0.01533,0.01538,0.66152,0.00306,1,0,0.00000,31
0.00000,0.00000,5270.45703,0.07275,11806,0,0.52730,1.12973,0,0.20394,1.09269,0,0.36562,1.11121,0,0.25790,0.38310,11.00866,1.02387,0,0.55747,0.42642,11.66090,1.02387,0,-0.05896,0.02319,0.63620,0.00268,1,0.01533,0.01538,0.66152,0.00306,1,0,0.00000,31
0.00000,0.00000,5270.45703,0.07275,11806,0,0.52730,1.12973,0,0.20394,1.09269,0,0.36562,1.11121,0,0.25790,0.38310,11.00866,1.02387,0,0.55747,0.42642,11.66090,1.02387,0,-0.05896,0.02319,0.63620,0.00268,1,0.01533,0.01538,0.66152,0.00306,1,0,0.00000,31
0.00000,0.00000,5270.45703,0.07275,11806,0,0.52730,1.12973,0,0.20394,1.09269,0,0.36562,1.11121,0,0.25790,0.38310,11.00866,1.02387,0,0.55747,0.42642,11.66090,1.02387,0,-0.05896,0.02319,0.63620,0.00268,1,0.01533,0.01538,0.66152,0.00306,1,0,0.00000,31
0.00000,0.00000,5270.45703,0.07275,11806,0,0.52730,1.12973,0,0.20394,1.09269,0,0.36562,1.11121,0,0.25790,0.38310,11.00866,1.02387,0,0.55747,0.42642,11.66090,1.02387,0,-0.05896,0.02319,0.63620,0.00268,1,0.01533,0.01538,0.66152,0.00306,1,0,0.00000,31
0.00000,0.00000,5270.45703,0.07275,11806,0,0.52730,1.12973,0,0.20394,1.09269,0,0.36562,1.11121,0,0.25790,0.38310,11.00866,1.02387,0,0.55747,0.42642,11.66090,1.02387,0,-0.05896,0.02319,0.63620,0.00268,1,0.01533,0.01538,0.66152,0.00306,1,0,0.00000,31
0.00000,0.00000,5270.45703,0.07275,11806,0,0.52730,1.12973,0,0.20394,1.09269,0,0.36562,1.11121,0,0.25790,0.38310,11.00866,1.02387,0,0.55747,0.42642,11.66090,1.02387,0,-0.05896,0.02319,0.63620,0.00268,1,0.01533,0.01538,0.66152,0.00306,1,0,0.00000,31
0.00000,0.00000,5270.45703,0.07275,11806,0,0.52730,1.12973,0,0.20394,1.09269,0,0.36562,1.11121,0,0.25790,0.38310,11.00866,1.02387,0,0.55747,0.42642,11.66090,1.02387,0,-0.05896,0.02319,0.63620,0.00268,1,0.01533,0.01538,0.66152,0.00306,1,0,0.00000,31
0.00000,0.00000,5270.45703,0.07275,11806,0,0.52730,1.12973,0,0.20394,1.09269,0,0.36562,1.11121,0,0.25790,0.38310,11.00866,1.02387,0,0.55747,0.42642,11.66090,1.02387,0,-0.05896,0.02319,0.63620,0.00268,1,0.01533,0.01538,0.66152,0.00306,1,0,0.00000,31
0.00000,0.00000,5270.45703,0.07275,11806,0,0.52730,1.12973,0,0.20394,1.09269,0,0.36562,1.11121,0,0.25790,0.38310,11.00866,1.02387,0,0.55747,0.42642,11.66090,1.02387,0,-0.05896,0.02319,0.63620,0.00268,1,0.01533,0.01538,0.66152,0.00306,1,0,0.00000,31
0.00000,0.00000,5270.45703,0.07275,11806,0,0.52730,1.12973,0,0.20394,1.09269,0,0.36562,1.11121,0,0.25790,0.38310,11.00866,1.02387,0,0.55747,0.42642,11.66090,1.02387,0,-0.05896,0.02319,0.63620,0.00268,1,0.01533,0.01538,0.66152,0.00306,1,0,0.00000,31
0.00000,0.00000,5270.45703,0.07275,11806,0,0.52730,1.12973,0,0.20394,1.09269,0,0.36562,1.11121,0,0.25790,0.38310,11.00866,1.02387,0,0.55747,0.42642,11.66090,1.02387,0,-0.05896,0.02319,0.63620,0.00268,1,0.01533,0.01538,0.66152,0.00306,1,0,0.00000,31
0.00000,0.00000,5270.45703,0.07275,11806,0,0.52730,1.12973,0,0.20394,1.09269,0,0.36562,1.11121,0,0.25790,0.38310,11.00866,1.02387,0,0.55747,0.42642,11.66090,1.02387,0,-0.05896,0.02319,0.63620,0.00268,1,0.01533,0.01538,0.66152,0.00306,1,0,0.00000,31
0.00000,0.00000,5270.45703,0.07275,11806,0,0.52730,1.12973,0,0.20394,1.09269,0,0.36562,1.11121,0,0.25790,0.38310,11.00866,1.02387,0,0.55747,0.42642,11.66090,1.02387,0,-0.05896,0.02319,0.63620,0.00268,1,0.01533,0.01538,0.66152,0.00306,1,0,0.00000,31
0.00000,0.00000,5270.45703,0.07275,11806,0,0.52730,1.12973,0,0.20394,1.09269,0,0.36562,1.11121,0,0.25790,0.38310,11.00866,1.02387,0,0.55747,0.42642,11.66090,1.02387,0,-0.05896,0.02319,0.63620,0.00268,1,0.01533,0.01538,0.66152,0.00306,1,0,0.00000,31
0.00000,0.00000,5270.45703,0.07275,11806,0,0.52730,1.12973,0,0.20394,1.09269,0,0.36562,1.11121,0,0.25790,0.38310,11.00866,1.02387,0,0.55747,0.42642,11.66090,1.02387,0,-0.05896,0.02319,0.63620,0.00268,1,0.01533,0.01538,0.66152,0.00306,1,0,0.00000,31
0.00000,0.00000,5270.45703,0.07275,11806,0,0.52730,1.12973,0,0.20394,1.09269,0,0.36562,1.11121,0,0.25790,0.38310,11.00866,1.02387,0,0.55747,0.42642,11.66090,1.02387,0,-0.05896,0.02319,0.63620,0.00268,1,0.01533,0.01538,0.66152,0.00306,1,0,0.00000,31
0.44716,0.96403,5270.45703,0.07275,11806,0,0.56020,0.99361,1,0.33412,0.93445,1,0.44716,0.96403,1,0.25961,0.37924,20.00069,1.02387,1,0.56193,0.42470,15.91536,1.02387,1,-0.05896,0.02319,0.63620,0.00358,1,0.01533,0.01538,0.66152,0.00367,1,0,0.00000,31
0.44754,0.96444,5270.45703,0.07275,11806,0,0.56102,0.99417,1,0.33482,0.93554,1,0.44792,0.96485,1,0.25996,0.38022,18.04678,1.01684,1,0.56228,0.42419,17.64292,1.01684,1,-0.05880,0.02335,0.64073,0.00368,1,0.01600,0.01497,0.65657,0.00346,1,0,0.00000,31
0.46239,0.95412,5270.45703,0.07275,11806,0,0.60028,0.91614,1,0.38387,0.95080,1,0.49208,0.93347,1,0.26092,0.38006,18.87906,1.00982,1,0.56339,0.42450,17.65840,1.00982,1,-0.05880,0.02335,0.64073,0.00368,1,0.01600,0.01497,0.65657,0.00346,1,0,0.00000,31
0.48872,0.95631,5270.72021,0.02295,11807,1,0.71526,0.95563,1,0.42018,0.97013,1,0.56772,0.96288,1,0.26223,0.38006,18.98667,1.00279,1,0.56424,0.42453,17.73466,1.00279,1,-0.05880,0.02335,0.64073,0.00364,1,0.01600,0.01497,0.65657,0.00351,1,0,0.00000,31
0.50454,0.95752,5270.72021,0.02881,11807,1,0.71552,0.95467,1,0.42017,0.97004,1,0.56784,0.96236,1,0.26275,0.37979,19.79709,1.01070,1,0.56499,0.42468,17.87889,1.00351,1,-0.06155,0.02465,0.67617,0.00369,1,0.01616,0.01475,0.64908,0.00348,1,0,0.00000,31
0.51665,0.95607,5270.72021,0.03467,11807,1,0.70464,0.95062,1,0.44976,0.94699,1,0.57720,0.94881,1,0.26376,0.37937,21.00160,1.01844,1,0.56577,0.42459,17.94317,1.01125,1,-0.06155,0.02465,0.67617,0.00365,1,0.01616,0.01475,0.64908,0.00350,1,0,0.00000,31
0.52665,0.95179,5270.72021,0.04004,11807,1,0.71436,0.91919,1,0.45884,0.93313,1,0.58660,0.92616,1,0.26390,0.37998,19.10837,1.02618,1,0.56586,0.42462,17.91950,1.01899,1,-0.06155,0.02465,0.67617,0.00378,1,0.01616,0.01475,0.64908,0.00350,1,0,0.00000,31
0.53417,0.94844,5270.72021,0.04541,11807,1,0.71461,0.91800,1,0.45900,0.93192,1,0.58680,0.92496,1,0.26407,0.37979,19.70109,1.03392,1,0.56600,0.42447,18.14277,1.02673,1,-0.06116,0.02457,0.67413,0.00370,1,0.01609,0.01446,0.63854,0.00352,1,0,0.00000,31
0.53981,0.94243,5270.72021,0.05127,11807,1,0.72705,0.90322,1,0.44296,0.88540,1,0.58501,0.89431,1,0.26418,0.37959,20.89846,1.02673,1,0.56614,0.42436,18.59279,1.02673,1,-0.06116,0.02457,0.67413,0.00369,1,0.01609,0.01446,0.63854,0.00354,1,0,0.00000,31
0.54630,0.93571,5270.72021,0.05859,11807,1,0.74515,0.91297,1,0.46419,0.83763,1,0.60467,0.87530,1,0.26422,0.37925,21.73641,1.02673,1,0.56636,0.42425,18.96623,1.02673,1,-0.06116,0.02457,0.67413,0.00368,1,0.01609,0.01446,0.63854,0.00361,1,0,0.00000,31
0.55156,0.93042,5270.72021,0.06543,11807,1,0.74423,0.91538,1,0.46399,0.83955,1,0.60411,0.87746,1,0.26423,0.37954,21.03745,1.01180,1,0.56639,0.42435,18.87549,1.01899,1,-0.05777,0.02325,0.63783,0.00367,1,0.01667,0.01485,0.65567,0.00362,1,0,0.00000,31
0.55346,0.92406,5270.72021,0.07178,11807,1,0.68603,0.87411,1,0.46291,0.83412,1,0.57447,0.85412,1,0.26452,0.37935,20.79634,1.00406,1,0.56670,0.42426,19.25426,1.01125,1,-0.05777,0.02325,0.63783,0.00374,1,0.01667,0.01485,0.65567,0.00369,1,0,0.00000,31
0.55621,0.91826,5270.72021,0.07861,11807,1,0.70063,0.87653,1,0.47778,0.82077,1,0.58920,0.84865,1,0.26453,0.37907,21.52539,0.99632,1,0.56671,0.42418,19.36247,1.00351,1,-0.05777,0.02325,0.63783,0.00372,1,0.01667,0.01485,0.65567,0.00365,1,0,0.00000,31
0.55855,0.91342,5270.72021,0.08545,11807,1,0.70048,0.87809,1,0.47747,0.82286,1,0.58897,0.85047,1,0.26463,0.37912,21.52594,0.98858,1,0.56681,0.42419,19.43829,0.99577,1,-0.05777,0.02325,0.63783,0.00370,1,0.01683,0.01486,0.65843,0.00370,1,0,0.00000,31
0.58564,0.89449,5270.72021,0.08545,11807,0,0.72009,0.81044,1,0.47000,0.80645,1,0.59504,0.80845,1,0.26488,0.37923,21.46921,0.99577,1,0.56708,0.42401,20.09780,0.99577,1,-0.05777,0.02325,0.63783,0.00374,1,0.01683,0.01486,0.65843,0.00361,1,0,0.00000,31
0.59503,0.85613,5270.72021,0.08545,11807,0,0.72869,0.83285,1,0.48018,0.80269,1,0.60443,0.81777,1,0.26499,0.37922,21.37555,0.99577,1,0.56731,0.42405,20.12716,0.99577,1,-0.05777,0.02325,0.63783,0.00375,1,0.01683,0.01486,0.65843,0.00365,1,0,0.00000,31
0.59812,0.84369,5270.72021,0.08545,11807,0,0.72869,0.83285,1,0.47987,0.80477,1,0.60428,0.81881,1,0.26504,0.37922,21.45985,0.99577,1,0.56747,0.42402,19.91515,0.98858,1,-0.05806,0.02344,0.64320,0.00369,1,0.01656,0.01454,0.64200,0.00367,1,0,0.00000,31
0.59474,0.83326,5270.81201,0.02051,11808,1,0.68513,0.80553,1,0.48413,0.79840,1,0.58463,0.80197,1,0.26527,0.37914,21.42614,0.98858,1,0.56752,0.42391,20.32024,0.98139,1,-0.05806,0.02344,0.64320,0.00370,1,0.01656,0.01454,0.64200,0.00358,1,0,0.00000,31
0.58996,0.82578,5270.81201,0.02734,11808,1,0.68966,0.80515,1,0.45203,0.78655,1,0.57084,0.79585,1,0.26532,0.37904,21.59502,0.98139,1,0.56755,0.42381,20.36834,0.97420,1,-0.05806,0.02344,0.64320,0.00369,1,0.01656,0.01454,0.64200,0.00360,1,0,0.00000,31
0.58676,0.82114,5270.81201,0.03369,11808,1,0.68960,0.80714,1,0.45192,0.78881,1,0.57076,0.79797,1,0.26534,0.37900,21.71086,0.97420,1,0.56767,0.42382,20.75085,0.96701,1,-0.05806,0.02344,0.64320,0.00370,1,0.01656,0.01449,0.64200,0.00363,1,0,0.00000,31
0.58683,0.81619,5270.81201,0.04102,11808,1,0.70459,0.79991,1,0.46991,0.77303,1,0.58725,0.78647,1,0.26549,0.37893,21.69800,0.96701,1,0.56790,0.42371,20.96507,0.96701,1,-0.05806,0.02344,0.64320,0.00368,1,0.01656,0.01449,0.64200,0.00361,1,0,0.00000,31
0.58821,0.81272,5270.81201,0.04688,11808,1,0.71494,0.79686,1,0.48082,0.78004,1,0.59788,0.78845,1,0.26556,0.37888,21.90880,0.96701,1,0.56799,0.42366,21.00840,0.96701,1,-0.05806,0.02344,0.64320,0.00365,1,0.01656,0.01449,0.64200,0.00360,1,0,0.00000,31
0.58932,0.80979,5270.81201,0.05371,11808,1,0.71518,0.79481,1,0.48113,0.77778,1,0.59816,0.78630,1,0.26555,0.37888,21.89868,0.97403,1,0.56808,0.42370,21.03794,0.97403,1,-0.06038,0.02444,0.67053,0.00365,1,0.01693,0.01469,0.64870,0.00362,1,0,0.00000,31
0.59150,0.80644,5270.81201,0.06055,11808,1,0.72876,0.78869,1,0.49349,0.76397,1,0.61113,0.77633,1,0.26571,0.37881,21.77859,0.98106,1,0.56816,0.42365,21.00177,0.98106,1,-0.06038,0.02444,0.67053,0.00369,1,0.01693,0.01469,0.64870,0.00362,1,0,0.00000,31
0.59386,0.80322,5270.81201,0.06738,11808,1,0.73584,0.77981,1,0.49904,0.76217,1,0.61744,0.77099,1,0.26582,0.37876,21.76917,0.98809,1,0.56827,0.42375,20.94282,0.98809,1,-0.06038,0.02444,0.67053,0.00367,1,0.01693,0.01469,0.64870,0.00359,1,0,0.00000,31
0.59582,0.80053,5270.81201,0.07422,11808,1,0.73584,0.77981,1,0.49904,0.76217,1,0.61744,0.77099,1,0.26587,0.37882,21.75944,0.98809,1,0.56832,0.42365,20.91537,0.98809,1,-0.05869,0.02378,0.65230,0.00370,1,0.01693,0.01469,0.64870,0.00361,1,0,0.00000,31
0.59450,0.79865,5270.81201,0.08057,11808,1,0.70680,0.77878,1,0.45037,0.77326,1,0.57859,0.77602,1,0.26593,0.37888,21.88662,0.98106,1,0.56854,0.42364,21.22319,0.98106,1,-0.05869,0.02378,0.65230,0.00367,1,0.01693,0.01469,0.64870,0.00362,1,0,0.00000,30
0.59360,0.79695,5270.81201,0.08691,11808,1,0.71116,0.77928,1,0.45271,0.77066,1,0.58194,0.77497,1,0.26591,0.37880,21.73476,0.97403,1,0.56855,0.42360,21.38579,0.97403,1,-0.05869,0.02378,0.65230,0.00369,1,0.01693,0.01469,0.64870,0.00360,1,0,0.00000,30
0.59281,0.79564,5270.81201,0.09375,11808,1,0.71095,0.78144,1,0.45260,0.77297,1,0.58177,0.77721,1,0.26593,0.37881,21.75014,0.96701,1,0.56857,0.42367,21.11448,0.96701,1,-0.05869,0.02378,0.65230,0.00369,1,0.01654,0.01431,0.63376,0.00363,1,0,0.00000,30
0.59193,0.79454,5270.81201,0.10059,11808,1,0.68598,0.78273,1,0.47146,0.77334,1,0.57872,0.77803,1,0.26600,0.37886,21.72358,0.96701,1,0.56872,0.42367,21.27021,0.96701,1,-0.05869,0.02378,0.65230,0.00367,1,0.01654,0.01431,0.63376,0.00361,1,0,0.00000,30
0.59152,0.79317,5270.81201,0.10742,11808,1,0.69444,0.77842,1,0.47561,0.76430,1,0.58503,0.77136,1,0.26605,0.37892,21.71743,0.96701,1,0.56872,0.42366,21.29736,0.96701,1,-0.05869,0.02378,0.65230,0.00365,1,0.01654,0.01431,0.63376,0.00361,1,0,0.00000,30
0.59118,0.79182,5270.81201,0.11426,11808,1,0.69444,0.77842,1,0.47621,0.75914,1,0.58533,0.76878,1,0.26609,0.37887,21.66816,0.96701,1,0.56872,0.42364,21.34589,0.98229,1,-0.05869,0.02378,0.65230,0.00366,1,0.01729,0.01487,0.65890,0.00361,1,0,0.00000,30
0.59091,0.79069,5270.81201,0.12061,11808,1,0.69133,0.78281,1,0.48064,0.75809,1,0.58599,0.77045,1,0.26616,0.37898,21.83009,0.98229,1,0.56881,0.42368,21.41665,0.99756,1,-0.05869,0.02378,0.65230,0.00366,1,0.01729,0.01487,0.65890,0.00364,1,0,0.00000,30
0.59096,0.78817,5270.81201,0.12793,11808,1,0.69882,0.77375,1,0.48526,0.70683,1,0.59204,0.74029,1,0.26622,0.37894,21.69842,0.99756,1,0.56897,0.42374,21.42798,1.01284,1,-0.05869,0.02378,0.65230,0.00365,1,0.01729,0.01487,0.65890,0.00361,1,0,0.00000,30
0.59104,0.78565,5270.81201,0.13525,11808,1,0.69908,0.76909,1,0.48597,0.70104,1,0.59253,0.73507,1,0.26628,0.37895,21.66794,1.01284,1,0.56897,0.42373,21.40882,1.02812,1,-0.05869,0.02378,0.65230,0.00366,1,0.01844,0.01581,0.70271,0.00362,1,0,0.00000,30
0.59118,0.78207,5270.81201,0.14062,11808,1,0.69948,0.78233,1,0.48894,0.63181,1,0.59421,0.70707,1,0.26628,0.37895,21.67078,1.02812,1,0.56894,0.42379,21.46439,1.02812,1,-0.05869,0.02378,0.65230,0.00366,1,0.01844,0.01581,0.70271,0.00361,1,0,0.00000,30
0.59139,0.77866,5270.81201,0.14746,11808,1,0.70259,0.77523,1,0.48948,0.63172,1,0.59604,0.70348,1,0.26628,0.37895,21.66794,1.02812,1,0.56898,0.42375,21.45566,1.02812,1,-0.05869,0.02378,0.65230,0.00366,1,0.01844,0.01581,0.70271,0.00359,1,0,0.00000,30
0.58735,0.75045,5270.81201,0.14746,11808,0,0.70273,0.77316,1,0.48943,0.63220,1,0.59608,0.70268,1,0.26628,0.37895,21.66794,1.03514,1,0.56898,0.42375,21.45566,1.02706,1,-0.05887,0.02387,0.65480,0.00366,1,0.01734,0.01483,0.65894,0.00359,1,0,0.00000,30
0.61296,0.73969,5270.81201,0.14746,11808,0,0.74783,0.77750,1,0.52930,0.68038,1,0.63856,0.72894,1,0.26671,0.37885,21.82343,1.03408,1,0.56923,0.42371,21.62729,1.02599,1,-0.05887,0.02387,0.65480,0.00367,1,0.01734,0.01483,0.65894,0.00361,1,0,0.00000,30
0.62243,0.74922,5270.81201,0.14746,11808,0,0.77890,0.77853,1,0.50387,0.75800,1,0.64138,0.76827,1,0.26729,0.37878,21.75832,1.03302,1,0.56979,0.42369,21.41094,1.02493,1,-0.05887,0.02387,0.65480,0.00369,1,0.01734,0.01483,0.65894,0.00361,1,0,0.00000,30
0.62701,0.75461,5270.96582,0.02051,11809,1,0.77815,0.78092,1,0.50335,0.76062,1,0.64075,0.77077,1,0.26760,0.37871,21.89869,1.02493,1,0.57004,0.42371,21.55058,1.01684,1,-0.05794,0.02355,0.64609,0.00367,1,0.01762,0.01508,0.66562,0.00361,1,0,0.00000,30
0.63358,0.75080,5270.96582,0.02734,11809,1,0.77591,0.76024,1,0.54378,0.71087,1,0.65984,0.73555,1,0.26798,0.37853,21.69236,1.00982,1,0.57035,0.42337,21.33709,1.00982,1,-0.05794,0.02355,0.64609,0.00368,1,0.01762,0.01508,0.66562,0.00358,1,0,0.00000,30
0.63634,0.74606,5270.96582,0.03418,11809,1,0.76617,0.75051,1,0.53412,0.69421,1,0.65014,0.72236,1,0.26789,0.37851,21.78738,1.00279,1,0.57024,0.42332,21.08405,1.00279,1,-0.05794,0.02355,0.64609,0.00371,1,0.01762,0.01508,0.66562,0.00358,1,0,0.00000,30
0.63822,0.74303,5270.96582,0.04102,11809,1,0.76559,0.75284,1,0.53345,0.69697,1,0.64952,0.72490,1,0.26774,0.37844,21.97922,0.99577,1,0.57023,0.42329,21.18494,0.99577,1,-0.05687,0.02316,0.63415,0.00365,1,0.01762,0.01508,0.66562,0.00357,1,0,0.00000,30
0.63937,0.74141,5270.96582,0.04736,11809,1,0.74744,0.75141,1,0.54728,0.70867,1,0.64736,0.73004,1,0.26763,0.37840,21.85900,0.99577,1,0.56999,0.42326,21.66136,0.99577,1,-0.05687,0.02316,0.63415,0.00368,1,0.01762,0.01508,0.66562,0.00354,1,0,0.00000,30
0.64137,0.74108,5270.96582,0.05420,11809,1,0.77086,0.76155,1,0.54395,0.71531,1,0.65740,0.73843,1,0.26756,0.37842,21.95655,0.99577,1,0.56999,0.42329,21.67193,0.99577,1,-0.05687,0.02316,0.63415,0.00367,1,0.01762,0.01508,0.66562,0.00352,1,0,0.00000,30
0.64293,0.74095,5270.96582,0.06055,11809,1,0.77086,0.76155,1,0.54319,0.71801,1,0.65702,0.73978,1,0.26750,0.37841,21.83903,0.99577,1,0.56998,0.42331,21.64348,0.98858,1,-0.05794,0.02355,0.64609,0.00366,1,0.01719,0.01475,0.65124,0.00356,1,0,0.00000,30
0.64489,0.74060,5270.96582,0.06787,11809,1,0.76478,0.76350,1,0.56408,0.71071,1,0.66443,0.73710,1,0.26738,0.37838,21.82526,0.98858,1,0.56983,0.42331,21.60884,0.98139,1,-0.05794,0.02355,0.64609,0.00371,1,0.01719,0.01475,0.65124,0.00357,1,0,0.00000,30
0.64686,0.74032,5270.96582,0.07471,11809,1,0.78661,0.76307,1,0.55051,0.71144,1,0.66856,0.73726,1,0.26729,0.37844,21.93093,0.98139,1,0.56971,0.42331,21.68007,0.97420,1,-0.05794,0.02355,0.64609,0.00368,1,0.01719,0.01475,0.65124,0.00358,1,0,0.00000,30
0.64853,0.74009,5270.96582,0.08154,11809,1,0.78660,0.76313,1,0.55049,0.71151,1,0.66854,0.73732,1,0.26727,0.37849,21.77271,0.98122,1,0.56971,0.42319,21.52087,0.97403,1,-0.05887,0.02387,0.65480,0.00369,1,0.01719,0.01475,0.65124,0.00354,1,0,0.00000,30
0.64857,0.73961,5270.96582,0.08789,11809,1,0.76157,0.76742,1,0.53660,0.69923,1,0.64908,0.73332,1,0.26705,0.37856,21.83012,0.98106,1,0.56956,0.42328,21.51089,0.98106,1,-0.05887,0.02387,0.65480,0.00373,1,0.01719,0.01475,0.65124,0.00353,1,0,0.00000,30
0.64818,0.73872,5270.96582,0.09473,11809,1,0.75513,0.75310,1,0.53022,0.69949,1,0.64268,0.72630,1,0.26691,0.37847,21.80351,0.98809,1,0.56949,0.42322,21.38805,0.98809,1,-0.05887,0.02387,0.65480,0.00364,1,0.01719,0.01475,0.65124,0.00356,1,0,0.00000,30
0.64785,0.73785,5270.96582,0.10156,11809,1,0.75513,0.75310,1,0.53088,0.69666,1,0.64301,0.72488,1,0.26686,0.37839,21.79110,0.98809,1,0.56940,0.42316,21.54059,0.99528,1,-0.05869,0.02383,0.65230,0.00368,1,0.01732,0.01499,0.66183,0.00356,1,0,0.00000,30
0.64840,0.73640,5270.96582,0.10791,11809,1,0.76700,0.74502,1,0.54717,0.68118,1,0.65708,0.71310,1,0.26663,0.37837,21.77483,0.98825,1,0.56929,0.42306,21.54457,0.99544,1,-0.05869,0.02383,0.65230,0.00371,1,0.01732,0.01499,0.66183,0.00354,1,0,0.00000,30
0.64904,0.73458,5270.96582,0.11475,11809,1,0.78790,0.74359,1,0.53202,0.66383,1,0.65996,0.70371,1,0.26653,0.37833,21.84442,0.98841,1,0.56919,0.42302,21.49400,0.99560,1,-0.05869,0.02383,0.65230,0.00367,1,0.01732,0.01499,0.66183,0.00355,1,0,0.00000,30
0.64963,0.73289,5270.96582,0.12158,11809,1,0.78866,0.74111,1,0.53202,0.66383,1,0.66034,0.70247,1,0.26651,0.37827,21.79021,0.99560,1,0.56903,0.42297,21.46660,0.99560,1,-0.05936,0.02399,0.65809,0.00366,1,0.01693,0.01469,0.64870,0.00353,1,0,0.00000,30
0.64971,0.73157,5270.96582,0.12793,11809,1,0.75968,0.73617,1,0.54269,0.67664,1,0.65119,0.70640,1,0.26621,0.37833,21.64451,1.00263,1,0.56888,0.42309,21.66066,0.99544,1,-0.05936,0.02399,0.65809,0.00371,1,0.01693,0.01469,0.64870,0.00352,1,0,0.00000,30
0.65036,0.73059,5270.96582,0.13477,11809,1,0.78603,0.74623,1,0.54071,0.67582,1,0.66337,0.71103,1,0.26610,0.37837,21.86852,1.00247,1,0.56869,0.42303,21.65341,0.99528,1,-0.05936,0.02399,0.65809,0.00367,1,0.01693,0.01469,0.64870,0.00356,1,0,0.00000,30
0.65094,0.72976,5270.96582,0.14111,11809,1,0.78530,0.74866,1,0.54071,0.67582,1,0.66300,0.71224,1,0.26607,0.37837,21.84445,0.99528,1,0.56865,0.42305,21.64405,0.99528,1,-0.05806,0.02344,0.64320,0.00367,1,0.01716,0.01502,0.66331,0.00354,1,0,0.00000,30
0.65129,0.72948,5270.96582,0.14795,11809,1,0.76645,0.75753,1,0.55154,0.68933,1,0.65900,0.72343,1,0.26585,0.37836,21.70731,0.98825,1,0.56849,0.42307,21.55797,0.99544,1,-0.05806,0.02344,0.64320,0.00372,1,0.01716,0.01502,0.66331,0.00353,1,0,0.00000,30
0.65213,0.72912,5270.96582,0.15479,11809,1,0.77834,0.75762,1,0.56468,0.68390,1,0.67151,0.72076,1,0.26573,0.37840,21.64412,0.98841,1,0.56845,0.42298,21.35998,0.99560,1,-0.05806,0.02344,0.64320,0.00368,1,0.01716,0.01502,0.66331,0.00362,1,0,0.00000,30
0.65292,0.72874,5270.96582,0.16162,11809,1,0.77903,0.75525,1,0.56468,0.68390,1,0.67185,0.71957,1,0.26561,0.37849,21.56504,0.99560,1,0.56818,0.42311,21.52725,0.99560,1,-0.05946,0.02395,0.65702,0.00371,1,0.01656,0.01454,0.64200,0.00352,1,0,0.00000,30
0.65360,0.72864,5270.96582,0.16797,11809,1,0.79105,0.76579,1,0.55027,0.68673,1,0.67066,0.72626,1,0.26535,0.37849,21.84937,1.00263,1,0.56805,0.42314,21.59082,0.99544,1,-0.05946,0.02395,0.65702,0.00366,1,0.01656,0.01454,0.64200,0.00358,1,0,0.00000,30
0.65358,0.72808,5270.96582,0.17480,11809,1,0.77304,0.74040,1,0.53331,0.68646,1,0.65317,0.71343,1,0.26525,0.37845,21.80129,1.00247,1,0.56789,0.42305,21.58761,0.99528,1,-0.05946,0.02395,0.65702,0.00367,1,0.01656,0.01454,0.64200,0.00358,1,0,0.00000,30
0.65356,0.72760,5270.96582,0.18164,11809,1,0.77240,0.74286,1,0.53331,0.68646,1,0.65285,0.71466,1,0.26508,0.37837,21.73945,0.99528,1,0.56786,0.42301,21.46830,0.99528,1,-0.05777,0.02325,0.63783,0.00371,1,0.01680,0.01488,0.65692,0.00351,1,0,0.00000,30
0.65354,0.72682,5270.96582,0.18848,11809,1,0.77520,0.75136,1,0.53099,0.65846,1,0.65309,0.70491,1,0.26495,0.37835,21.75533,0.98825,1,0.56755,0.42293,21.49243,0.99544,1,-0.05777,0.02325,0.63783,0.00368,1,0.01680,0.01488,0.65692,0.00354,1,0,0.00000,30
0.65384,0.72651,5270.96582,0.19482,11809,1,0.76436,0.75845,1,0.56037,0.67689,1,0.66237,0.71767,1,0.26473,0.37856,21.66693,0.98841,1,0.56744,0.42294,21.54363,0.99560,1,-0.05777,0.02325,0.63783,0.00373,1,0.01680,0.01488,0.65692,0.00352,1,0,0.00000,30
0.65410,0.72627,5270.96582,0.20117,11809,1,0.76438,0.75840,1,0.55953,0.67979,1,0.66195,0.71909,1,0.26472,0.37849,21.57598,0.98858,1,0.56769,0.42284,20.87146,0.98858,1,-0.05753,0.02298,0.63311,0.00369,1,0.01624,0.01439,0.63723,0.00350,1,0,0.00000,30
0.65424,0.72663,5270.96582,0.20801,11809,1,0.77187,0.78367,1,0.54522,0.69178,1,0.65854,0.73773,1,0.26442,0.37870,21.47505,0.98858,1,0.56722,0.42304,21.55086,0.98139,1,-0.05753,0.02298,0.63311,0.00367,1,0.01624,0.01439,0.63723,0.00353,1,0,0.00000,30
0.65440,0.72628,5270.96582,0.21533,11809,1,0.79671,0.73338,1,0.52220,0.69714,1,0.65946,0.71526,1,0.26431,0.37872,21.66806,0.98139,1,0.56703,0.42300,21.59702,0.97420,1,-0.05753,0.02298,0.63311,0.00366,1,0.01624,0.01439,0.63723,0.00351,1,0,0.00000,30
0.65454,0.72596,5270.96582,0.22168,11809,1,0.79669,0.73343,1,0.52219,0.69721,1,0.65944,0.71532,1,0.26426,0.37872,21.60348,0.98122,1,0.56698,0.42301,21.61429,0.97403,1,-0.06042,0.02402,0.66318,0.00364,1,0.01609,0.01446,0.63854,0.00351,1,0,0.00000,30
0.65507,0.72542,5270.96582,0.22803,11809,1,0.76917,0.73912,1,0.57640,0.67510,1,0.67279,0.70711,1,0.26402,0.37871,21.77362,0.98106,1,0.56682,0.42300,21.32756,0.98106,1,-0.06042,0.02402,0.66318,0.00368,1,0.01609,0.01446,0.63854,0.00351,1,0,0.00000,30
0.65516,0.72471,5270.96582,0.23535,11809,1,0.76020,0.72089,1,0.55700,0.67883,1,0.65860,0.69986,1,0.26390,0.37876,21.59666,0.98809,1,0.56668,0.42304,21.32523,0.98809,1,-0.06042,0.02402,0.66318,0.00368,1,0.01609,0.01446,0.63854,0.00352,1,0,0.00000,30
0.65527,0.72400,5270.96582,0.24170,11809,1,0.76020,0.72089,1,0.55785,0.67585,1,0.65903,0.69837,1,0.26380,0.37878,21.27772,0.98809,1,0.56665,0.42301,21.27640,0.99528,1,-0.05880,0.02341,0.64497,0.00373,1,0.01699,0.01532,0.67644,0.00352,1,0,0.00000,30
0.65532,0.72313,5270.96582,0.24854,11809,1,0.75890,0.72297,1,0.55584,0.65875,1,0.65737,0.69086,1,0.26380,0.37876,21.27796,0.98825,1,0.56658,0.42289,21.53323,0.99544,1,-0.05880,0.02341,0.64497,0.00371,1,0.01699,0.01532,0.67644,0.00352,1,0,0.00000,30
0.65686,0.72269,5270.96582,0.25537,11809,1,0.84179,0.74451,1,0.58885,0.66741,1,0.71532,0.70596,1,0.26487,0.37877,20.94068,0.98841,1,0.56766,0.42274,20.50895,0.99560,1,-0.05880,0.02341,0.64497,0.00374,1,0.01699,0.01532,0.67644,0.00354,1,0,0.00000,30
0.65832,0.72227,5270.96582,0.26172,11809,1,0.84181,0.74445,1,0.58887,0.66734,1,0.71534,0.70590,1,0.26497,0.37877,21.55608,0.98858,1,0.56782,0.42281,20.50480,0.99577,1,-0.05753,0.02293,0.63311,0.00368,1,0.01788,0.01603,0.70776,0.00356,1,0,0.00000,30
0.66201,0.72117,5270.96582,0.26807,11809,1,0.92000,0.75900,1,0.69914,0.59521,1,0.80957,0.67711,1,0.26689,0.37863,20.93066,0.99577,1,0.56904,0.42235,20.89071,0.99577,1,-0.05753,0.02293,0.63311,0.00368,1,0.01788,0.01603,0.70776,0.00354,1,0,0.00000,30
0.69590,0.70507,5270.96582,0.26807,11809,0,0.92641,0.77669,1,0.72044,0.59981,1,0.82343,0.68825,1,0.26737,0.37882,21.12906,0.99577,1,0.56940,0.42235,20.81202,0.99577,1,-0.05753,0.02293,0.63311,0.00363,1,0.01788,0.01603,0.70776,0.00353,1,0,0.00000,30
0.75917,0.69753,5270.96582,0.26807,11809,0,0.92641,0.77669,1,0.71846,0.60327,1,0.82244,0.68998,1,0.26764,0.37881,20.89802,0.99577,1,0.56954,0.42220,20.30350,0.98858,1,-0.05874,0.02349,0.64854,0.00374,1,0.01637,0.01454,0.64211,0.00359,1,0,0.00000,30
0.77397,0.69541,5270.96582,0.26807,11809,0,0.90373,0.76699,1,0.70340,0.61539,1,0.80356,0.69119,1,0.26754,0.37880,20.72956,0.98858,1,0.56942,0.42240,20.68319,0.98139,1,-0.05874,0.02349,0.64854,0.00370,1,0.01637,0.01454,0.64211,0.00359,1,0,0.00000,30
0.80656,0.69370,5270.96582,0.26807,11809,0,0.89128,0.78154,1,0.69605,0.61829,1,0.79367,0.69991,1,0.26750,0.37881,20.35384,0.98139,1,0.56944,0.42229,20.10081,0.97420,1,-0.05874,0.02349,0.64854,0.00371,1,0.01637,0.01454,0.64211,0.00356,1,0,0.00000,30
0.79973,0.69737,5270.96582,0.26807,11809,0,0.88978,0.78382,1,0.69605,0.61829,1,0.79291,0.70105,1,0.26713,0.37882,21.03410,0.97420,1,0.56933,0.42243,20.41336,0.97420,1,-0.05874,0.02349,0.64854,0.00374,1,0.01667,0.01485,0.65567,0.00356,1,0,0.00000,30
0.80617,0.69244,5270.96582,0.26807,11809,0,0.94048,0.74736,1,0.69757,0.61778,1,0.81903,0.68257,1,0.26718,0.37880,20.79189,0.97420,1,0.56933,0.42243,20.41336,0.98139,1,-0.05874,0.02349,0.64854,0.00375,1,0.01667,0.01485,0.65567,0.00356,1,0,0.00000,30
0.80963,0.68863,5271.26074,0.02051,11810,1,0.94028,0.73782,1,0.69972,0.61655,1,0.82000,0.67719,1,0.26706,0.37877,21.06962,0.98139,1,0.56938,0.42226,20.66342,0.98858,1,-0.05874,0.02349,0.64854,0.00369,1,0.01667,0.01485,0.65567,0.00357,1,0,0.00000,30
0.81189,0.68607,5271.26074,0.02734,11810,1,0.94213,0.73517,1,0.69972,0.61655,1,0.82093,0.67586,1,0.26713,0.37874,20.83441,0.98858,1,0.56937,0.42223,20.65293,0.98858,1,-0.05874,0.02349,0.64854,0.00370,1,0.01637,0.01454,0.64211,0.00358,1,0,0.00000,30
0.81322,0.68279,5271.26074,0.03369,11810,1,0.93574,0.72358,1,0.70404,0.60918,1,0.81989,0.66638,1,0.26709,0.37868,20.82941,0.98858,1,0.56940,0.42225,20.73963,0.98139,1,-0.05874,0.02349,0.64854,0.00370,1,0.01637,0.01454,0.64211,0.00358,1,0,0.00000,30
0.81367,0.68155,5271.26074,0.04053,11810,1,0.93372,0.72852,1,0.69903,0.61971,1,0.81637,0.67412,1,0.26712,0.37870,20.81989,0.98139,1,0.56944,0.42236,20.86784,0.97420,1,-0.05874,0.02349,0.64854,0.00372,1,0.01637,0.01454,0.64211,0.00352,1,0,0.00000,30
0.81378,0.68100,5271.26074,0.04736,11810,1,0.93192,0.73124,1,0.69715,0.62311,1,0.81454,0.67718,1,0.26712,0.37874,20.82583,0.97420,1,0.56948,0.42230,20.70218,0.96701,1,-0.05874,0.02349,0.64854,0.00370,1,0.01637,0.01454,0.64211,0.00353,1,0,0.00000,30
0.81310,0.68128,5271.26074,0.05371,11810,1,0.93540,0.74690,1,0.67991,0.62009,1,0.80765,0.68350,1,0.26709,0.37873,20.73985,0.96701,1,0.56957,0.42235,20.42488,0.96701,1,-0.05874,0.02349,0.64854,0.00372,1,0.01637,0.01454,0.64211,0.00356,1,0,0.00000,30
0.81276,0.68125,5271.26074,0.06055,11810,1,0.93752,0.74339,1,0.68193,0.61851,1,0.80973,0.68095,1,0.26723,0.37870,20.37811,0.96701,1,0.56955,0.42234,20.46373,0.96701,1,-0.05874,0.02349,0.64854,0.00379,1,0.01637,0.01454,0.64211,0.00356,1,0,0.00000,30
0.81248,0.68122,5271.26074,0.06738,11810,1,0.93752,0.74339,1,0.68193,0.61851,1,0.80973,0.68095,1,0.26722,0.37872,20.43869,0.96701,1,0.56954,0.42238,20.44758,0.96701,1,-0.05874,0.02349,0.64854,0.00379,1,0.01637,0.01454,0.64211,0.00354,1,0,0.00000,30
0.81198,0.68221,5271.26074,0.07373,11810,1,0.92006,0.74216,1,0.69288,0.64414,1,0.80647,0.69315,1,0.26735,0.37881,20.52228,0.96701,1,0.56968,0.42255,20.64063,0.96701,1,-0.05874,0.02349,0.64854,0.00372,1,0.01637,0.01454,0.64211,0.00355,1,0,0.00000,30
0.81105,0.68259,5271.26074,0.08057,11810,1,0.92401,0.73451,1,0.67575,0.63968,1,0.79988,0.68709,1,0.26751,0.37885,20.40662,0.96701,1,0.56978,0.42243,20.77515,0.96701,1,-0.05874,0.02349,0.64854,0.00369,1,0.01637,0.01454,0.64211,0.00353,1,0,0.00000,30
0.81032,0.68279,5271.26074,0.08740,11810,1,0.92401,0.73451,1,0.67747,0.63639,1,0.80074,0.68545,1,0.26746,0.37882,20.44533,0.96701,1,0.56981,0.42234,20.53269,0.97420,1,-0.05874,0.02349,0.64854,0.00371,1,0.01680,0.01488,0.65692,0.00354,1,0,0.00000,30
0.80920,0.68310,5271.26074,0.09424,11810,1,0.90232,0.76954,1,0.68475,0.60517,1,0.79354,0.68735,1,0.26752,0.37876,20.63026,0.97420,1,0.56994,0.42239,20.50494,0.98139,1,-0.05874,0.02349,0.64854,0.00369,1,0.01680,0.01488,0.65692,0.00352,1,0,0.00000,30
0.80862,0.68329,5271.26074,0.10059,11810,1,0.90894,0.75926,1,0.69085,0.61304,1,0.79989,0.68615,1,0.26749,0.37866,20.80190,0.98139,1,0.57003,0.42238,20.35643,0.98858,1,-0.05874,0.02349,0.64854,0.00367,1,0.01680,0.01488,0.65692,0.00352,1,0,0.00000,30
0.80820,0.68328,5271.26074,0.10791,11810,1,0.91057,0.75679,1,0.69263,0.60964,1,0.80160,0.68322,1,0.26752,0.37863,20.91074,0.98858,1,0.57005,0.42242,20.40644,0.99577,1,-0.05777,0.02315,0.63783,0.00368,1,0.01692,0.01490,0.65798,0.00349,1,0,0.00000,30
0.80844,0.68253,5271.26074,0.11426,11810,1,0.91998,0.74675,1,0.70494,0.59266,1,0.81246,0.66970,1,0.26754,0.37857,20.89293,0.99577,1,0.57015,0.42234,20.54444,0.99577,1,-0.05777,0.02315,0.63783,0.00366,1,0.01692,0.01490,0.65798,0.00350,1,0,0.00000,30
0.80882,0.68173,5271.26074,0.12061,11810,1,0.92322,0.74364,1,0.70810,0.59093,1,0.81566,0.66729,1,0.26756,0.37855,20.79681,0.99577,1,0.57024,0.42230,20.82983,0.99577,1,-0.05777,0.02315,0.63783,0.00367,1,0.01692,0.01490,0.65798,0.00350,1,0,0.00000,30
0.80911,0.68109,5271.26074,0.12744,11810,1,0.92322,0.74364,1,0.70621,0.59446,1,0.81471,0.66905,1,0.26760,0.37838,20.45557,0.99577,1,0.57031,0.42228,20.61432,0.98858,1,-0.05874,0.02349,0.64854,0.00374,1,0.01656,0.01454,0.64200,0.00350,1,0,0.00000,30
0.80921,0.68033,5271.26074,0.13379,11810,1,0.93396,0.73956,1,0.68820,0.59062,1,0.81108,0.66509,1,0.26767,0.37839,20.67988,0.98858,1,0.57027,0.42228,20.76796,0.98139,1,-0.05874,0.02349,0.64854,0.00372,1,0.01656,0.01454,0.64200,0.00349,1,0,0.00000,30
0.80931,0.67990,5271.26074,0.14111,11810,1,0.93336,0.74031,1,0.68975,0.60133,1,0.81155,0.67082,1,0.26773,0.37837,20.94798,0.98139,1,0.57036,0.42218,20.40278,0.97420,1,-0.05874,0.02349,0.64854,0.00364,1,0.01656,0.01454,0.64200,0.00350,1,0,0.00000,30
0.80933,0.67964,5271.26074,0.14746,11810,1,0.93156,0.74294,1,0.68794,0.60487,1,0.80975,0.67390,1,0.26786,0.37850,20.87111,0.97420,1,0.57044,0.42209,20.18295,0.96701,1,-0.05776,0.02324,0.63878,0.00373,1,0.01656,0.01454,0.64200,0.00354,1,0,0.00000,30
0.80885,0.67960,5271.26074,0.15479,11810,1,0.93306,0.78143,1,0.66261,0.57583,1,0.79783,0.67863,1,0.26780,0.37837,20.93616,0.96701,1,0.57055,0.42190,20.35904,0.96701,1,-0.05776,0.02324,0.63878,0.00375,1,0.01656,0.01454,0.64200,0.00353,1,0,0.00000,30
0.80871,0.67925,5271.26074,0.16064,11810,1,0.94062,0.78328,1,0.67005,0.55857,1,0.80534,0.67092,1,0.26785,0.37833,20.81398,0.96701,1,0.57052,0.42187,20.60355,0.96701,1,-0.05776,0.02324,0.63878,0.00377,1,0.01656,0.01454,0.64200,0.00354,1,0,0.00000,30
0.80856,0.67896,5271.26074,0.16748,11810,1,0.93898,0.78532,1,0.67026,0.55808,1,0.80462,0.67170,1,0.26779,0.37810,20.85535,0.96072,1,0.57052,0.42186,20.60745,0.96791,1,-0.05703,0.02301,0.63126,0.00368,1,0.01733,0.01527,0.66995,0.00352,1,0,0.00000,30
0.80815,0.68053,5271.26074,0.17432,11810,1,0.91184,0.77082,1,0.68334,0.67178,1,0.79759,0.72130,1,0.26788,0.37808,20.76107,0.96162,1,0.57074,0.42184,20.35536,0.96881,1,-0.05703,0.02301,0.63126,0.00367,1,0.01733,0.01527,0.66995,0.00352,1,0,0.00000,30
0.80803,0.68177,5271.26074,0.18115,11810,1,0.91984,0.77075,1,0.68969,0.65990,1,0.80476,0.71532,1,0.26814,0.37821,20.35188,0.96253,1,0.57074,0.42155,20.53499,0.96972,1,-0.05703,0.02301,0.63126,0.00377,1,0.01733,0.01527,0.66995,0.00354,1,0,0.00000,30
0.80801,0.68277,5271.26074,0.18750,11810,1,0.92158,0.76832,1,0.69356,0.65324,1,0.80757,0.71078,1,0.26811,0.37806,20.36938,0.96972,1,0.57087,0.42150,20.34438,0.98499,1,-0.05806,0.02344,0.64320,0.00369,1,0.01768,0.01559,0.68150,0.00354,1,0,0.00000,30
0.80823,0.68337,5271.26074,0.19434,11810,1,0.92985,0.74902,1,0.69926,0.65252,1,0.81456,0.70077,1,0.26816,0.37788,20.44484,0.99128,1,0.57091,0.42154,20.37124,0.99937,1,-0.05806,0.02344,0.64320,0.00366,1,0.01768,0.01559,0.68150,0.00356,1,0,0.00000,30
0.80876,0.68367,5271.26074,0.20117,11810,1,0.93713,0.74168,1,0.71221,0.64374,1,0.82467,0.69271,1,0.26821,0.37783,20.39697,1.00566,1,0.57099,0.42174,20.46247,1.01374,1,-0.05806,0.02344,0.64320,0.00366,1,0.01768,0.01559,0.68150,0.00349,1,0,0.00000,30
0.80931,0.68388,5271.26074,0.20752,11810,1,0.94070,0.73657,1,0.71198,0.64413,1,0.82634,0.69035,1,0.26821,0.37783,20.39697,1.02003,1,0.57099,0.42183,20.48938,1.01284,1,-0.05806,0.02344,0.64320,0.00366,1,0.01654,0.01450,0.63376,0.00345,1,0,0.00000,30
0.80988,0.68262,5271.26074,0.21436,11810,1,0.94319,0.75680,1,0.71304,0.52754,1,0.82812,0.64217,1,0.26822,0.37783,20.42879,1.01284,1,0.57110,0.42169,20.00480,0.99756,1,-0.05806,0.02344,0.64320,0.00365,1,0.01654,0.01450,0.63376,0.00353,1,0,0.00000,30
0.81073,0.68160,5271.26074,0.22119,11810,1,0.95101,0.75274,1,0.72663,0.54367,1,0.83882,0.64821,1,0.26825,0.37783,20.55666,0.99756,1,0.57119,0.42174,20.19459,0.98229,1,-0.05806,0.02344,0.64320,0.00363,1,0.01654,0.01450,0.63376,0.00351,1,0,0.00000,30
0.81141,0.68084,5271.26074,0.22803,11810,1,0.94698,0.75806,1,0.72229,0.55198,1,0.83463,0.65502,1,0.26842,0.37800,20.68664,0.98229,1,0.57120,0.42179,20.47113,0.96701,1,-0.05806,0.02344,0.64320,0.00370,1,0.01654,0.01440,0.63376,0.00350,1,0,0.00000,30
0.81094,0.68031,5271.26074,0.23438,11810,1,0.92562,0.75213,1,0.66330,0.57081,1,0.79446,0.66147,1,0.26839,0.37799,20.78630,0.96701,1,0.57122,0.42190,20.67630,0.96701,1,-0.05806,0.02344,0.64320,0.00370,1,0.01654,0.01440,0.63376,0.00352,1,0,0.00000,30
0.81066,0.67985,5271.26074,0.24170,11810,1,0.92784,0.75088,1,0.67285,0.57610,1,0.80034,0.66349,1,0.26843,0.37804,20.86591,0.96701,1,0.57131,0.42192,20.60555,0.96701,1,-0.05806,0.02344,0.64320,0.00366,1,0.01654,0.01440,0.63376,0.00347,1,0,0.00000,30
0.81041,0.67937,5271.26074,0.24805,11810,1,0.92784,0.75088,1,0.67454,0.57235,1,0.80119,0.66161,1,0.26844,0.37805,20.88159,0.96701,1,0.57140,0.42195,20.47963,0.97420,1,-0.05751,0.02326,0.63816,0.00365,1,0.01732,0.01499,0.66183,0.00347,1,0,0.00000,30
0.81044,0.67907,5271.26074,0.25488,11810,1,0.93522,0.75788,1,0.68835,0.57758,1,0.81178,0.66773,1,0.26858,0.37811,21.02452,0.97420,1,0.57158,0.42208,20.33710,0.98139,1,-0.05751,0.02326,0.63816,0.00368,1,0.01732,0.01499,0.66183,0.00351,1,0,0.00000,30
0.81071,0.67867,5271.26074,0.26123,11810,1,0.94927,0.75595,1,0.69259,0.56957,1,0.82093,0.66276,1,0.26855,0.37813,21.14824,0.98139,1,0.57158,0.42208,20.33710,0.98858,1,-0.05751,0.02326,0.63816,0.00367,1,0.01732,0.01499,0.66183,0.00351,1,0,0.00000,30
0.81100,0.67820,5271.26074,0.26807,11810,1,0.95118,0.75343,1,0.69439,0.56586,1,0.82278,0.65964,1,0.26860,0.37809,20.94559,0.98858,1,0.57162,0.42207,20.52614,0.99577,1,-0.05869,0.02378,0.65230,0.00368,1,0.01734,0.01492,0.65894,0.00350,1,0,0.00000,30
0.81106,0.67813,5271.26074,0.27490,11810,1,0.92601,0.75894,1,0.70085,0.59169,1,0.81343,0.67531,1,0.26880,0.37800,20.78742,0.99577,1,0.57170,0.42220,20.70596,0.99577,1,-0.05869,0.02378,0.65230,0.00364,1,0.01734,0.01492,0.65894,0.00346,1,0,0.00000,30
0.81131,0.67789,5271.26074,0.28174,11810,1,0.92823,0.75493,1,0.71564,0.58022,1,0.82194,0.66757,1,0.26882,0.37797,20.88943,0.99577,1,0.57179,0.42225,20.63570,0.99577,1,-0.05869,0.02378,0.65230,0.00364,1,0.01734,0.01492,0.65894,0.00349,1,0,0.00000,30
0.81153,0.67769,5271.26074,0.28809,11810,1,0.92823,0.75493,1,0.71370,0.58382,1,0.82096,0.66938,1,0.26892,0.37794,20.49218,0.99577,1,0.57182,0.42219,20.56596,0.98858,1,-0.05869,0.02373,0.65230,0.00368,1,0.01719,0.01475,0.65124,0.00347,1,0,0.00000,30
0.81179,0.67750,5271.26074,0.29492,11810,1,0.92691,0.74643,1,0.71970,0.59150,1,0.82330,0.66896,1,0.26893,0.37788,20.59456,0.98858,1,0.57184,0.42223,20.52111,0.98139,1,-0.05869,0.02373,0.65230,0.00365,1,0.01719,0.01475,0.65124,0.00348,1,0,0.00000,30
0.81208,0.67747,5271.26074,0.30127,11810,1,0.92967,0.75231,1,0.72012,0.60004,1,0.82490,0.67617,1,0.26893,0.37786,20.61308,0.98139,1,0.57187,0.42215,20.39095,0.97420,1,-0.05869,0.02373,0.65230,0.00366,1,0.01719,0.01475,0.65124,0.00347,1,0,0.00000,30
0.81231,0.67751,5271.26074,0.30811,11810,1,0.92790,0.75484,1,0.71809,0.60358,1,0.82300,0.67921,1,0.26893,0.37786,20.61308,0.97420,1,0.57189,0.42212,20.28159,0.96701,1,-0.05869,0.02378,0.65230,0.00366,1,0.01719,0.01475,0.65124,0.00348,1,0,0.00000,30
0.81239,0.67732,5271.26074,0.31494,11810,1,0.91953,0.74516,1,0.71316,0.59217,1,0.81635,0.66866,1,0.26894,0.37777,20.54839,0.96701,1,0.57192,0.42212,20.37513,0.96701,1,-0.05869,0.02378,0.65230,0.00366,1,0.01719,0.01475,0.65124,0.00347,1,0,0.00000,30
0.81253,0.67671,5271.26074,0.32178,11810,1,0.92032,0.73924,1,0.70640,0.58946,1,0.81336,0.66435,1,0.26898,0.37783,20.45553,0.96701,1,0.57185,0.42192,20.18501,0.96701,1,-0.05869,0.02378,0.65230,0.00370,1,0.01719,0.01475,0.65124,0.00349,1,0,0.00000,30
0.81296,0.67595,5271.26074,0.32861,11810,1,0.92032,0.73924,1,0.70640,0.58946,1,0.81336,0.66435,1,0.26879,0.37789,21.06413,0.96701,1,0.57171,0.42193,20.44023,0.96701,1,-0.05869,0.02378,0.65230,0.00368,1,0.01719,0.01475,0.65124,0.00348,1,0,0.00000,30
0.81286,0.67548,5271.26074,0.33545,11810,1,0.93615,0.74465,1,0.69192,0.57552,1,0.81403,0.66009,1,0.26862,0.37795,21.18527,0.96701,1,0.57166,0.42197,20.51032,0.96701,1,-0.05869,0.02378,0.65230,0.00367,1,0.01719,0.01475,0.65124,0.00348,1,0,0.00000,30
0.81228,0.67518,5271.26074,0.34277,11810,1,0.90161,0.74606,1,0.68339,0.57922,1,0.79250,0.66264,1,0.26806,0.37788,20.66894,0.96701,1,0.57098,0.42189,20.34266,0.96701,1,-0.05869,0.02378,0.65230,0.00369,1,0.01719,0.01475,0.65124,0.00348,1,0,0.00000,30
0.81171,0.67486,5271.26074,0.34863,11810,1,0.90161,0.74606,1,0.68516,0.57549,1,0.79339,0.66077,1,0.26753,0.37786,20.83336,0.96701,1,0.57045,0.42194,20.88018,0.97420,1,-0.05777,0.02325,0.63783,0.00362,1,0.01680,0.01488,0.65692,0.00341,1,0,0.00000,30
0.80639,0.67505,5271.26074,0.35547,11810,1,0.68308,0.69255,1,0.44588,0.65849,1,0.56448,0.67552,1,0.26338,0.37852,21.19591,0.97420,1,0.56588,0.42226,20.60267,0.98139,1,-0.05777,0.02325,0.63783,0.00374,1,0.01680,0.01488,0.65692,0.00357,1,0,0.00000,30
0.76400,0.66723,5271.26074,0.35547,11810,0,0.57362,0.66873,1,0.36314,0.64464,1,0.46838,0.65669,1,0.26048,0.37830,21.22962,0.98139,1,0.56266,0.42188,19.26040,0.98858,1,-0.05777,0.02325,0.63783,0.00358,1,0.01680,0.01488,0.65692,0.00343,1,0,0.00000,30
0.61600,0.66123,5271.26074,0.35547,11810,0,0.57285,0.66582,1,0.36314,0.64464,1,0.46799,0.65523,1,0.26008,0.37856,21.24383,0.98858,1,0.56184,0.42231,20.30311,0.98858,1,-0.05741,0.02259,0.62358,0.00374,1,0.01528,0.01466,0.64501,0.00356,1,0,0.00000,30
0.50981,0.65492,5271.26074,0.35547,11810,0,0.42295,0.61465,1,0.17191,0.66997,1,0.29743,0.64231,1,0.25597,0.37870,21.64515,0.98858,1,0.55683,0.42249,20.21062,0.98139,1,-0.05741,0.02259,0.62358,0.00365,1,0.01528,0.01466,0.64501,0.00361,1,0,0.00000,30
0.32731,0.65788,5271.26074,0.35547,11810,0,0.33943,0.64866,1,0.09361,0.70355,1,0.21652,0.67610,1,0.25431,0.37903,22.06219,0.98139,1,0.55533,0.42288,20.71615,0.97420,1,-0.05741,0.02259,0.62358,0.00361,1,0.01528,0.01466,0.64501,0.00354,1,0,0.00000,30
0.27315,0.66847,5271.26074,0.35547,11810,0,0.34188,0.65158,1,0.09607,0.70652,1,0.21898,0.67905,1,0.25348,0.37906,21.62946,0.97420,1,0.55449,0.42267,20.39146,0.96701,1,-0.06206,0.02405,0.66538,0.00360,1,0.01456,0.01485,0.65583,0.00368,1,0,0.00000,30
0.24008,0.67818,5271.26074,0.35547,11810,0,0.28196,0.64174,1,0.06594,0.75347,1,0.17395,0.69761,1,0.25173,0.37906,21.84210,0.96701,1,0.55285,0.42313,20.60832,0.96701,1,-0.06206,0.02405,0.66538,0.00362,1,0.01456,0.01485,0.65583,0.00350,1,0,0.00000,30
0.19145,0.68610,5271.26074,0.35547,11810,0,0.29103,0.62873,1,0.07185,0.73457,1,0.18144,0.68165,1,0.25150,0.37905,21.69195,0.96701,1,0.55290,0.42322,20.31268,0.96701,1,-0.06206,0.02405,0.66538,0.00362,1,0.01456,0.01485,0.65583,0.00351,1,0,0.00000,30
0.18579,0.68319,5271.26074,0.35547,11810,0,0.29103,0.62873,1,0.06921,0.73181,1,0.18012,0.68027,1,0.25149,0.37915,22.08588,0.96701,1,0.55284,0.42314,20.52420,0.97420,1,-0.05975,0.02308,0.63856,0.00362,1,0.01444,0.01479,0.65279,0.00347,1,0,0.00000,30
0.18492,0.68226,5271.26074,0.35547,11810,0,0.27717,0.62076,1,0.08921,0.74006,1,0.18319,0.68041,1,0.25121,0.37917,21.81923,0.97420,1,0.55306,0.42309,20.52232,0.98139,1,-0.05975,0.02308,0.63856,0.00366,1,0.01444,0.01479,0.65279,0.00360,1,0,0.00000,30
0.18212,0.67941,5271.66260,0.02002,11811,1,0.28595,0.62427,1,0.06144,0.71744,1,0.17370,0.67086,1,0.25089,0.37915,21.54075,0.98139,1,0.55275,0.42300,20.13179,0.98858,1,-0.05975,0.02308,0.63856,0.00368,1,0.01444,0.01479,0.65279,0.00359,1,0,0.00000,30
0.18015,0.67739,5271.66260,0.02686,11811,1,0.28312,0.62121,1,0.06144,0.71744,1,0.17228,0.66933,1,0.25094,0.37906,21.79513,0.98858,1,0.55262,0.42301,20.09249,0.98858,1,-0.05987,0.02305,0.63773,0.00364,1,0.01402,0.01451,0.64050,0.00356,1,0,0.00000,30
0.17955,0.67652,5271.66260,0.03369,11811,1,0.28988,0.62843,1,0.06320,0.71583,1,0.17654,0.67213,1,0.25071,0.37915,21.96184,0.98858,1,0.55268,0.42295,20.24175,0.98139,1,-0.05987,0.02305,0.63773,0.00366,1,0.01402,0.01451,0.64050,0.00353,1,0,0.00000,30
0.17904,0.67547,5271.66260,0.04102,11811,1,0.29169,0.63457,1,0.06032,0.70383,1,0.17601,0.66920,1,0.25061,0.37924,22.22285,0.98139,1,0.55268,0.42292,20.20363,0.97420,1,-0.05987,0.02305,0.63773,0.00363,1,0.01402,0.01451,0.64050,0.00352,1,0,0.00000,30
0.17931,0.67539,5271.66260,0.04688,11811,1,0.29692,0.64020,1,0.06539,0.70941,1,0.18115,0.67481,1,0.25051,0.37922,21.76844,0.96791,1,0.55267,0.42296,20.18239,0.96072,1,-0.05843,0.02248,0.62193,0.00365,1,0.01402,0.01451,0.64050,0.00350,1,0,0.00000,30
0.17902,0.67616,5271.66260,0.05371,11811,1,0.27148,0.64775,1,0.08200,0.71696,1,0.17674,0.68235,1,0.25020,0.37910,21.76429,0.95444,1,0.55251,0.42280,20.42860,0.95444,1,-0.05843,0.02248,0.62193,0.00364,1,0.01402,0.01451,0.64050,0.00352,1,0,0.00000,30
0.17959,0.67568,5271.66260,0.06006,11811,1,0.28801,0.63142,1,0.08133,0.71136,1,0.18467,0.67139,1,0.25011,0.37902,21.60723,0.94815,1,0.55248,0.42281,20.54987,0.94815,1,-0.05843,0.02248,0.62193,0.00363,1,0.01402,0.01451,0.64050,0.00348,1,0,0.00000,30
0.18005,0.67529,5271.66260,0.06689,11811,1,0.28801,0.63142,1,0.08133,0.71136,1,0.18467,0.67139,1,0.25014,0.37907,21.77662,0.94815,1,0.55237,0.42286,20.50412,0.94815,1,-0.05768,0.02214,0.61246,0.00363,1,0.01402,0.01451,0.64050,0.00350,1,0,0.00000,30
0.18110,0.67419,5271.66260,0.07373,11811,1,0.29738,0.62817,1,0.08791,0.69598,1,0.19264,0.66208,1,0.24992,0.37910,21.97996,0.95444,1,0.55229,0.42274,20.46791,0.95444,1,-0.05768,0.02214,0.61246,0.00369,1,0.01402,0.01451,0.64050,0.00349,1,0,0.00000,30
0.18107,0.67283,5271.66260,0.08057,11811,1,0.28191,0.62215,1,0.07962,0.69090,1,0.18077,0.65653,1,0.24978,0.37905,22.05663,0.96072,1,0.55213,0.42282,20.52805,0.96072,1,-0.05768,0.02214,0.61246,0.00369,1,0.01402,0.01451,0.64050,0.00347,1,0,0.00000,30
0.18105,0.67167,5271.66260,0.08691,11811,1,0.28191,0.62215,1,0.07962,0.69090,1,0.18077,0.65653,1,0.24964,0.37898,21.58352,0.96072,1,0.55202,0.42271,20.33437,0.96072,1,-0.05848,0.02243,0.62050,0.00371,1,0.01405,0.01468,0.64607,0.00352,1,0,0.00000,30
0.18082,0.66970,5271.66260,0.09375,11811,1,0.28707,0.60826,1,0.06809,0.67592,1,0.17758,0.64209,1,0.24928,0.37898,21.55560,0.95444,1,0.55199,0.42264,20.46755,0.95444,1,-0.05848,0.02243,0.62050,0.00365,1,0.01405,0.01468,0.64607,0.00353,1,0,0.00000,30
0.18007,0.67014,5271.66260,0.10010,11811,1,0.28000,0.61854,1,0.05773,0.73515,1,0.16886,0.67685,1,0.24920,0.37893,21.78457,0.94815,1,0.55180,0.42258,20.24278,0.94815,1,-0.05848,0.02243,0.62050,0.00366,1,0.01405,0.01468,0.64607,0.00351,1,0,0.00000,30
0.17941,0.67054,5271.66260,0.10693,11811,1,0.28000,0.61854,1,0.05773,0.73515,1,0.16886,0.67685,1,0.24919,0.37902,21.99924,0.94815,1,0.55183,0.42259,20.34365,0.94815,1,-0.06007,0.02298,0.63580,0.00368,1,0.01391,0.01464,0.64428,0.00351,1,0,0.00000,30
0.17971,0.67150,5271.66260,0.11475,11811,1,0.28822,0.63502,1,0.08115,0.74068,1,0.18469,0.68785,1,0.24904,0.37909,21.94052,0.95444,1,0.55185,0.42264,20.56551,0.95444,1,-0.06007,0.02298,0.63580,0.00370,1,0.01391,0.01464,0.64428,0.00351,1,0,0.00000,30
0.17946,0.67238,5271.66260,0.12061,11811,1,0.28204,0.63805,1,0.06786,0.73829,1,0.17495,0.68817,1,0.24889,0.37911,22.01493,0.96072,1,0.55170,0.42255,20.71935,0.96072,1,-0.06007,0.02298,0.63580,0.00369,1,0.01391,0.01464,0.64428,0.00352,1,0,0.00000,30
0.17911,0.67304,5271.66260,0.12695,11811,1,0.27948,0.63540,1,0.06550,0.73588,1,0.17249,0.68564,1,0.24885,0.37901,21.92017,0.96701,1,0.55166,0.42256,20.74856,0.96701,1,-0.06007,0.02298,0.63580,0.00368,1,0.01391,0.01464,0.64428,0.00351,1,0,0.00000,30
0.17937,0.67198,5271.66260,0.13428,11811,1,0.28298,0.63239,1,0.08621,0.66897,1,0.18459,0.65068,1,0.24856,0.37916,21.79173,0.96701,1,0.55148,0.42263,20.78214,0.96701,1,-0.06007,0.02298,0.63580,0.00367,1,0.01391,0.01464,0.64428,0.00356,1,0,0.00000,30
0.17932,0.67149,5271.66260,0.14062,11811,1,0.27830,0.64266,1,0.07841,0.68010,1,0.17835,0.66138,1,0.24844,0.37913,21.55029,0.96701,1,0.55137,0.42258,20.52224,0.96701,1,-0.06007,0.02298,0.63580,0.00369,1,0.01391,0.01464,0.64428,0.00354,1,0,0.00000,30
0.17939,0.67117,5271.66260,0.14697,11811,1,0.28087,0.64527,1,0.08067,0.68288,1,0.18077,0.66408,1,0.24847,0.37915,21.98087,0.96072,1,0.55126,0.42259,20.30370,0.96072,1,-0.05927,0.02263,0.62592,0.00366,1,0.01391,0.01464,0.64428,0.00357,1,0,0.00000,30
0.17973,0.67167,5271.66260,0.15430,11811,1,0.30163,0.63998,1,0.07347,0.72646,1,0.18755,0.68322,1,0.24832,0.37914,22.01954,0.95444,1,0.55118,0.42256,20.60847,0.95444,1,-0.05927,0.02263,0.62592,0.00369,1,0.01391,0.01464,0.64428,0.00354,1,0,0.00000,30
0.17984,0.67199,5271.66260,0.16211,11811,1,0.29600,0.63491,1,0.06924,0.72437,1,0.18262,0.67964,1,0.24832,0.37914,22.01954,0.94815,1,0.55100,0.42251,20.07811,0.94815,1,-0.05927,0.02263,0.62592,0.00369,1,0.01391,0.01464,0.64428,0.00356,1,0,0.00000,30
0.17990,0.67223,5271.66260,0.16797,11811,1,0.29600,0.63491,1,0.06653,0.72147,1,0.18126,0.67819,1,0.24830,0.37916,22.01098,0.94815,1,0.55104,0.42237,20.36215,0.95534,1,-0.06064,0.02313,0.63983,0.00369,1,0.01424,0.01509,0.66184,0.00355,1,0,0.00000,30
0.17973,0.67305,5271.66260,0.17432,11811,1,0.28860,0.61337,1,0.06246,0.77530,1,0.17553,0.69433,1,0.24823,0.37906,22.12942,0.96162,1,0.55104,0.42237,20.36215,0.96881,1,-0.06064,0.02313,0.63983,0.00369,1,0.01424,0.01509,0.66184,0.00355,1,0,0.00000,30
0.17937,0.67348,5271.66260,0.18066,11811,1,0.28234,0.61195,1,0.05688,0.75851,1,0.16961,0.68523,1,0.24821,0.37909,22.12337,0.97510,1,0.55109,0.42240,20.55558,0.98229,1,-0.06064,0.02313,0.63983,0.00368,1,0.01424,0.01509,0.66184,0.00354,1,0,0.00000,30
0.17886,0.67371,5271.66260,0.18750,11811,1,0.27696,0.60603,1,0.05180,0.75375,1,0.16438,0.67989,1,0.24821,0.37909,22.12337,0.98858,1,0.55105,0.42233,20.38249,0.99577,1,-0.06064,0.02313,0.63983,0.00368,1,0.01424,0.01509,0.66184,0.00354,1,0,0.00000,30
0.17805,0.67401,5271.66260,0.19434,11811,1,0.26620,0.60567,1,0.04297,0.75981,1,0.15458,0.68274,1,0.24811,0.37910,22.35258,0.99577,1,0.55106,0.42238,20.30505,0.99577,1,-0.06064,0.02313,0.63983,0.00368,1,0.01424,0.01509,0.66184,0.00355,1,0,0.00000,30
0.17616,0.67343,5271.66260,0.20068,11811,1,0.23350,0.61682,1,0.00553,0.69566,1,0.11951,0.65624,1,0.24784,0.37928,22.04099,0.99577,1,0.55081,0.42249,20.88161,0.99577,1,-0.06064,0.02313,0.63983,0.00368,1,0.01424,0.01509,0.66184,0.00350,1,0,0.00000,30
0.17444,0.67294,5271.66260,0.20947,11811,1,0.23350,0.61682,1,0.00855,0.69865,1,0.12103,0.65773,1,0.24772,0.37921,21.72672,0.99577,1,0.55059,0.42244,20.34737,0.98858,1,-0.06064,0.02313,0.63983,0.00370,1,0.01361,0.01457,0.63917,0.00355,1,0,0.00000,30
0.17235,0.67257,5271.66260,0.21680,11811,1,0.20300,0.60650,1,0.00837,0.71474,1,0.10569,0.66062,1,0.24736,0.37907,22.07619,0.98858,1,0.55028,0.42247,20.50810,0.98139,1,-0.06064,0.02313,0.63983,0.00369,1,0.01361,0.01457,0.63917,0.00356,1,0,0.00000,30
0.17096,0.67199,5271.66260,0.22266,11811,1,0.21953,0.59791,1,0.03046,0.70815,1,0.12500,0.65303,1,0.24749,0.37911,21.79372,0.98139,1,0.55035,0.42243,20.67898,0.97420,1,-0.06064,0.02313,0.63983,0.00371,1,0.01361,0.01457,0.63917,0.00353,1,0,0.00000,30
0.16981,0.67162,5271.66260,0.22852,11811,1,0.22572,0.60391,1,0.03593,0.71368,1,0.13083,0.65880,1,0.24749,0.37910,21.80652,0.96791,1,0.55038,0.42249,20.46424,0.96072,1,-0.05900,0.02249,0.62209,0.00371,1,0.01361,0.01457,0.63917,0.00355,1,0,0.00000,30
0.16889,0.67137,5271.66260,0.23584,11811,1,0.23314,0.60432,1,0.04010,0.72123,1,0.13662,0.66278,1,0.24757,0.37912,22.09964,0.95444,1,0.55053,0.42247,20.37228,0.95444,1,-0.05900,0.02249,0.62209,0.00369,1,0.01361,0.01457,0.63917,0.00350,1,0,0.00000,30
0.16812,0.67134,5271.66260,0.24170,11811,1,0.23611,0.61546,1,0.04454,0.72519,1,0.14032,0.67032,1,0.24755,0.37910,22.18196,0.94815,1,0.55055,0.42245,20.30228,0.94815,1,-0.05900,0.02249,0.62209,0.00369,1,0.01361,0.01457,0.63917,0.00356,1,0,0.00000,30
0.14051,0.66956,5271.66260,0.24170,11811,0,0.23900,0.61826,1,0.04707,0.72772,1,0.14303,0.67299,1,0.24757,0.37912,22.09964,0.94186,1,0.55054,0.42258,20.37323,0.94186,1,-0.05894,0.02242,0.62144,0.00369,1,0.01385,0.01478,0.65031,0.00357,1,0,0.00000,30
0.14418,0.66213,5271.66260,0.24170,11811,0,0.24531,0.62109,1,0.05039,0.68830,1,0.14785,0.65470,1,0.24757,0.37911,22.10354,0.94186,1,0.55062,0.42260,20.55726,0.94186,1,-0.05894,0.02242,0.62144,0.00369,1,0.01385,0.01478,0.65031,0.00358,1,0,0.00000,30
0.14502,0.65966,5271.66260,0.24170,11811,0,0.24265,0.62579,1,0.05077,0.68363,1,0.14671,0.65471,1,0.24757,0.37913,22.10180,0.94186,1,0.55065,0.42264,20.70267,0.94186,1,-0.05894,0.02242,0.62144,0.00369,1,0.01385,0.01478,0.65031,0.00357,1,0,0.00000,30
0.14477,0.65772,5271.91113,0.02002,11812,1,0.23979,0.62303,1,0.04827,0.68080,1,0.14403,0.65191,1,0.24755,0.37910,22.18196,0.94815,1,0.55068,0.42265,20.78596,0.94815,1,-0.06112,0.02326,0.64489,0.00369,1,0.01385,0.01478,0.65031,0.00356,1,0,0.00000,30
0.14242,0.65547,5271.91113,0.02686,11812,1,0.23998,0.61561,1,0.02606,0.67732,1,0.13302,0.64646,1,0.24757,0.37902,21.86955,0.95444,1,0.55068,0.42262,20.71220,0.95444,1,-0.06112,0.02326,0.64489,0.00375,1,0.01385,0.01478,0.65031,0.00356,1,0,0.00000,30
0.13995,0.65064,5271.91113,0.03369,11812,1,0.23109,0.60583,1,0.02406,0.64714,1,0.12758,0.62648,1,0.24760,0.37903,21.97462,0.96072,1,0.55080,0.42250,20.82121,0.96072,1,-0.06112,0.02326,0.64489,0.00374,1,0.01385,0.01478,0.65031,0.00350,1,0,0.00000,30
0.13779,0.64677,5271.91113,0.04053,11812,1,0.22821,0.60301,1,0.02145,0.64410,1,0.12483,0.62355,1,0.24755,0.37908,21.94379,0.96701,1,0.55077,0.42246,20.69959,0.96701,1,-0.06112,0.02326,0.64489,0.00371,1,0.01385,0.01478,0.65031,0.00350,1,0,0.00000,30
0.13675,0.64773,5271.91113,0.04688,11812,1,0.23806,0.59519,1,0.02089,0.71372,1,0.12947,0.65446,1,0.24767,0.37889,21.91972,0.96701,1,0.55079,0.42244,20.72281,0.96701,1,-0.06112,0.02326,0.64489,0.00375,1,0.01385,0.01478,0.65031,0.00351,1,0,0.00000,30
0.13658,0.64804,5271.91113,0.05371,11812,1,0.24056,0.59372,1,0.02996,0.70725,1,0.13526,0.65049,1,0.24768,0.37876,22.01706,0.96701,1,0.55079,0.42243,20.73262,0.96701,1,-0.06112,0.02326,0.64489,0.00371,1,0.01385,0.01478,0.65031,0.00352,1,0,0.00000,30
0.13630,0.64813,5271.91113,0.06006,11812,1,0.24056,0.59372,1,0.02702,0.70427,1,0.13379,0.64900,1,0.24770,0.37879,22.00162,0.96701,1,0.55080,0.42237,20.56831,0.97420,1,-0.06064,0.02313,0.63983,0.00370,1,0.01423,0.01518,0.66597,0.00354,1,0,0.00000,30
0.13625,0.64983,5271.91113,0.06689,11812,1,0.24959,0.58394,1,0.02190,0.74956,1,0.13575,0.66675,1,0.24778,0.37877,22.23500,0.97420,1,0.55085,0.42229,20.62699,0.98139,1,-0.06064,0.02313,0.63983,0.00370,1,0.01423,0.01518,0.66597,0.00351,1,0,0.00000,30
0.13584,0.65070,5271.91113,0.07373,11812,1,0.24205,0.57798,1,0.02053,0.74271,1,0.13129,0.66035,1,0.24774,0.37871,22.16268,0.98139,1,0.55087,0.42227,20.54231,0.98858,1,-0.06064,0.02313,0.63983,0.00372,1,0.01423,0.01518,0.66597,0.00357,1,0,0.00000,30
0.13526,0.65121,5271.91113,0.07959,11812,1,0.23891,0.57464,1,0.01758,0.74006,1,0.12824,0.65735,1,0.24774,0.37874,22.16585,0.98858,1,0.55085,0.42227,20.48477,0.99577,1,-0.06112,0.02336,0.64489,0.00372,1,0.01417,0.01507,0.65867,0.00358,1,0,0.00000,30
0.13504,0.65108,5271.91113,0.08643,11812,1,0.24327,0.56360,1,0.02110,0.73504,1,0.13218,0.64932,1,0.24785,0.37864,22.32503,0.99577,1,0.55088,0.42223,20.76979,0.99577,1,-0.06112,0.02336,0.64489,0.00373,1,0.01417,0.01507,0.65867,0.00356,1,0,0.00000,30
0.13491,0.65090,5271.91113,0.09326,11812,1,0.24200,0.55946,1,0.02422,0.73743,1,0.13311,0.64845,1,0.24784,0.37862,22.36248,0.99577,1,0.55089,0.42223,20.77416,0.99577,1,-0.06112,0.02336,0.64489,0.00373,1,0.01417,0.01507,0.65867,0.00355,1,0,0.00000,30
0.13480,0.65075,5271.91113,0.10010,11812,1,0.24200,0.55946,1,0.02422,0.73743,1,0.13311,0.64845,1,0.24782,0.37865,22.35991,0.99577,1,0.55092,0.42209,20.95757,0.99577,1,-0.06112,0.02336,0.64489,0.00375,1,0.01424,0.01519,0.66184,0.00351,1,0,0.00000,30
0.13469,0.65144,5271.91113,0.10693,11812,1,0.24183,0.60423,1,0.02409,0.72066,1,0.13296,0.66245,1,0.24785,0.37847,22.25438,0.99577,1,0.55091,0.42200,20.64369,0.99577,1,-0.06112,0.02336,0.64489,0.00374,1,0.01424,0.01519,0.66184,0.00351,1,0,0.00000,30
0.13450,0.65105,5271.91113,0.11328,11812,1,0.23987,0.58901,1,0.02288,0.70004,1,0.13137,0.64452,1,0.24784,0.37846,22.20661,0.99577,1,0.55094,0.42197,20.69145,0.99577,1,-0.06112,0.02336,0.64489,0.00374,1,0.01424,0.01519,0.66184,0.00348,1,0,0.00000,30
0.13434,0.65071,5271.91113,0.12012,11812,1,0.23987,0.58901,1,0.02288,0.70004,1,0.13137,0.64452,1,0.24788,0.37842,22.43283,0.99577,1,0.55095,0.42187,20.65436,0.99577,1,-0.06112,0.02336,0.64489,0.00370,1,0.01424,0.01519,0.66184,0.00352,1,0,0.00000,30
0.13420,0.64997,5271.91113,0.12695,11812,1,0.24049,0.57507,1,0.02254,0.69697,1,0.13151,0.63602,1,0.24780,0.37833,22.39348,0.99577,1,0.55092,0.42191,20.68999,0.99577,1,-0.06112,0.02336,0.64489,0.00371,1,0.01424,0.01519,0.66184,0.00351,1,0,0.00000,30
0.13405,0.64918,5271.91113,0.13379,11812,1,0.23673,0.57593,1,0.02529,0.69079,1,0.13101,0.63336,1,0.24781,0.37825,22.68269,0.99577,1,0.55092,0.42189,20.68937,0.99577,1,-0.06112,0.02336,0.64489,0.00371,1,0.01424,0.01519,0.66184,0.00352,1,0,0.00000,30
0.13391,0.64846,5271.91113,0.14062,11812,1,0.23673,0.57593,1,0.02529,0.69079,1,0.13101,0.63336,1,0.24776,0.37824,22.50765,0.99577,1,0.55089,0.42186,20.85159,0.99577,1,-0.06112,0.02336,0.64489,0.00369,1,0.01424,0.01519,0.66184,0.00351,1,0,0.00000,30
0.13347,0.64756,5271.91113,0.14697,11812,1,0.23509,0.57094,1,0.01265,0.68456,1,0.12387,0.62775,1,0.24768,0.37820,22.23458,0.99577,1,0.55071,0.42173,20.58078,0.99577,1,-0.06112,0.02336,0.64489,0.00372,1,0.01424,0.01519,0.66184,0.00353,1,0,0.00000,30
0.13288,0.64718,5271.91113,0.15381,11812,1,0.22875,0.57605,1,0.00994,0.70046,1,0.11935,0.63825,1,0.24765,0.37826,22.34893,0.99577,1,0.55072,0.42178,20.43834,0.99577,1,-0.06112,0.02336,0.64489,0.00371,1,0.01424,0.01519,0.66184,0.00353,1,0,0.00000,30
0.13234,0.64682,5271.91113,0.16211,11812,1,0.22875,0.57605,1,0.00994,0.70046,1,0.11935,0.63825,1,0.24765,0.37827,22.32465,0.99577,1,0.55067,0.42184,20.44863,0.99577,1,-0.06112,0.02336,0.64489,0.00372,1,0.01394,0.01497,0.65218,0.00354,1,0,0.00000,30
0.13176,0.64605,5271.91113,0.16748,11812,1,0.22924,0.57244,1,0.00509,0.68099,1,0.11717,0.62672,1,0.24762,0.37829,22.26182,0.99577,1,0.55068,0.42180,20.61749,0.99577,1,-0.06112,0.02336,0.64489,0.00371,1,0.01394,0.01497,0.65218,0.00350,1,0,0.00000,30
0.13103,0.64551,5271.91113,0.17334,11812,1,0.21770,0.57477,1,0.00678,0.68855,1,0.11224,0.63166,1,0.24759,0.37837,22.21022,0.99577,1,0.55070,0.42169,20.57620,0.99577,1,-0.06112,0.02336,0.64489,0.00375,1,0.01394,0.01497,0.65218,0.00356,1,0,0.00000,30
0.13036,0.64502,5271.91113,0.18066,11812,1,0.21770,0.57477,1,0.00678,0.68855,1,0.11224,0.63166,1,0.24750,0.37833,21.91001,0.99577,1,0.55073,0.42191,20.83637,0.99577,1,-0.06112,0.02336,0.64489,0.00376,1,0.01394,0.01497,0.65218,0.00350,1,0,0.00000,30
0.12971,0.64476,5271.91113,0.18701,11812,1,0.21788,0.57820,1,0.00483,0.69702,1,0.11135,0.63761,1,0.24749,0.37831,22.02943,0.99577,1,0.55052,0.42188,20.77157,0.99577,1,-0.06112,0.02336,0.64489,0.00375,1,0.01394,0.01497,0.65218,0.00348,1,0,0.00000,30
0.12897,0.64447,5271.91113,0.19385,11812,1,0.21244,0.57959,1,0.00263,0.69259,1,0.10753,0.63609,1,0.24745,0.37827,22.13944,0.99577,1,0.55051,0.42186,20.63480,0.99577,1,-0.06112,0.02336,0.64489,0.00375,1,0.01394,0.01497,0.65218,0.00348,1,0,0.00000,30
0.12850,0.64442,5271.91113,0.20068,11812,1,0.21792,0.58503,1,0.01073,0.70062,1,0.11433,0.64282,1,0.24744,0.37828,22.45205,0.98382,1,0.55052,0.42184,20.84423,0.97663,1,-0.05877,0.02238,0.61920,0.00371,1,0.01361,0.01467,0.63925,0.00349,1,0,0.00000,30
0.12869,0.64392,5271.91113,0.20801,11812,1,0.25252,0.54633,1,0.01702,0.71035,1,0.13477,0.62834,1,0.24742,0.37828,22.39620,0.96469,1,0.55050,0.42179,20.73178,0.95750,1,-0.05877,0.02238,0.61920,0.00373,1,0.01361,0.01467,0.63925,0.00348,1,0,0.00000,30
0.12901,0.64378,5271.91113,0.21387,11812,1,0.25939,0.55959,1,0.01875,0.71902,1,0.13907,0.63930,1,0.24738,0.37835,22.42362,0.94555,1,0.55050,0.42180,20.74007,0.93836,1,-0.05877,0.02238,0.61920,0.00372,1,0.01361,0.01467,0.63925,0.00348,1,0,0.00000,30
0.12955,0.64390,5271.91113,0.22070,11812,1,0.26770,0.56920,1,0.02705,0.72696,1,0.14737,0.64808,1,0.24742,0.37840,22.48237,0.92642,1,0.55050,0.42179,20.73178,0.91923,1,-0.05877,0.02238,0.61920,0.00372,1,0.01361,0.01467,0.63925,0.00348,1,0,0.00000,30
0.13168,0.64416,5271.91113,0.22754,11812,1,0.31074,0.58044,1,0.09767,0.72524,1,0.20421,0.65284,1,0.24810,0.37834,21.93211,0.91923,1,0.55128,0.42189,20.82726,0.91923,1,-0.05877,0.02238,0.61920,0.00369,1,0.01361,0.01467,0.63925,0.00347,1,0,0.00000,30
0.13524,0.64426,5271.91113,0.23438,11812,1,0.36812,0.58523,1,0.15174,0.71034,1,0.25993,0.64779,1,0.24940,0.37833,21.97770,0.91923,1,0.55232,0.42176,20.62034,0.91923,1,-0.05877,0.02238,0.61920,0.00368,1,0.01361,0.01467,0.63925,0.00355,1,0,0.00000,30
0.13851,0.64421,5271.91113,0.24023,11812,1,0.36416,0.57927,1,0.14814,0.70523,1,0.25615,0.64225,1,0.24983,0.37833,21.71147,0.93118,1,0.55286,0.42165,20.59467,0.93118,1,-0.05768,0.02214,0.61246,0.00369,1,0.01402,0.01470,0.64049,0.00357,1,0,0.00000,30
0.16762,0.63781,5271.91113,0.24023,11812,0,0.42762,0.58386,1,0.19687,0.64673,1,0.31224,0.61529,1,0.25159,0.37820,21.89231,0.94312,1,0.55413,0.42120,20.58436,0.94312,1,-0.05768,0.02214,0.61246,0.00371,1,0.01402,0.01470,0.64049,0.00364,1,0,0.00000,30
0.24083,0.63171,5271.91113,0.24023,11812,0,0.43635,0.62623,1,0.19173,0.62499,1,0.31404,0.62561,1,0.25160,0.37819,21.85975,0.95506,1,0.55379,0.42139,20.35645,0.95506,1,-0.05768,0.02214,0.61246,0.00371,1,0.01402,0.01470,0.64049,0.00361,1,0,0.00000,30
0.26361,0.62651,5271.91113,0.24023,11812,0,0.43336,0.62089,1,0.18499,0.61132,1,0.30917,0.61610,1,0.25175,0.37813,21.99667,0.96701,1,0.55406,0.42123,20.38452,0.98229,1,-0.05933,0.02281,0.63099,0.00365,1,0.01514,0.01577,0.68697,0.00366,1,0,0.00000,30
0.30150,0.61423,5271.91113,0.24023,11812,0,0.40770,0.59829,1,0.15487,0.60369,1,0.28129,0.60099,1,0.25150,0.37779,21.63445,0.98229,1,0.55385,0.42126,20.79139,0.99756,1,-0.05933,0.02281,0.63099,0.00366,1,0.01514,0.01577,0.68697,0.00359,1,0,0.00000,30
0.28814,0.60611,5271.91113,0.24023,11812,0,0.39793,0.59157,1,0.15162,0.60438,1,0.27477,0.59798,1,0.25148,0.37786,21.71867,0.99756,1,0.55384,0.42133,20.72845,1.01284,1,-0.05933,0.02281,0.63099,0.00365,1,0.01514,0.01577,0.68697,0.00360,1,0,0.00000,30
0.28265,0.60164,5271.91113,0.24023,11812,0,0.39371,0.58459,1,0.14966,0.60082,1,0.27168,0.59270,1,0.25138,0.37785,21.46678,1.01284,1,0.55383,0.42128,20.90317,1.02003,1,-0.05768,0.02214,0.61246,0.00366,1,0.01444,0.01509,0.65736,0.00359,1,0,0.00000,30
0.28015,0.59763,5272.17920,0.01953,11813,1,0.38333,0.57627,1,0.16196,0.59497,1,0.27265,0.58562,1,0.25136,0.37787,21.53969,1.02003,1,0.55381,0.42132,20.35966,1.01194,1,-0.05768,0.02214,0.61246,0.00366,1,0.01444,0.01509,0.65736,0.00361,1,0,0.00000,30
0.27812,0.59587,5272.17920,0.02637,11813,1,0.38246,0.57109,1,0.15751,0.60658,1,0.26999,0.58884,1,0.25131,0.37785,21.58644,1.01194,1,0.55385,0.42136,20.39641,1.00385,1,-0.05768,0.02214,0.61246,0.00368,1,0.01444,0.01509,0.65736,0.00361,1,0,0.00000,30
0.27714,0.59535,5272.17920,0.03320,11813,1,0.38479,0.57488,1,0.15969,0.61061,1,0.27224,0.59274,1,0.25134,0.37782,21.56220,1.00385,1,0.55389,0.42137,20.50163,0.99577,1,-0.05768,0.02219,0.61246,0.00367,1,0.01444,0.01509,0.65736,0.00360,1,0,0.00000,30
0.27880,0.59482,5272.17920,0.03906,11813,1,0.41564,0.57200,1,0.16191,0.61119,1,0.28878,0.59159,1,0.25130,0.37788,21.86088,0.99577,1,0.55390,0.42130,20.68912,0.99577,1,-0.05768,0.02219,0.61246,0.00365,1,0.01444,0.01509,0.65736,0.00359,1,0,0.00000,30
0.27991,0.59463,5272.17920,0.04639,11813,1,0.41430,0.57475,1,0.16109,0.61190,1,0.28770,0.59332,1,0.25122,0.37781,21.66708,0.99577,1,0.55382,0.42127,20.52607,0.99577,1,-0.05768,0.02219,0.61246,0.00366,1,0.01444,0.01509,0.65736,0.00361,1,0,0.00000,30
0.28088,0.59468,5272.17920,0.05322,11813,1,0.41430,0.57475,1,0.16301,0.61546,1,0.28866,0.59510,1,0.25120,0.37780,21.75746,0.99577,1,0.55382,0.42127,20.52607,0.98858,1,-0.05768,0.02219,0.61246,0.00366,1,0.01402,0.01470,0.64049,0.00361,1,0,0.00000,29
0.28119,0.59188,5272.17920,0.06006,11813,1,0.40606,0.51634,1,0.16181,0.61697,1,0.28393,0.56666,1,0.25111,0.37777,21.69306,0.98858,1,0.55379,0.42112,20.72392,0.98139,1,-0.05768,0.02219,0.61246,0.00364,1,0.01402,0.01470,0.64049,0.00358,1,0,0.00000,29
0.28226,0.59202,5272.17920,0.06641,11813,1,0.42412,0.57203,1,0.16190,0.61484,1,0.29301,0.59344,1,0.25095,0.37766,21.26427,0.98139,1,0.55368,0.42102,20.21654,0.97420,1,-0.05768,0.02219,0.61246,0.00367,1,0.01402,0.01470,0.64049,0.00363,1,0,0.00000,29
0.28346,0.59269,5272.17920,0.07324,11813,1,0.42755,0.57859,1,0.16557,0.62163,1,0.29656,0.60011,1,0.25097,0.37769,21.68427,0.96791,1,0.55360,0.42098,19.96443,0.96072,1,-0.05815,0.02240,0.61706,0.00364,1,0.01402,0.01470,0.64049,0.00366,1,0,0.00000,29
0.28557,0.59171,5272.17920,0.08105,11813,1,0.42707,0.57335,1,0.19481,0.58642,1,0.31094,0.57989,1,0.25091,0.37758,21.73955,0.95444,1,0.55360,0.42094,20.22359,0.95444,1,-0.05815,0.02240,0.61706,0.00365,1,0.01402,0.01470,0.64049,0.00363,1,0,0.00000,29
0.28737,0.59097,5272.17920,0.08691,11813,1,0.42453,0.56991,1,0.19706,0.59273,1,0.31080,0.58132,1,0.25084,0.37760,21.81310,0.94815,1,0.55363,0.42089,20.33112,0.94815,1,-0.05815,0.02240,0.61706,0.00367,1,0.01402,0.01470,0.64049,0.00357,1,0,0.00000,29
0.28893,0.59032,5272.17920,0.09326,11813,1,0.42453,0.56991,1,0.19706,0.59273,1,0.31080,0.58132,1,0.25084,0.37760,21.81310,0.94815,1,0.55361,0.42090,20.31204,0.94815,1,-0.05891,0.02264,0.62356,0.00367,1,0.01402,0.01470,0.64049,0.00357,1,0,0.00000,29
0.29039,0.58945,5272.17920,0.10010,11813,1,0.41449,0.57069,1,0.21007,0.58185,1,0.31228,0.57627,1,0.25060,0.37770,21.40584,0.95444,1,0.55359,0.42075,20.49391,0.95444,1,-0.05891,0.02264,0.62356,0.00373,1,0.01402,0.01470,0.64049,0.00354,1,0,0.00000,29
0.29105,0.58787,5272.17920,0.10645,11813,1,0.39708,0.55519,1,0.20596,0.57009,1,0.30152,0.56264,1,0.25059,0.37769,21.50804,0.96072,1,0.55356,0.42071,20.60256,0.96072,1,-0.05891,0.02264,0.62356,0.00371,1,0.01402,0.01470,0.64049,0.00354,1,0,0.00000,29
0.29154,0.58628,5272.17920,0.11377,11813,1,0.39528,0.55198,1,0.20450,0.56659,1,0.29989,0.55929,1,0.25059,0.37769,21.52963,0.96701,1,0.55339,0.42062,20.35121,0.96701,1,-0.06007,0.02308,0.63580,0.00370,1,0.01402,0.01484,0.64034,0.00352,1,0,0.00000,29
0.29226,0.58704,5272.17920,0.12012,11813,1,0.41827,0.54635,1,0.19208,0.65500,1,0.30517,0.60067,1,0.25047,0.37740,21.48189,0.96701,1,0.55336,0.42057,20.13356,0.96701,1,-0.06007,0.02308,0.63580,0.00368,1,0.01402,0.01484,0.64034,0.00353,1,0,0.00000,29
0.29279,0.58759,5272.17920,0.12646,11813,1,0.41524,0.54623,1,0.19058,0.64988,1,0.30291,0.59806,1,0.25045,0.37743,21.47593,0.96701,1,0.55320,0.42055,20.08360,0.96701,1,-0.06007,0.02308,0.63580,0.00366,1,0.01402,0.01484,0.64034,0.00353,1,0,0.00000,29
0.29323,0.58801,5272.17920,0.13330,11813,1,0.41524,0.54623,1,0.18881,0.64650,1,0.30202,0.59637,1,0.25037,0.37736,21.45729,0.96701,1,0.55327,0.42050,20.17984,0.97420,1,-0.06114,0.02354,0.64719,0.00363,1,0.01443,0.01538,0.66155,0.00351,1,0,0.00000,29
0.29393,0.58862,5272.17920,0.14014,11813,1,0.43707,0.58800,1,0.18041,0.61493,1,0.30874,0.60146,1,0.25023,0.37730,21.53235,0.97420,1,0.55331,0.42029,20.37115,0.98139,1,-0.06114,0.02354,0.64719,0.00364,1,0.01443,0.01538,0.66155,0.00349,1,0,0.00000,29
0.29438,0.58872,5272.17920,0.14697,11813,1,0.43628,0.57931,1,0.17220,0.60236,1,0.30424,0.59084,1,0.25021,0.37724,21.45725,0.98139,1,0.55330,0.42028,20.41192,0.98858,1,-0.06114,0.02354,0.64719,0.00365,1,0.01443,0.01538,0.66155,0.00348,1,0,0.00000,29
0.29474,0.58870,5272.17920,0.15381,11813,1,0.43606,0.57887,1,0.16987,0.59779,1,0.30297,0.58833,1,0.25020,0.37715,21.55951,0.98229,1,0.55327,0.42023,20.54445,0.99757,1,-0.05903,0.02276,0.62432,0.00367,1,0.01474,0.01576,0.67767,0.00349,1,0,0.00000,29
0.29484,0.58834,5272.17920,0.16016,11813,1,0.42476,0.55663,1,0.16997,0.60259,1,0.29736,0.57961,1,0.25008,0.37695,21.10202,0.99128,1,0.55326,0.42020,20.50368,0.99937,1,-0.05903,0.02276,0.62432,0.00367,1,0.01474,0.01576,0.67767,0.00348,1,0,0.00000,29
0.29483,0.58769,5272.17920,0.16699,11813,1,0.41972,0.54895,1,0.16931,0.59418,1,0.29451,0.57157,1,0.25010,0.37700,21.29731,0.99308,1,0.55320,0.42013,20.22804,1.00117,1,-0.05903,0.02276,0.62432,0.00367,1,0.01474,0.01576,0.67767,0.00350,1,0,0.00000,29
0.29478,0.58702,5272.17920,0.17383,11813,1,0.41765,0.54490,1,0.16931,0.59418,1,0.29348,0.56954,1,0.24999,0.37696,21.17883,1.00117,1,0.55320,0.42013,20.27229,1.00117,1,-0.06096,0.02348,0.64423,0.00368,1,0.01421,0.01524,0.65566,0.00350,1,0,0.00000,29
0.29467,0.58586,5272.17920,0.18066,11813,1,0.41659,0.51736,1,0.16688,0.59201,1,0.29173,0.55469,1,0.24999,0.37697,21.20338,1.00746,1,0.55315,0.42006,19.99369,0.99937,1,-0.06096,0.02348,0.64423,0.00368,1,0.01421,0.01524,0.65566,0.00352,1,0,0.00000,29
0.29439,0.58465,5272.17920,0.18701,11813,1,0.40639,0.50509,1,0.16635,0.59644,1,0.28637,0.55076,1,0.25001,0.37698,21.27244,1.00566,1,0.55314,0.42005,19.92929,0.99757,1,-0.06096,0.02348,0.64423,0.00367,1,0.01421,0.01524,0.65566,0.00352,1,0,0.00000,29
0.29417,0.58362,5272.17920,0.19336,11813,1,0.40686,0.50605,1,0.16870,0.60103,1,0.28778,0.55354,1,0.25002,0.37695,21.28117,1.00385,1,0.55314,0.42005,19.92929,0.98858,1,-0.06064,0.02332,0.63983,0.00366,1,0.01379,0.01484,0.63841,0.00352,1,0,0.00000,29
0.29409,0.58270,5272.17920,0.20068,11813,1,0.40650,0.51194,1,0.17685,0.59844,1,0.29168,0.55519,1,0.24996,0.37697,21.22494,0.98858,1,0.55308,0.42000,19.74157,0.98139,1,-0.06064,0.02332,0.63983,0.00364,1,0.01379,0.01484,0.63841,0.00352,1,0,0.00000,29
0.29364,0.58235,5272.17920,0.20654,11813,1,0.40177,0.53507,1,0.15808,0.60815,1,0.27992,0.57161,1,0.24991,0.37694,21.29852,0.98139,1,0.55303,0.42001,19.78002,0.97420,1,-0.06064,0.02332,0.63983,0.00365,1,0.01379,0.01484,0.63841,0.00352,1,0,0.00000,29
0.29329,0.58214,5272.17920,0.21387,11813,1,0.40375,0.53880,1,0.16006,0.61183,1,0.28191,0.57531,1,0.24991,0.37696,21.29392,0.97420,1,0.55302,0.41995,19.93972,0.96701,1,-0.06064,0.02332,0.63983,0.00365,1,0.01379,0.01484,0.63841,0.00352,1,0,0.00000,29
0.29364,0.58202,5272.17920,0.22217,11813,1,0.42388,0.53994,1,0.18682,0.61610,1,0.30535,0.57802,1,0.24983,0.37694,21.28700,0.96701,1,0.55297,0.42005,20.02538,0.96701,1,-0.06064,0.02332,0.63983,0.00362,1,0.01379,0.01484,0.63841,0.00346,1,0,0.00000,29
0.29410,0.58202,5272.17920,0.23096,11813,1,0.43091,0.54761,1,0.18853,0.61667,1,0.30972,0.58214,1,0.24978,0.37696,21.59344,0.96701,1,0.55296,0.42001,20.03942,0.96701,1,-0.06064,0.02332,0.63983,0.00359,1,0.01379,0.01484,0.63841,0.00345,1,0,0.00000,29
0.29454,0.58203,5272.17920,0.23438,11813,1,0.43091,0.54761,1,0.18853,0.61667,1,0.30972,0.58214,1,0.24963,0.37686,21.07042,0.96701,1,0.55295,0.42000,20.23969,0.96701,1,-0.06064,0.02332,0.63983,0.00358,1,0.01379,0.01484,0.63841,0.00344,1,0,0.00000,29
0.29510,0.58184,5272.17920,0.24072,11813,1,0.41268,0.54478,1,0.21791,0.60587,1,0.31529,0.57532,1,0.24951,0.37689,21.13753,0.96701,1,0.55282,0.42010,20.20652,0.96701,1,-0.06064,0.02332,0.63983,0.00360,1,0.01379,0.01484,0.63841,0.00344,1,0,0.00000,29
0.29573,0.58151,5272.17920,0.24707,11813,1,0.43563,0.54734,1,0.20301,0.59076,1,0.31932,0.56905,1,0.24947,0.37688,21.21564,0.96701,1,0.55261,0.42014,20.11445,0.96701,1,-0.06064,0.02332,0.63983,0.00358,1,0.01379,0.01484,0.63841,0.00342,1,0,0.00000,29
0.29632,0.58114,5272.17920,0.25391,11813,1,0.43563,0.54734,1,0.20134,0.58694,1,0.31849,0.56714,1,0.24943,0.37697,21.28304,0.96701,1,0.55252,0.41993,19.60887,0.97420,1,-0.06061,0.02328,0.63855,0.00362,1,0.01424,0.01539,0.66184,0.00346,1,0,0.00000,29
0.29647,0.58080,5272.17920,0.26123,11813,1,0.41678,0.54807,1,0.18778,0.58717,1,0.30228,0.56762,1,0.24926,0.37705,20.96745,0.97420,1,0.55252,0.41989,19.72754,0.98139,1,-0.06061,0.02328,0.63855,0.00363,1,0.01424,0.01539,0.66184,0.00345,1,0,0.00000,29
0.29647,0.58044,5272.17920,0.26807,11813,1,0.41209,0.55258,1,0.18090,0.57910,1,0.29650,0.56584,1,0.24914,0.37712,21.02169,0.98139,1,0.55251,0.41993,19.69676,0.98858,1,-0.06061,0.02328,0.63855,0.00364,1,0.01424,0.01539,0.66184,0.00344,1,0,0.00000,29
0.29640,0.57995,5272.17920,0.27441,11813,1,0.41018,0.54896,1,0.17709,0.57096,1,0.29363,0.55996,1,0.24913,0.37715,21.00160,0.98858,1,0.55254,0.41989,19.83806,1.00385,1,-0.05669,0.02169,0.59633,0.00364,1,0.01469,0.01592,0.68484,0.00343,1,0,0.00000,29
0.29585,0.57876,5272.17920,0.28076,11813,1,0.38682,0.48800,1,0.15891,0.56926,1,0.27287,0.52863,1,0.24911,0.37724,21.38461,1.00385,1,0.55242,0.41991,19.90707,1.01194,1,-0.05669,0.02169,0.59633,0.00356,1,0.01469,0.01592,0.68484,0.00347,1,0,0.00000,29
0.29533,0.57754,5272.17920,0.28760,11813,1,0.39097,0.48348,1,0.15437,0.56678,1,0.27267,0.52513,1,0.24913,0.37728,21.32593,1.01194,1,0.55238,0.41999,19.94261,1.02003,1,-0.05669,0.02169,0.59633,0.00356,1,0.01469,0.01592,0.68484,0.00343,1,0,0.00000,29
0.29482,0.57636,5272.17920,0.29395,11813,1,0.38873,0.47903,1,0.15629,0.57060,1,0.27251,0.52482,1,0.24896,0.37715,20.68151,1.02003,1,0.55232,0.41997,19.82597,1.01284,1,-0.05669,0.02165,0.59633,0.00358,1,0.01361,0.01486,0.63925,0.00342,1,0,0.00000,29
0.29482,0.57581,5272.17920,0.30078,11813,1,0.42389,0.50578,1,0.16595,0.59549,1,0.29492,0.55063,1,0.24888,0.37715,20.47729,1.01284,1,0.55231,0.41997,19.84056,0.99756,1,-0.05669,0.02165,0.59633,0.00359,1,0.01361,0.01486,0.63925,0.00341,1,0,0.00000,29
0.29479,0.57516,5272.17920,0.30762,11813,1,0.41773,0.51110,1,0.16932,0.57971,1,0.29353,0.54541,1,0.24890,0.37712,20.82714,0.99756,1,0.55231,0.41997,19.84056,0.98229,1,-0.05669,0.02165,0.59633,0.00357,1,0.01361,0.01486,0.63925,0.00341,1,0,0.00000,29
0.29485,0.57471,5272.17920,0.31494,11813,1,0.42164,0.51928,1,0.17333,0.58790,1,0.29749,0.55359,1,0.24881,0.37710,20.98816,0.98229,1,0.55232,0.41993,19.83068,0.96701,1,-0.05669,0.02165,0.59633,0.00362,1,0.01361,0.01486,0.63925,0.00344,1,0,0.00000,29
0.29474,0.57380,5272.17920,0.32178,11813,1,0.41880,0.55778,1,0.17336,0.58385,1,0.29608,0.57082,1,0.24885,0.37697,20.90886,0.96701,1,0.55223,0.41978,19.71200,0.96701,1,-0.05669,0.02165,0.59633,0.00355,1,0.01361,0.01486,0.63925,0.00345,1,0,0.00000,29
0.29554,0.57297,5272.17920,0.32812,11813,1,0.41974,0.54628,1,0.20716,0.56930,1,0.31345,0.55779,1,0.24885,0.37700,20.89410,0.96701,1,0.55218,0.41978,19.58307,0.96701,1,-0.05669,0.02165,0.59633,0.00355,1,0.01361,0.01486,0.63925,0.00345,1,0,0.00000,29
0.29641,0.57224,5272.17920,0.33545,11813,1,0.41974,0.54628,1,0.20716,0.56930,1,0.31345,0.55779,1,0.24897,0.37699,20.84041,0.96701,1,0.55206,0.41976,19.30809,0.96701,1,-0.05669,0.02169,0.59633,0.00357,1,0.01361,0.01486,0.63925,0.00345,1,0,0.00000,29
0.29748,0.57261,5272.17920,0.34180,11813,1,0.44958,0.63468,1,0.19822,0.57189,1,0.32390,0.60328,1,0.24941,0.37723,20.47408,0.96701,1,0.55199,0.41992,19.54318,0.96701,1,-0.05669,0.02169,0.59633,0.00344,1,0.01361,0.01486,0.63925,0.00340,1,0,0.00000,29
0.29871,0.57739,5272.17920,0.34863,11813,1,0.45342,0.82464,1,0.20457,0.81208,1,0.32899,0.81836,1,0.25003,0.37947,13.92194,0.96701,1,0.55160,0.42107,15.83570,0.96701,1,-0.05669,0.02169,0.59633,0.00315,1,0.01361,0.01486,0.63925,0.00310,1,0,0.00000,29
0.29993,0.58214,5272.17920,0.35791,11813,1,0.45620,0.82763,1,0.20569,0.81349,1,0.33095,0.82056,1,0.25100,0.38194,9.39485,0.95506,1,0.55071,0.42310,11.58614,0.96225,1,-0.05718,0.02217,0.60437,0.00243,1,0.01386,0.01556,0.66277,0.00299,1,0,0.00000,29
0.29993,0.58214,5272.17920,0.36719,11813,1,0.45620,0.82763,0,0.20569,0.81349,0,0.33095,0.82056,0,0.25100,0.38194,9.39485,0.95031,0,0.55071,0.42310,11.58614,0.95750,0,-0.05718,0.02217,0.60437,0.00243,1,0.01386,0.01556,0.66277,0.00299,1,0,0.00000,29
0.29993,0.58214,5272.17920,0.37012,11813,1,0.45620,0.82763,0,0.20569,0.81349,0,0.33095,0.82056,0,0.25100,0.38194,9.39485,0.94555,0,0.55071,0.42310,11.58614,0.95274,0,-0.05718,0.02217,0.60437,0.00243,1,0.01386,0.01556,0.66277,0.00299,1,0,0.00000,29
0.29993,0.58214,5272.17920,0.38672,11813,1,0.45620,0.82763,0,0.20569,0.81349,0,0.33095,0.82056,0,0.25100,0.38194,9.39485,0.94080,0,0.55071,0.42310,11.58614,0.94799,0,-0.05718,0.02217,0.60437,0.00243,1,0.01386,0.01556,0.66277,0.00299,1,0,0.00000,29
0.30090,0.59640,5272.17920,0.38672,11813,0,0.45620,0.82763,0,0.20569,0.81349,0,0.33095,0.82056,0,0.25100,0.38194,9.39485,0.94799,0,0.55071,0.42310,11.58614,0.94799,0,-0.05718,0.02217,0.60437,0.00243,1,0.01386,0.01556,0.66277,0.00299,1,1007,0.00000,29
0.30090,0.59640,5272.17920,0.38672,11813,0,0.45620,0.82763,0,0.20569,0.81349,0,0.33095,0.82056,0,0.25100,0.38194,9.39485,0.94799,0,0.55071,0.42310,11.58614,0.94799,0,-0.05718,0.02217,0.60437,0.00243,1,0.01386,0.01556,0.66277,0.00299,1,1007,0.00000,29
0.30090,0.59640,5272.17920,0.38672,11813,0,0.45620,0.82763,0,0.20569,0.81349,0,0.33095,0.82056,0,0.25100,0.38194,9.39485,0.94799,0,0.55071,0.42310,11.58614,0.94799,0,-0.05718,0.02217,0.60437,0.00243,1,0.01386,0.01556,0.66277,0.00299,1,1007,0.00000,29
0.00000,0.00000,5272.17920,0.38672,11813,0,0.45620,0.82763,0,0.20569,0.81349,0,0.33095,0.82056,0,0.25100,0.38194,9.39485,0.94799,0,0.55071,0.42310,11.58614,0.94799,0,-0.05718,0.02217,0.60437,0.00243,1,0.01386,0.01556,0.66277,0.00299,1,1007,0.00000,29
0.00000,0.00000,5272.17920,0.38672,11813,0,0.45620,0.82763,0,0.20569,0.81349,0,0.33095,0.82056,0,0.25100,0.38194,9.39485,0.94799,0,0.55071,0.42310,11.58614,0.94799,0,-0.05718,0.02217,0.60437,0.00243,1,0.01386,0.01556,0.66277,0.00299,1,1007,0.00000,29
0.00000,0.00000,5272.17920,0.38672,11813,0,0.45620,0.82763,0,0.20569,0.81349,0,0.33095,0.82056,0,0.25100,0.38194,9.39485,0.94799,0,0.55071,0.42310,11.58614,0.94799,0,-0.05718,0.02217,0.60437,0.00243,1,0.01386,0.01556,0.66277,0.00299,1,1007,0.00000,29
0.00000,0.00000,5272.17920,0.38672,11813,0,0.45620,0.82763,0,0.20569,0.81349,0,0.33095,0.82056,0,0.25100,0.38194,9.39485,0.94799,0,0.55071,0.42310,11.58614,0.94799,0,-0.05718,0.02217,0.60437,0.00243,1,0.01386,0.01556,0.66277,0.00299,1,1007,0.00000,29
0.00000,0.00000,5272.17920,0.38672,11813,0,0.45620,0.82763,0,0.20569,0.81349,0,0.33095,0.82056,0,0.25100,0.38194,9.39485,0.94799,0,0.55071,0.42310,11.58614,0.94799,0,-0.05718,0.02217,0.60437,0.00243,1,0.01386,0.01556,0.66277,0.00299,1,1007,0.00000,29
0.00000,0.00000,5272.17920,0.38672,11813,0,0.45620,0.82763,0,0.20569,0.81349,0,0.33095,0.82056,0,0.25100,0.38194,9.39485,0.94799,0,0.55071,0.42310,11.58614,0.94799,0,-0.05718,0.02217,0.60437,0.00243,1,0.01386,0.01556,0.66277,0.00299,1,1007,0.00000,29
0.00000,0.00000,5272.17920,0.38672,11813,0,0.45620,0.82763,0,0.20569,0.81349,0,0.33095,0.82056,0,0.25100,0.38194,9.39485,0.94799,0,0.55071,0.42310,11.58614,0.94799,0,-0.05718,0.02217,0.60437,0.00243,1,0.01386,0.01556,0.66277,0.00299,1,1007,0.00000,29
0.00000,0.00000,5272.17920,0.38672,11813,0,0.45620,0.82763,0,0.20569,0.81349,0,0.33095,0.82056,0,0.25100,0.38194,9.39485,0.94799,0,0.55071,0.42310,11.58614,0.94799,0,-0.05718,0.02217,0.60437,0.00243,1,0.01386,0.01556,0.66277,0.00299,1,1007,0.00000,29
0.00000,0.00000,5272.17920,0.38672,11813,0,0.45620,0.82763,0,0.20569,0.81349,0,0.33095,0.82056,0,0.25100,0.38194,9.39485,0.94799,0,0.55071,0.42310,11.58614,0.94799,0,-0.05718,0.02217,0.60437,0.00243,1,0.01386,0.01556,0.66277,0.00299,1,1007,0.00000,29
0.00000,0.00000,5272.17920,0.38672,11813,0,0.45620,0.82763,0,0.20569,0.81349,0,0.33095,0.82056,0,0.25100,0.38194,9.39485,0.94799,0,0.55071,0.42310,11.58614,0.94799,0,-0.05718,0.02217,0.60437,0.00243,1,0.01386,0.01556,0.66277,0.00299,1,1007,0.00000,29
0.00000,0.00000,5272.17920,0.38672,11813,0,0.45620,0.82763,0,0.20569,0.81349,0,0.33095,0.82056,0,0.25100,0.38194,9.39485,0.94799,0,0.55071,0.42310,11.58614,0.94799,0,-0.05718,0.02217,0.60437,0.00243,1,0.01386,0.01556,0.66277,0.00299,1,1007,0.00000,29
0.00000,0.00000,5272.17920,0.38672,11813,0,0.45620,0.82763,0,0.20569,0.81349,0,0.33095,0.82056,0,0.25100,0.38194,9.39485,0.94799,0,0.55071,0.42310,11.58614,0.94799,0,-0.05718,0.02217,0.60437,0.00243,1,0.01386,0.01556,0.66277,0.00299,1,1007,0.00000,29
0.00000,0.00000,5272.17920,0.38672,11813,0,0.45620,0.82763,0,0.20569,0.81349,0,0.33095,0.82056,0,0.25100,0.38194,9.39485,0.94799,0,0.55071,0.42310,11.58614,0.94799,0,-0.05718,0.02217,0.60437,0.00243,1,0.01386,0.01556,0.66277,0.00299,1,1007,0.00000,29
0.00000,0.00000,5272.17920,0.38672,11813,0,0.45620,0.82763,0,0.20569,0.81349,0,0.33095,0.82056,0,0.25100,0.38194,9.39485,0.94799,0,0.55071,0.42310,11.58614,0.94799,0,-0.05718,0.02217,0.60437,0.00243,1,0.01386,0.01556,0.66277,0.00299,1,1007,0.00000,29
0.00000,0.00000,5272.17920,0.38672,11813,0,0.45620,0.82763,0,0.20569,0.81349,0,0.33095,0.82056,0,0.25100,0.38194,9.39485,0.94799,0,0.55071,0.42310,11.58614,0.94799,0,-0.05718,0.02217,0.60437,0.00243,1,0.01386,0.01556,0.66277,0.00299,1,1007,0.00000,29
0.00000,0.00000,5272.17920,0.38672,11813,0,0.45620,0.82763,0,0.20569,0.81349,0,0.33095,0.82056,0,0.25100,0.38194,9.39485,0.94799,0,0.55071,0.42310,11.58614,0.94799,0,-0.05718,0.02217,0.60437,0.00243,1,0.01386,0.01556,0.66277,0.00299,1,1007,0.00000,29
0.00000,0.00000,5272.17920,0.38672,11813,0,0.45620,0.82763,0,0.20569,0.81349,0,0.33095,0.82056,0,0.25100,0.38194,9.39485,0.94799,0,0.55071,0.42310,11.58614,0.94799,0,-0.05718,0.02217,0.60437,0.00243,1,0.01386,0.01556,0.66277,0.00299,1,1007,0.00000,29
0.00000,0.00000,5272.17920,0.38672,11813,0,0.45620,0.82763,0,0.20569,0.81349,0,0.33095,0.82056,0,0.25100,0.38194,9.39485,0.94799,0,0.55071,0.42310,11.58614,0.94799,0,-0.05718,0.02217,0.60437,0.00243,1,0.01386,0.01556,0.66277,0.00299,1,1007,0.00000,29
0.00000,0.00000,5272.17920,0.38672,11813,0,0.45620,0.82763,0,0.20569,0.81349,0,0.33095,0.82056,0,0.25100,0.38194,9.39485,0.94799,0,0.55071,0.42310,11.58614,0.94799,0,-0.05718,0.02217,0.60437,0.00243,1,0.01386,0.01556,0.66277,0.00299,1,1007,0.00000,29
0.00000,0.00000,5272.17920,0.38672,11813,0,0.45620,0.82763,0,0.20569,0.81349,0,0.33095,0.82056,0,0.25100,0.38194,9.39485,0.94799,0,0.55071,0.42310,11.58614,0.94799,0,-0.05718,0.02217,0.60437,0.00243,1,0.01386,0.01556,0.66277,0.00299,1,1007,0.00000,29
0.21592,0.27283,5272.17920,0.38672,11813,0,0.55263,0.53869,1,0.31105,0.55264,1,0.43184,0.54567,1,0.25337,0.37669,20.80122,0.94799,1,0.55631,0.41946,18.14526,0.94799,1,-0.05718,0.02217,0.60437,0.00353,1,0.01386,0.01556,0.66277,0.00340,1,0,0.17991,30
0.42902,0.54704,5272.17920,0.38672,11813,0,0.54319,0.53918,1,0.30921,0.55765,1,0.42620,0.54841,1,0.25340,0.37658,21.08641,0.94799,1,0.55619,0.41933,18.35188,0.94799,1,-0.05718,0.02217,0.60437,0.00354,1,0.01386,0.01556,0.66277,0.00340,1,0,0.00000,30
0.42633,0.54241,5272.17920,0.38672,11813,0,0.54051,0.52876,1,0.30676,0.54680,1,0.42363,0.53778,1,0.25342,0.37660,21.04966,0.96696,1,0.55620,0.41943,18.06702,0.96696,1,-0.06188,0.02397,0.65757,0.00356,1,0.01473,0.01538,0.66132,0.00343,1,0,0.00000,30
0.42555,0.53043,5272.17920,0.38672,11813,0,0.53961,0.48180,1,0.30841,0.53110,1,0.42401,0.50645,1,0.25341,0.37661,20.96948,0.98593,1,0.55630,0.41920,19.18031,0.98593,1,-0.06188,0.02397,0.65757,0.00357,1,0.01473,0.01538,0.66132,0.00336,1,0,0.00000,30
0.42376,0.51964,5272.77197,0.01611,11814,1,0.53781,0.47600,1,0.29898,0.49856,1,0.41839,0.48728,1,0.25339,0.37656,21.09413,1.00490,1,0.55632,0.41922,19.28946,1.00490,1,-0.06188,0.02397,0.65757,0.00357,1,0.01473,0.01538,0.66132,0.00336,1,0,0.00000,30
0.42237,0.51176,5272.77197,0.02295,11814,1,0.53616,0.46909,1,0.29741,0.49140,1,0.41679,0.48024,1,0.25307,0.37629,20.66081,1.01685,1,0.55630,0.41920,19.32062,1.01685,1,-0.05768,0.02232,0.61246,0.00350,1,0.01473,0.01538,0.66132,0.00335,1,0,0.00000,30
0.42148,0.50341,5272.77197,0.02930,11814,1,0.53499,0.44758,1,0.29910,0.47569,1,0.41704,0.46164,1,0.25308,0.37615,20.64380,1.00982,1,0.55634,0.41910,19.16599,1.00982,1,-0.05768,0.02232,0.61246,0.00355,1,0.01473,0.01538,0.66132,0.00339,1,0,0.00000,30
0.42130,0.49727,5272.77197,0.03662,11814,1,0.53547,0.44799,1,0.30498,0.47286,1,0.42023,0.46042,1,0.25300,0.37605,20.19864,1.00279,1,0.55628,0.41918,18.85696,1.00279,1,-0.05768,0.02232,0.61246,0.00362,1,0.01473,0.01538,0.66132,0.00339,1,0,0.00000,30
0.42134,0.49348,5272.77197,0.04346,11814,1,0.53646,0.45225,1,0.30677,0.48176,1,0.42161,0.46700,1,0.25328,0.37643,21.28142,0.99577,1,0.55630,0.41913,18.98301,0.98858,1,-0.05768,0.02232,0.61246,0.00358,1,0.01456,0.01525,0.65583,0.00337,1,0,0.00000,30
0.42024,0.49105,5272.77197,0.05029,11814,1,0.52434,0.45229,1,0.29849,0.49095,1,0.41141,0.47162,1,0.25325,0.37637,21.43850,0.98858,1,0.55624,0.41889,19.04919,0.98139,1,-0.05768,0.02232,0.61246,0.00358,1,0.01456,0.01525,0.65583,0.00338,1,0,0.00000,30
0.42126,0.48905,5272.77197,0.05713,11814,1,0.52635,0.45824,1,0.33462,0.48383,1,0.43049,0.47103,1,0.25327,0.37634,21.43858,0.98139,1,0.55628,0.41871,19.16752,0.97420,1,-0.05768,0.02232,0.61246,0.00357,1,0.01456,0.01525,0.65583,0.00347,1,0,0.00000,30
0.42218,0.48782,5272.77197,0.06348,11814,1,0.52745,0.46261,1,0.33534,0.48836,1,0.43140,0.47549,1,0.25325,0.37630,21.28910,0.97420,1,0.55622,0.41873,19.20735,0.96701,1,-0.06189,0.02400,0.65717,0.00358,1,0.01456,0.01525,0.65583,0.00347,1,0,0.00000,30
0.42267,0.48638,5272.77197,0.07031,11814,1,0.53233,0.46352,1,0.32370,0.47764,1,0.42801,0.47058,1,0.25330,0.37623,21.16786,0.96701,1,0.55616,0.41881,19.30807,0.96701,1,-0.06189,0.02400,0.65717,0.00357,1,0.01456,0.01525,0.65583,0.00346,1,0,0.00000,30
0.42259,0.48452,5272.77197,0.07715,11814,1,0.52557,0.45867,1,0.31771,0.46581,1,0.42164,0.46224,1,0.25321,0.37623,21.09209,0.96701,1,0.55617,0.41890,19.46787,0.96701,1,-0.06189,0.02400,0.65717,0.00362,1,0.01456,0.01525,0.65583,0.00349,1,0,0.00000,30
0.42252,0.48293,5272.77197,0.08350,11814,1,0.52557,0.45867,1,0.31771,0.46581,1,0.42164,0.46224,1,0.25322,0.37621,21.15962,0.96701,1,0.55618,0.41892,19.49624,0.96701,1,-0.06189,0.02400,0.65717,0.00362,1,0.01456,0.01525,0.65583,0.00345,1,0,0.00000,30
0.42675,0.48221,5272.77197,0.09033,11814,1,0.59627,0.47281,1,0.37547,0.47151,1,0.48587,0.47216,1,0.25416,0.37615,21.32984,0.96701,1,0.55723,0.41917,19.72902,0.96701,1,-0.06189,0.02400,0.65717,0.00352,1,0.01456,0.01525,0.65583,0.00333,1,0,0.00000,30
0.43424,0.48168,5272.77197,0.09668,11814,1,0.64478,0.48228,1,0.44849,0.46515,1,0.54664,0.47371,1,0.25549,0.37602,20.30488,0.96701,1,0.55811,0.41891,19.10929,0.96701,1,-0.06189,0.02400,0.65717,0.00349,1,0.01456,0.01525,0.65583,0.00331,1,0,0.00000,30
0.44085,0.48095,5272.77197,0.10303,11814,1,0.64452,0.47800,1,0.44858,0.46059,1,0.54655,0.46930,1,0.25553,0.37623,20.96379,0.97404,1,0.55847,0.41891,18.98413,0.97404,1,-0.06183,0.02411,0.66021,0.00350,1,0.01422,0.01474,0.63212,0.00334,1,0,0.00000,30
0.44607,0.48082,5272.77197,0.10986,11814,1,0.63852,0.47046,1,0.43110,0.48662,1,0.53481,0.47854,1,0.25578,0.37607,21.21227,0.98106,1,0.55879,0.41880,19.08712,0.98106,1,-0.06183,0.02411,0.66021,0.00350,1,0.01422,0.01474,0.63212,0.00330,1,0,0.00000,30
0.45120,0.48032,5272.77197,0.11621,11814,1,0.65927,0.46534,1,0.42802,0.47742,1,0.54365,0.47138,1,0.25574,0.37607,21.11655,0.98809,1,0.55849,0.41861,19.26396,0.98809,1,-0.06183,0.02411,0.66021,0.00353,1,0.01422,0.01474,0.63212,0.00335,1,0,0.00000,30
0.45582,0.47988,5272.77197,0.12354,11814,1,0.65927,0.46534,1,0.42802,0.47742,1,0.54365,0.47138,1,0.25572,0.37606,21.09615,0.98809,1,0.55858,0.41866,18.98313,0.98809,1,-0.05983,0.02328,0.63731,0.00354,1,0.01422,0.01474,0.63212,0.00332,1,0,0.00000,30
0.48918,0.46975,5272.77197,0.12354,11814,0,0.63524,0.45429,1,0.43630,0.46355,1,0.53577,0.45892,1,0.25536,0.37608,21.11138,0.98106,1,0.55843,0.41855,19.03870,0.98106,1,-0.05983,0.02328,0.63731,0.00354,1,0.01422,0.01474,0.63212,0.00331,1,0,0.00000,30
0.51080,0.46542,5272.77197,0.12354,11814,0,0.63105,0.45415,1,0.43381,0.46805,1,0.53243,0.46110,1,0.25531,0.37605,21.09221,0.97404,1,0.55841,0.41855,19.04452,0.97404,1,-0.05983,0.02328,0.63731,0.00351,1,0.01422,0.01474,0.63212,0.00330,1,0,0.00000,30
0.51807,0.46547,5272.77197,0.12354,11814,0,0.63140,0.45859,1,0.43383,0.47256,1,0.53261,0.46557,1,0.25527,0.37604,21.06170,0.96701,1,0.55838,0.41843,18.89151,0.96701,1,-0.05983,0.02328,0.63731,0.00353,1,0.01422,0.01484,0.63212,0.00329,1,0,0.00000,30
0.52394,0.46568,5272.90234,0.02002,11815,1,0.65559,0.46707,1,0.42747,0.46552,1,0.54153,0.46629,1,0.25519,0.37601,21.03621,0.96701,1,0.55832,0.41837,18.95583,0.96701,1,-0.05983,0.02328,0.63731,0.00354,1,0.01422,0.01484,0.63212,0.00335,1,0,0.00000,30
0.52892,0.46450,5272.90234,0.02637,11815,1,0.68227,0.46430,1,0.41544,0.45530,1,0.54886,0.45980,1,0.25505,0.37601,20.98663,0.96701,1,0.55842,0.41834,18.89731,0.96701,1,-0.05983,0.02328,0.63731,0.00357,1,0.01422,0.01484,0.63212,0.00333,1,0,0.00000,30
0.53220,0.46212,5272.90234,0.03271,11815,1,0.68228,0.45985,1,0.41497,0.44056,1,0.54862,0.45021,1,0.25494,0.37598,21.08235,0.97404,1,0.55839,0.41828,18.99988,0.98931,1,-0.06183,0.02409,0.65813,0.00354,1,0.01494,0.01570,0.66866,0.00331,1,0,0.00000,30
0.53140,0.46624,5272.90234,0.04004,11815,1,0.65374,0.47108,1,0.39947,0.51080,1,0.52660,0.49094,1,0.25486,0.37588,21.01021,0.99634,1,0.55822,0.41833,19.29891,1.01162,1,-0.06183,0.02409,0.65813,0.00357,1,0.01494,0.01570,0.66866,0.00330,1,0,0.00000,30
0.53099,0.46700,5272.90234,0.04688,11815,1,0.65157,0.47925,1,0.40455,0.46545,1,0.52806,0.47235,1,0.25483,0.37592,21.13625,1.01864,1,0.55814,0.41816,19.26362,1.03392,1,-0.06183,0.02409,0.65813,0.00357,1,0.01494,0.01570,0.66866,0.00325,1,0,0.00000,30
0.53066,0.46752,5272.90234,0.05322,11815,1,0.65132,0.47402,1,0.40474,0.46928,1,0.52803,0.47165,1,0.25476,0.37585,21.05485,1.02763,1,0.55809,0.41814,19.01393,1.02763,1,-0.05996,0.02327,0.63716,0.00356,1,0.01386,0.01466,0.62437,0.00327,1,0,0.00000,30
0.52917,0.46878,5272.90234,0.06006,11815,1,0.63913,0.47193,1,0.39246,0.48827,1,0.51579,0.48010,1,0.25462,0.37587,21.11480,1.01432,1,0.55777,0.41809,19.10954,0.99904,1,-0.05996,0.02327,0.63716,0.00355,1,0.01386,0.01466,0.62437,0.00334,1,0,0.00000,30
0.52888,0.46834,5272.90234,0.06787,11815,1,0.63116,0.48901,1,0.42069,0.43900,1,0.52592,0.46401,1,0.25445,0.37576,21.08875,0.98573,1,0.55775,0.41811,19.13072,0.97045,1,-0.05996,0.02327,0.63716,0.00359,1,0.01386,0.01466,0.62437,0.00335,1,0,0.00000,30
0.52869,0.46916,5272.90234,0.07324,11815,1,0.63226,0.50216,1,0.42104,0.45405,1,0.52665,0.47810,1,0.25449,0.37585,21.15056,0.96343,1,0.55768,0.41805,19.39598,0.94815,1,-0.06189,0.02400,0.65717,0.00356,1,0.01386,0.01466,0.62437,0.00333,1,0,0.00000,30
0.53058,0.47149,5272.90234,0.08008,11815,1,0.65931,0.50006,1,0.44719,0.49898,1,0.55325,0.49952,1,0.25439,0.37574,21.07795,0.95444,1,0.55764,0.41799,19.19105,0.95444,1,-0.06189,0.02400,0.65717,0.00356,1,0.01386,0.01466,0.62437,0.00339,1,0,0.00000,30
0.53157,0.47283,5272.90234,0.08691,11815,1,0.64906,0.48919,1,0.43988,0.49112,1,0.54447,0.49016,1,0.25428,0.37576,21.23761,0.96072,1,0.55763,0.41782,19.15141,0.96072,1,-0.06189,0.02400,0.65717,0.00354,1,0.01386,0.01466,0.62437,0.00335,1,0,0.00000,30
0.53243,0.47383,5272.90234,0.09375,11815,1,0.64906,0.48919,1,0.43990,0.48662,1,0.54448,0.48791,1,0.25424,0.37579,21.25557,0.96072,1,0.55761,0.41782,19.23101,0.96791,1,-0.05996,0.02324,0.63616,0.00356,1,0.01444,0.01532,0.65279,0.00333,1,0,0.00000,30
0.53311,0.47407,5272.90234,0.09961,11815,1,0.66457,0.47859,1,0.42203,0.47680,1,0.54330,0.47770,1,0.25413,0.37569,21.10401,0.96163,1,0.55753,0.41777,19.35616,0.96881,1,-0.05996,0.02324,0.63616,0.00360,1,0.01444,0.01532,0.65279,0.00333,1,0,0.00000,30
0.53341,0.47602,5272.90234,0.10693,11815,1,0.66135,0.53927,1,0.41495,0.47504,1,0.53815,0.50715,1,0.25408,0.37563,21.21777,0.96253,1,0.55748,0.41769,19.19212,0.96972,1,-0.05996,0.02324,0.63616,0.00360,1,0.01444,0.01532,0.65279,0.00334,1,0,0.00000,30
0.53366,0.47751,5272.90234,0.11377,11815,1,0.66121,0.53527,1,0.41479,0.47045,1,0.53800,0.50286,1,0.25404,0.37564,21.22956,0.96972,1,0.55748,0.41778,19.31563,0.97691,1,-0.06007,0.02327,0.63580,0.00358,1,0.01453,0.01558,0.66148,0.00333,1,0,0.00000,30
0.53332,0.47785,5272.90234,0.12012,11815,1,0.64553,0.51348,1,0.40871,0.45458,1,0.52712,0.48403,1,0.25394,0.37559,21.28125,0.98319,1,0.55732,0.41769,19.26164,0.98319,1,-0.06007,0.02327,0.63580,0.00354,1,0.01453,0.01558,0.66148,0.00339,1,0,0.00000,30
0.53258,0.47749,5272.90234,0.12744,11815,1,0.63918,0.51213,1,0.39782,0.42919,1,0.51850,0.47066,1,0.25386,0.37549,21.20218,0.98948,1,0.55722,0.41770,19.19118,0.98948,1,-0.06007,0.02327,0.63580,0.00358,1,0.01453,0.01558,0.66148,0.00337,1,0,0.00000,30
0.53190,0.47698,5272.90234,0.13379,11815,1,0.63892,0.50858,1,0.39758,0.42496,1,0.51825,0.46677,1,0.25386,0.37549,21.21016,0.99577,1,0.55720,0.41775,19.33141,0.99577,1,-0.05998,0.02329,0.63490,0.00358,1,0.01453,0.01558,0.66148,0.00336,1,0,0.00000,30
0.53191,0.47625,5272.90234,0.14062,11815,1,0.66966,0.49089,1,0.39482,0.43103,1,0.53224,0.46096,1,0.25375,0.37544,21.10215,0.99577,1,0.55710,0.41761,19.40260,0.99577,1,-0.05998,0.02329,0.63490,0.00357,1,0.01453,0.01558,0.66148,0.00337,1,0,0.00000,30
0.53273,0.47512,5272.90234,0.14746,11815,1,0.65358,0.47906,1,0.44811,0.42146,1,0.55085,0.45026,1,0.25366,0.37539,21.16030,0.99577,1,0.55694,0.41765,19.62299,0.99577,1,-0.05998,0.02329,0.63490,0.00361,1,0.01453,0.01558,0.66148,0.00338,1,0,0.00000,30
0.53349,0.47419,5272.90234,0.15381,11815,1,0.65358,0.47906,1,0.44803,0.42630,1,0.55081,0.45268,1,0.25360,0.37540,21.16705,0.99577,1,0.55698,0.41758,19.61999,0.98858,1,-0.06007,0.02337,0.63580,0.00362,1,0.01402,0.01508,0.64049,0.00337,1,0,0.00000,30
0.53455,0.47349,5272.90234,0.16064,11815,1,0.67779,0.48155,1,0.44244,0.43178,1,0.56012,0.45667,1,0.25354,0.37533,21.36288,0.98858,1,0.55690,0.41755,19.63078,0.98139,1,-0.06007,0.02337,0.63580,0.00359,1,0.01402,0.01508,0.64049,0.00337,1,0,0.00000,30
0.53521,0.47274,5272.90234,0.16699,11815,1,0.67525,0.48894,1,0.42803,0.41929,1,0.55164,0.45412,1,0.25353,0.37526,21.40808,0.98139,1,0.55682,0.41751,19.70877,0.97420,1,-0.06007,0.02337,0.63580,0.00361,1,0.01402,0.01508,0.64049,0.00336,1,0,0.00000,30
0.53582,0.47197,5272.90234,0.17383,11815,1,0.67525,0.48904,1,0.42797,0.41443,1,0.55161,0.45173,1,0.25344,0.37530,21.39323,0.98122,1,0.55677,0.41746,19.70265,0.98122,1,-0.06223,0.02415,0.65710,0.00359,1,0.01443,0.01558,0.66150,0.00338,1,0,0.00000,30
0.53582,0.47068,5272.90234,0.18066,11815,1,0.65619,0.48246,1,0.41557,0.38923,1,0.53588,0.43584,1,0.25321,0.37515,21.34928,0.98825,1,0.55668,0.41749,19.76081,0.99544,1,-0.06223,0.02415,0.65710,0.00359,1,0.01443,0.01558,0.66150,0.00339,1,0,0.00000,30
0.53655,0.46935,5272.90234,0.18799,11815,1,0.68198,0.46716,1,0.43226,0.39738,1,0.55712,0.43227,1,0.25345,0.37516,21.36571,1.00247,1,0.55694,0.41736,19.71567,1.00966,1,-0.06223,0.02415,0.65710,0.00363,1,0.01443,0.01558,0.66150,0.00336,1,0,0.00000,30
0.53724,0.46804,5272.90234,0.19385,11815,1,0.68198,0.46279,1,0.43226,0.39738,1,0.55712,0.43008,1,0.25357,0.37524,21.44929,1.00966,1,0.55688,0.41746,19.79066,1.00966,1,-0.06007,0.02337,0.63580,0.00361,1,0.01402,0.01513,0.64034,0.00338,1,0,0.00000,30
0.54040,0.46668,5272.90234,0.20068,11815,1,0.76500,0.47086,1,0.50533,0.38053,1,0.63517,0.42569,1,0.25533,0.37492,20.45758,1.00263,1,0.55828,0.41743,19.75988,0.99544,1,-0.06007,0.02337,0.63580,0.00358,1,0.01402,0.01513,0.64034,0.00341,1,0,0.00000,30
0.56318,0.44829,5272.90234,0.20068,11815,0,0.77578,0.49309,1,0.53890,0.43173,1,0.65734,0.46241,1,0.25593,0.37503,20.22831,0.98841,1,0.55864,0.41731,19.87349,0.98122,1,-0.06007,0.02337,0.63580,0.00357,1,0.01402,0.01513,0.64034,0.00341,1,0,0.00000,30
0.60976,0.45867,5272.90234,0.20068,11815,0,0.77448,0.50167,1,0.53820,0.43642,1,0.65634,0.46905,1,0.25630,0.37490,20.16064,0.97420,1,0.55883,0.41729,19.91835,0.97420,1,-0.05768,0.02251,0.61246,0.00357,1,0.01444,0.01547,0.65279,0.00340,1,0,0.00000,30
0.62007,0.46060,5272.90234,0.20068,11815,0,0.73983,0.47064,1,0.54154,0.45829,1,0.64068,0.46446,1,0.25626,0.37481,20.29080,0.97420,1,0.55878,0.41723,19.87573,0.98139,1,-0.05768,0.02251,0.61246,0.00360,1,0.01444,0.01547,0.65279,0.00343,1,0,0.00000,30
0.62228,0.45982,5273.11084,0.01904,11816,1,0.73194,0.45851,1,0.52588,0.45644,1,0.62891,0.45747,1,0.25614,0.37479,20.30856,0.98139,1,0.55884,0.41697,19.90081,0.98858,1,-0.05768,0.02251,0.61246,0.00365,1,0.01444,0.01547,0.65279,0.00345,1,0,0.00000,30
0.62377,0.45792,5273.11084,0.02588,11816,1,0.73230,0.45392,1,0.52719,0.44669,1,0.62975,0.45031,1,0.25607,0.37476,20.27633,0.98858,1,0.55871,0.41698,19.77051,1.00386,1,-0.05768,0.02255,0.61246,0.00364,1,0.01514,0.01633,0.68697,0.00342,1,0,0.00000,30
0.62552,0.45486,5273.11084,0.03271,11816,1,0.75190,0.44702,1,0.51668,0.43211,1,0.63429,0.43956,1,0.25590,0.37474,20.41094,1.00386,1,0.55866,0.41681,19.95370,1.01194,1,-0.05768,0.02255,0.61246,0.00364,1,0.01514,0.01633,0.68697,0.00339,1,0,0.00000,30
0.62697,0.45167,5273.11084,0.03955,11816,1,0.75189,0.44562,1,0.51941,0.41951,1,0.63565,0.43256,1,0.25590,0.37476,20.36047,1.01194,1,0.55866,0.41680,19.92660,1.02003,1,-0.05768,0.02255,0.61246,0.00364,1,0.01514,0.01633,0.68697,0.00339,1,0,0.00000,30
0.62815,0.44840,5273.11084,0.04590,11816,1,0.75289,0.43603,1,0.51995,0.41491,1,0.63642,0.42547,1,0.25594,0.37473,20.12186,1.02706,1,0.55860,0.41682,20.06068,1.02706,1,-0.06185,0.02416,0.65618,0.00366,1,0.01444,0.01568,0.65735,0.00338,1,0,0.00000,30
0.62985,0.44324,5273.11084,0.05273,11816,1,0.77278,0.41112,1,0.51417,0.39290,1,0.64347,0.40201,1,0.25577,0.37456,20.05338,1.03408,1,0.55854,0.41673,19.95852,1.02600,1,-0.06185,0.02416,0.65618,0.00367,1,0.01444,0.01568,0.65735,0.00345,1,0,0.00000,30
0.63116,0.44165,5273.11084,0.05957,11816,1,0.77554,0.46145,1,0.51026,0.39324,1,0.64290,0.42735,1,0.25574,0.37452,20.12584,1.03302,1,0.55854,0.41673,19.95852,1.02493,1,-0.06185,0.02416,0.65618,0.00365,1,0.01444,0.01568,0.65735,0.00344,1,0,0.00000,30
0.63217,0.44083,5273.11084,0.06592,11816,1,0.77484,0.46637,1,0.50970,0.39872,1,0.64227,0.43255,1,0.25570,0.37440,20.23201,1.02493,1,0.55849,0.41667,20.00294,1.01685,1,-0.06114,0.02383,0.64719,0.00359,1,0.01444,0.01568,0.65735,0.00344,1,0,0.00000,30
0.63252,0.44061,5273.11084,0.07324,11816,1,0.76185,0.47931,1,0.51093,0.39719,1,0.63639,0.43825,1,0.25567,0.37441,20.19261,1.00982,1,0.55850,0.41666,19.87414,1.00982,1,-0.06114,0.02383,0.64719,0.00358,1,0.01444,0.01568,0.65735,0.00344,1,0,0.00000,30
0.63241,0.44094,5273.11084,0.07959,11816,1,0.75459,0.48424,1,0.50769,0.40544,1,0.63114,0.44484,1,0.25563,0.37439,20.17984,1.00279,1,0.55849,0.41667,20.00294,1.00279,1,-0.06114,0.02383,0.64719,0.00358,1,0.01444,0.01568,0.65735,0.00344,1,0,0.00000,30
0.63229,0.44154,5273.11084,0.08594,11816,1,0.75410,0.48847,1,0.50721,0.41022,1,0.63066,0.44934,1,0.25564,0.37441,20.16055,0.99577,1,0.55849,0.41666,19.90959,0.99577,1,-0.06114,0.02383,0.64719,0.00358,1,0.01444,0.01568,0.65735,0.00345,1,0,0.00000,30
0.63229,0.44193,5273.11084,0.09277,11816,1,0.75803,0.48672,1,0.50662,0.40826,1,0.63232,0.44749,1,0.25566,0.37440,20.18789,0.99577,1,0.55852,0.41668,19.99380,0.99577,1,-0.06114,0.02383,0.64719,0.00358,1,0.01444,0.01568,0.65735,0.00346,1,0,0.00000,30
0.63247,0.44233,5273.11084,0.09961,11816,1,0.76289,0.47774,1,0.50727,0.41869,1,0.63508,0.44821,1,0.25567,0.37441,20.19261,0.99577,1,0.55853,0.41667,19.90121,0.99577,1,-0.06114,0.02383,0.64719,0.00358,1,0.01444,0.01568,0.65735,0.00346,1,0,0.00000,30
0.63262,0.44267,5273.11084,0.10596,11816,1,0.76289,0.47774,1,0.50727,0.41869,1,0.63508,0.44821,1,0.25567,0.37441,20.19261,0.99577,1,0.55852,0.41668,19.99380,0.99577,1,-0.06114,0.02383,0.64719,0.00358,1,0.01444,0.01563,0.65736,0.00346,1,0,0.00000,30
0.63275,0.44298,5273.11084,0.11279,11816,1,0.75987,0.48065,1,0.51017,0.41587,1,0.63502,0.44826,1,0.25565,0.37442,20.16741,0.99577,1,0.55853,0.41669,20.01217,0.99577,1,-0.06114,0.02383,0.64719,0.00358,1,0.01444,0.01563,0.65736,0.00344,1,0,0.00000,30
0.63287,0.44334,5273.11084,0.11963,11816,1,0.75827,0.48224,1,0.51182,0.41737,1,0.63505,0.44980,1,0.25565,0.37440,20.18720,0.99577,1,0.55856,0.41676,19.97238,0.99577,1,-0.06114,0.02383,0.64719,0.00358,1,0.01444,0.01563,0.65736,0.00343,1,0,0.00000,30
0.63301,0.44344,5273.11084,0.12646,11816,1,0.75880,0.47797,1,0.51233,0.41264,1,0.63556,0.44530,1,0.25564,0.37442,20.29011,1.00279,1,0.55860,0.41672,19.84172,1.00279,1,-0.06221,0.02427,0.65900,0.00359,1,0.01444,0.01563,0.65736,0.00344,1,0,0.00000,30
0.63369,0.44359,5273.11084,0.13330,11816,1,0.77278,0.46433,1,0.52185,0.42879,1,0.64732,0.44656,1,0.25564,0.37442,20.29011,1.00982,1,0.55865,0.41674,19.98158,1.00982,1,-0.06221,0.02427,0.65900,0.00358,1,0.01444,0.01563,0.65736,0.00344,1,0,0.00000,30
0.63470,0.44339,5273.11084,0.13965,11816,1,0.78235,0.46352,1,0.52936,0.41508,1,0.65585,0.43930,1,0.25573,0.37446,20.25877,1.01685,1,0.55869,0.41683,20.05276,1.01685,1,-0.06221,0.02427,0.65900,0.00363,1,0.01444,0.01563,0.65736,0.00341,1,0,0.00000,30
0.63562,0.44322,5273.11084,0.14648,11816,1,0.78235,0.46352,1,0.52936,0.41508,1,0.65585,0.43930,1,0.25574,0.37442,20.21018,1.01685,1,0.55871,0.41683,20.09360,1.01685,1,-0.05997,0.02341,0.63580,0.00363,1,0.01444,0.01563,0.65736,0.00341,1,0,0.00000,30
0.63649,0.44206,5273.11084,0.15332,11816,1,0.77759,0.46557,1,0.53554,0.36518,1,0.65656,0.41537,1,0.25582,0.37429,20.31897,1.00982,1,0.55881,0.41686,20.00941,1.00982,1,-0.05997,0.02341,0.63580,0.00364,1,0.01444,0.01563,0.65736,0.00347,1,0,0.00000,30
0.63672,0.43994,5273.11084,0.15967,11816,1,0.74630,0.40548,1,0.53797,0.37262,1,0.64213,0.38905,1,0.25582,0.37434,20.29697,1.00279,1,0.55881,0.41686,20.00941,1.00279,1,-0.05997,0.02341,0.63580,0.00360,1,0.01444,0.01563,0.65736,0.00347,1,0,0.00000,30
0.63689,0.43826,5273.11084,0.16650,11816,1,0.74587,0.41026,1,0.53660,0.38273,1,0.64123,0.39649,1,0.25581,0.37440,20.55675,0.99577,1,0.55873,0.41689,20.02641,0.98858,1,-0.05768,0.02255,0.61246,0.00360,1,0.01386,0.01475,0.62437,0.00345,1,0,0.00000,30
0.63907,0.43702,5273.11084,0.17334,11816,1,0.81735,0.47004,1,0.57430,0.33928,1,0.69583,0.40466,1,0.25724,0.37480,20.88027,0.98858,1,0.55987,0.41713,20.06026,0.98139,1,-0.05768,0.02255,0.61246,0.00362,1,0.01386,0.01475,0.62437,0.00340,1,0,0.00000,30
0.64432,0.43691,5273.11084,0.17969,11816,1,0.91015,0.51058,1,0.66215,0.35739,1,0.78615,0.43398,1,0.25875,0.37495,21.03288,0.98139,1,0.56103,0.41719,20.36323,0.97420,1,-0.05768,0.02255,0.61246,0.00370,1,0.01386,0.01475,0.62437,0.00340,1,0,0.00000,30
0.64916,0.43698,5273.11084,0.18701,11816,1,0.90854,0.51496,1,0.66057,0.36270,1,0.78455,0.43883,1,0.25945,0.37493,21.14290,0.97420,1,0.56176,0.41716,20.06471,0.96701,1,-0.06206,0.02445,0.66538,0.00366,1,0.01454,0.01516,0.63769,0.00346,1,0,0.00000,30
0.69234,0.42817,5273.11084,0.18701,11816,0,0.99804,0.52246,1,0.74587,0.35628,1,0.87196,0.43937,1,0.26171,0.37504,21.29274,0.96701,1,0.56339,0.41689,20.66559,0.96701,1,-0.06206,0.02445,0.66538,0.00365,1,0.01454,0.01516,0.63769,0.00347,1,0,0.00000,30
0.78503,0.43641,5273.11084,0.18701,11816,0,0.98890,0.54510,1,0.76656,0.34422,1,0.87773,0.44466,1,0.26206,0.37510,21.19744,0.96701,1,0.56353,0.41691,20.47792,0.96701,1,-0.06206,0.02445,0.66538,0.00369,1,0.01454,0.01516,0.63769,0.00345,1,0,0.00000,30
0.81706,0.43669,5273.11084,0.18701,11816,0,0.99105,0.54094,1,0.77115,0.33357,1,0.88110,0.43725,1,0.26222,0.37507,21.40452,0.97404,1,0.56373,0.41682,20.36369,0.98123,1,-0.06038,0.02389,0.64997,0.00368,1,0.01503,0.01553,0.65307,0.00346,1,0,0.00000,30
0.87567,0.43555,5273.11084,0.18701,11816,0,0.97695,0.50971,1,0.75944,0.33976,1,0.86820,0.42473,1,0.26193,0.37511,21.31516,0.98825,1,0.56361,0.41686,20.30948,0.99544,1,-0.06038,0.02389,0.64997,0.00371,1,0.01503,0.01553,0.65307,0.00344,1,0,0.00000,30
0.87254,0.41124,5273.11084,0.18701,11816,0,0.97765,0.49503,1,0.76117,0.27881,1,0.86941,0.38692,1,0.26193,0.37511,21.31516,1.00247,1,0.56366,0.41677,20.26097,1.00966,1,-0.06038,0.02389,0.64997,0.00371,1,0.01503,0.01553,0.65307,0.00348,1,0,0.00000,30
0.87253,0.40074,5273.11084,0.18701,11816,0,0.98168,0.48616,1,0.76330,0.27333,1,0.87249,0.37974,1,0.26190,0.37509,21.29903,1.01668,1,0.56366,0.41677,20.26359,1.01668,1,-0.06038,0.02389,0.64997,0.00373,1,0.01489,0.01524,0.64490,0.00348,1,0,0.00000,30
0.87575,0.40152,5273.33154,0.01562,11817,1,0.98740,0.50712,1,0.78347,0.30061,1,0.88543,0.40387,1,0.26197,0.37517,21.36820,1.01668,1,0.56380,0.41700,20.69373,1.00949,1,-0.06038,0.02389,0.64997,0.00367,1,0.01489,0.01524,0.64490,0.00344,1,0,0.00000,30
0.87713,0.40282,5273.33154,0.02100,11817,1,0.97962,0.51154,1,0.78568,0.30446,1,0.88265,0.40800,1,0.26197,0.37517,21.36756,1.00949,1,0.56386,0.41695,20.44569,1.00230,1,-0.06038,0.02389,0.64997,0.00367,1,0.01489,0.01524,0.64490,0.00345,1,0,0.00000,30
0.87768,0.40450,5273.33154,0.02637,11817,1,0.97758,0.51586,1,0.78331,0.30993,1,0.88044,0.41289,1,0.26195,0.37516,21.35294,1.00230,1,0.56392,0.41698,20.50199,0.99511,1,-0.06038,0.02389,0.64997,0.00368,1,0.01489,0.01524,0.64490,0.00343,1,0,0.00000,30
0.87350,0.40491,5273.33154,0.03320,11817,1,0.97796,0.50624,1,0.71886,0.30860,1,0.84841,0.40742,1,0.26195,0.37508,21.21599,0.99511,1,0.56392,0.41698,20.50199,0.99511,1,-0.06038,0.02389,0.64997,0.00371,1,0.01489,0.01524,0.64490,0.00343,1,0,0.00000,30
0.87137,0.40866,5273.33154,0.04004,11817,1,0.97919,0.50420,1,0.73377,0.36550,1,0.85648,0.43485,1,0.26207,0.37502,21.50442,0.99511,1,0.56399,0.41699,20.65257,0.99511,1,-0.06038,0.02389,0.64997,0.00368,1,0.01489,0.01524,0.64490,0.00341,1,0,0.00000,30
0.86961,0.41180,5273.33154,0.04639,11817,1,0.97717,0.50854,1,0.73381,0.36538,1,0.85549,0.43696,1,0.26203,0.37508,21.27728,0.98809,1,0.56406,0.41694,20.33364,0.99528,1,-0.05907,0.02339,0.63634,0.00369,1,0.01540,0.01570,0.66463,0.00342,1,0,0.00000,30
0.86826,0.40972,5273.33154,0.05322,11817,1,0.96061,0.48235,1,0.75158,0.29962,1,0.85609,0.39098,1,0.26207,0.37489,21.41888,0.98825,1,0.56429,0.41697,20.57558,0.99544,1,-0.05907,0.02339,0.63634,0.00368,1,0.01540,0.01570,0.66463,0.00340,1,0,0.00000,30
0.86742,0.41043,5273.33154,0.06006,11817,1,0.96498,0.48367,1,0.75320,0.35147,1,0.85909,0.41757,1,0.26213,0.37486,21.47262,0.98841,1,0.56433,0.41700,20.57264,0.99560,1,-0.05907,0.02339,0.63634,0.00368,1,0.01540,0.01570,0.66463,0.00338,1,0,0.00000,30
0.86664,0.41124,5273.33154,0.06689,11817,1,0.96502,0.48357,1,0.75108,0.35654,1,0.85805,0.42006,1,0.26215,0.37485,21.45909,0.98858,1,0.56436,0.41692,20.65222,0.98858,1,-0.05896,0.02338,0.63620,0.00368,1,0.01474,0.01493,0.63008,0.00337,1,0,0.00000,30
0.86720,0.41092,5273.33154,0.07275,11817,1,0.98360,0.46697,1,0.76413,0.34719,1,0.87386,0.40708,1,0.26239,0.37476,20.94871,0.98858,1,0.56455,0.41685,20.34308,0.98139,1,-0.05896,0.02338,0.63620,0.00375,1,0.01474,0.01493,0.63008,0.00342,1,0,0.00000,30
0.86788,0.41282,5273.33154,0.07959,11817,1,0.98250,0.52846,1,0.77096,0.34676,1,0.87673,0.43761,1,0.26241,0.37468,21.21404,0.98139,1,0.56464,0.41674,20.60836,0.97420,1,-0.05896,0.02338,0.63620,0.00367,1,0.01474,0.01493,0.63008,0.00340,1,0,0.00000,30
0.86832,0.41480,5273.33154,0.08643,11817,1,0.98037,0.53278,1,0.76861,0.35209,1,0.87449,0.44244,1,0.26251,0.37459,21.49458,0.97420,1,0.56467,0.41672,20.50601,0.96701,1,-0.05896,0.02343,0.63620,0.00368,1,0.01512,0.01532,0.64651,0.00341,1,0,0.00000,30
0.86662,0.41799,5273.33154,0.09277,11817,1,0.95502,0.53001,1,0.72722,0.40165,1,0.84112,0.46583,1,0.26253,0.37457,21.48474,0.96701,1,0.56485,0.41672,20.47292,0.96701,1,-0.05896,0.02343,0.63620,0.00365,1,0.01512,0.01532,0.64651,0.00339,1,0,0.00000,30
0.86588,0.42022,5273.33154,0.10010,11817,1,0.96981,0.51561,1,0.73810,0.39615,1,0.85396,0.45588,1,0.26262,0.37447,21.36751,0.96701,1,0.56493,0.41666,20.52438,0.96701,1,-0.05896,0.02343,0.63620,0.00367,1,0.01512,0.01532,0.64651,0.00339,1,0,0.00000,30
0.86511,0.42243,5273.33154,0.10742,11817,1,0.96801,0.51953,1,0.73623,0.40054,1,0.85212,0.46003,1,0.26266,0.37443,21.25698,0.96072,1,0.56497,0.41668,20.58253,0.96072,1,-0.05830,0.02318,0.62957,0.00367,1,0.01474,0.01493,0.63008,0.00341,1,0,0.00000,30
0.86507,0.42369,5273.33154,0.11279,11817,1,0.97712,0.50730,1,0.75143,0.38549,1,0.86428,0.44640,1,0.26279,0.37439,21.34505,0.95444,1,0.56518,0.41667,20.22713,0.95444,1,-0.05830,0.02318,0.62957,0.00368,1,0.01474,0.01493,0.63008,0.00340,1,0,0.00000,30
0.86519,0.42555,5273.33154,0.12012,11817,1,0.98500,0.51139,1,0.75019,0.41053,1,0.86759,0.46096,1,0.26282,0.37431,21.41946,0.94815,1,0.56524,0.41663,20.27573,0.94815,1,-0.05830,0.02318,0.62957,0.00365,1,0.01474,0.01493,0.63008,0.00340,1,0,0.00000,30
0.86531,0.42724,5273.33154,0.12646,11817,1,0.98500,0.51139,1,0.75019,0.41053,1,0.86759,0.46096,1,0.26294,0.37427,21.05959,0.94815,1,0.56527,0.41672,20.26656,0.94815,1,-0.05904,0.02354,0.63911,0.00369,1,0.01528,0.01534,0.64502,0.00337,1,0,0.00000,30
0.86543,0.42679,5273.33154,0.13379,11817,1,0.96687,0.48288,1,0.76894,0.35186,1,0.86790,0.41737,1,0.26304,0.37429,21.21381,0.95444,1,0.56538,0.41667,20.63942,0.95444,1,-0.05904,0.02354,0.63911,0.00367,1,0.01528,0.01534,0.64502,0.00337,1,0,0.00000,30
0.86529,0.42743,5273.33154,0.14014,11817,1,0.97180,0.48431,1,0.75269,0.39861,1,0.86225,0.44146,1,0.26310,0.37427,21.13493,0.96072,1,0.56551,0.41670,20.42354,0.96072,1,-0.05904,0.02354,0.63911,0.00368,1,0.01528,0.01534,0.64502,0.00339,1,0,0.00000,30
0.86524,0.42783,5273.33154,0.14697,11817,1,0.97362,0.48015,1,0.75466,0.39421,1,0.86414,0.43718,1,0.26314,0.37435,21.27651,0.96701,1,0.56555,0.41673,20.46592,0.96701,1,-0.05904,0.02358,0.63911,0.00363,1,0.01528,0.01524,0.64501,0.00339,1,0,0.00000,30
0.86482,0.42696,5273.33154,0.15332,11817,1,0.98221,0.47440,1,0.72737,0.33777,1,0.85479,0.40608,1,0.26318,0.37431,21.38267,0.96701,1,0.56561,0.41671,20.33985,0.96701,1,-0.05904,0.02358,0.63911,0.00363,1,0.01528,0.01524,0.64501,0.00340,1,0,0.00000,30
0.86469,0.42642,5273.33154,0.16016,11817,1,0.99610,0.46838,1,0.72669,0.35736,1,0.86140,0.41287,1,0.26320,0.37428,21.50430,0.96701,1,0.56562,0.41673,20.42495,0.96701,1,-0.05904,0.02358,0.63911,0.00363,1,0.01528,0.01524,0.64501,0.00339,1,0,0.00000,30
0.86457,0.42592,5273.33154,0.16650,11817,1,0.99610,0.46838,1,0.72669,0.35736,1,0.86140,0.41287,1,0.26320,0.37424,21.42380,0.96701,1,0.56566,0.41673,20.35951,0.96701,1,-0.05904,0.02358,0.63911,0.00363,1,0.01528,0.01524,0.64501,0.00338,1,0,0.00000,30
0.86468,0.42532,5273.33154,0.17334,11817,1,0.99308,0.47408,1,0.74235,0.34427,1,0.86771,0.40918,1,0.26324,0.37421,21.28480,0.96701,1,0.56576,0.41675,20.40709,0.96701,1,-0.05904,0.02358,0.63911,0.00363,1,0.01528,0.01524,0.64501,0.00337,1,0,0.00000,30
0.86425,0.42336,5273.33154,0.18018,11817,1,0.96133,0.46603,1,0.74313,0.27095,1,0.85223,0.36849,1,0.26328,0.37416,21.17534,0.96701,1,0.56576,0.41673,20.45195,0.96701,1,-0.05904,0.02358,0.63911,0.00361,1,0.01528,0.01524,0.64501,0.00335,1,0,0.00000,30
0.86389,0.42143,5273.33154,0.18701,11817,1,0.96133,0.46603,1,0.74528,0.26503,1,0.85331,0.36553,1,0.26328,0.37416,21.17534,0.96701,1,0.56578,0.41671,20.47853,0.97420,1,-0.05904,0.02358,0.63911,0.00361,1,0.01582,0.01572,0.66557,0.00336,1,0,0.00000,30
0.86372,0.41957,5273.33154,0.19336,11817,1,0.96396,0.46334,1,0.75337,0.26362,1,0.85867,0.36348,1,0.26337,0.37411,21.40249,0.97420,1,0.56582,0.41672,20.63126,0.98139,1,-0.05904,0.02358,0.63911,0.00360,1,0.01582,0.01572,0.66557,0.00336,1,0,0.00000,30
0.86358,0.41760,5273.33154,0.20020,11817,1,0.96674,0.45375,1,0.75156,0.25961,1,0.85915,0.35668,1,0.26346,0.37400,21.25517,0.98139,1,0.56596,0.41672,20.23369,0.98858,1,-0.05904,0.02358,0.63911,0.00363,1,0.01582,0.01572,0.66557,0.00333,1,0,0.00000,30
0.86350,0.41559,5273.33154,0.20654,11817,1,0.96874,0.44886,1,0.75371,0.25374,1,0.86123,0.35130,1,0.26349,0.37402,21.23243,0.98858,1,0.56597,0.41670,20.15614,0.99577,1,-0.05904,0.02358,0.63911,0.00365,1,0.01634,0.01619,0.68759,0.00334,1,0,0.00000,30
0.86360,0.41411,5273.33154,0.21338,11817,1,0.97029,0.43263,1,0.76316,0.29819,1,0.86673,0.36541,1,0.26342,0.37396,21.21254,0.99577,1,0.56593,0.41657,20.12941,0.99577,1,-0.05904,0.02358,0.63911,0.00361,1,0.01634,0.01619,0.68759,0.00339,1,0,0.00000,30
0.86077,0.38425,5273.33154,0.21338,11817,0,0.97500,0.42541,1,0.76200,0.29855,1,0.86850,0.36198,1,0.26351,0.37395,21.05843,0.99577,1,0.56595,0.41661,20.15239,0.99577,1,-0.05904,0.02358,0.63911,0.00364,1,0.01634,0.01619,0.68759,0.00335,1,0,0.00000,30
0.86463,0.37312,5273.33154,0.21338,11817,0,0.97500,0.42541,1,0.76200,0.29855,1,0.86850,0.36198,1,0.26340,0.37394,21.23521,0.99577,1,0.56598,0.41658,20.05439,0.99577,1,-0.05904,0.02368,0.63911,0.00361,1,0.01584,0.01574,0.66215,0.00336,1,0,0.00000,30
0.86622,0.38559,5273.33154,0.21338,11817,0,0.97763,0.47450,1,0.76113,0.34660,1,0.86938,0.41055,1,0.26340,0.37382,21.40220,0.99577,1,0.56599,0.41646,20.38107,0.99577,1,-0.05904,0.02368,0.63911,0.00362,1,0.01584,0.01574,0.66215,0.00332,1,0,0.00000,30
0.86725,0.38863,5273.55127,0.02100,11818,1,0.97767,0.45510,1,0.76305,0.34034,1,0.87036,0.39772,1,0.26336,0.37381,21.37811,0.99577,1,0.56605,0.41642,20.31337,0.99577,1,-0.05904,0.02368,0.63911,0.00363,1,0.01584,0.01574,0.66215,0.00333,1,0,0.00000,30
0.86787,0.39045,5273.55127,0.02783,11818,1,0.97767,0.45510,1,0.76305,0.34034,1,0.87036,0.39772,1,0.26336,0.37374,21.50816,0.99577,1,0.56603,0.41634,20.19816,0.99577,1,-0.05904,0.02368,0.63911,0.00362,1,0.01584,0.01574,0.66215,0.00334,1,0,0.00000,30
0.86724,0.38955,5273.55127,0.03467,11818,1,0.96043,0.44620,1,0.76767,0.32400,1,0.86405,0.38510,1,0.26336,0.37363,21.12954,0.99577,1,0.56604,0.41621,20.23652,0.99577,1,-0.05904,0.02368,0.63911,0.00363,1,0.01584,0.01574,0.66215,0.00333,1,0,0.00000,30
0.86718,0.38701,5273.55127,0.04102,11818,1,0.96635,0.42368,1,0.76736,0.31986,1,0.86685,0.37177,1,0.26340,0.37360,21.01503,0.99577,1,0.56600,0.41619,20.29884,0.99577,1,-0.05904,0.02368,0.63911,0.00363,1,0.01584,0.01574,0.66215,0.00331,1,0,0.00000,30
0.86714,0.38511,5273.55127,0.04785,11818,1,0.96635,0.42368,1,0.76736,0.31986,1,0.86685,0.37177,1,0.26339,0.37353,21.09537,0.99577,1,0.56603,0.41618,20.28812,0.99577,1,-0.05904,0.02368,0.63911,0.00365,1,0.01584,0.01574,0.66215,0.00330,1,0,0.00000,30
0.86829,0.38289,5273.55127,0.05420,11818,1,1.00259,0.41601,1,0.75233,0.31421,1,0.87746,0.36511,1,0.26330,0.37350,21.27299,0.99577,1,0.56597,0.41619,20.35161,0.99577,1,-0.05904,0.02368,0.63911,0.00364,1,0.01584,0.01574,0.66215,0.00334,1,0,0.00000,30
0.86694,0.38231,5273.55127,0.06104,11818,1,0.98043,0.43131,1,0.72924,0.32292,1,0.85483,0.37711,1,0.26310,0.37360,20.92878,0.99577,1,0.56568,0.41622,20.27276,0.99577,1,-0.05904,0.02368,0.63911,0.00363,1,0.01584,0.01574,0.66215,0.00333,1,0,0.00000,30
0.86575,0.38208,5273.55127,0.06836,11818,1,0.98043,0.43131,1,0.72724,0.32832,1,0.85383,0.37982,1,0.26305,0.37357,20.86232,0.99577,1,0.56564,0.41623,20.40730,0.98858,1,-0.05904,0.02373,0.63911,0.00361,1,0.01528,0.01534,0.64502,0.00332,1,0,0.00000,30
0.86289,0.38055,5273.55127,0.07422,11818,1,0.93948,0.40142,1,0.72344,0.32590,1,0.83146,0.36366,1,0.26272,0.37335,20.73208,0.98858,1,0.56517,0.41622,20.35785,0.98139,1,-0.05904,0.02373,0.63911,0.00367,1,0.01528,0.01534,0.64502,0.00331,1,0,0.00000,30
0.86189,0.37871,5273.55127,0.08105,11818,1,0.95590,0.40635,1,0.74380,0.30703,1,0.84985,0.35669,1,0.26261,0.37323,20.79056,0.98139,1,0.56508,0.41610,20.19641,0.97420,1,-0.05904,0.02373,0.63911,0.00359,1,0.01528,0.01534,0.64502,0.00338,1,0,0.00000,30
0.86103,0.37715,5273.55127,0.08789,11818,1,0.95585,0.40647,1,0.74376,0.30716,1,0.84980,0.35681,1,0.26258,0.37318,20.61287,0.98123,1,0.56508,0.41597,20.23341,0.97404,1,-0.06114,0.02451,0.66023,0.00361,1,0.01516,0.01526,0.63986,0.00335,1,0,0.00000,30
0.86073,0.37647,5273.55127,0.09424,11818,1,0.95887,0.46226,1,0.75438,0.27177,1,0.85662,0.36701,1,0.26256,0.37318,20.66063,0.98106,1,0.56501,0.41586,20.20311,0.98106,1,-0.06114,0.02451,0.66023,0.00361,1,0.01516,0.01526,0.63986,0.00333,1,0,0.00000,30
0.85907,0.37594,5273.55127,0.10107,11818,1,0.95368,0.45348,1,0.71443,0.28249,1,0.83406,0.36798,1,0.26216,0.37312,20.74777,0.98809,1,0.56477,0.41593,20.25985,0.98809,1,-0.06114,0.02451,0.66023,0.00364,1,0.01516,0.01526,0.63986,0.00333,1,0,0.00000,30
0.85765,0.37530,5273.55127,0.10791,11818,1,0.95368,0.45348,1,0.71634,0.27675,1,0.83501,0.36512,1,0.26184,0.37310,20.81220,0.98809,1,0.56448,0.41583,20.25461,0.99528,1,-0.05856,0.02338,0.62985,0.00359,1,0.01520,0.01564,0.65592,0.00336,1,0,0.00000,30
0.84718,0.37267,5273.55127,0.11475,11818,1,0.77568,0.38772,1,0.56278,0.26795,1,0.66923,0.32783,1,0.25845,0.37300,19.70572,0.98825,1,0.56075,0.41537,19.11131,0.99544,1,-0.05856,0.02338,0.62985,0.00366,1,0.01520,0.01564,0.65592,0.00340,1,0,0.00000,30
0.83145,0.36965,5273.55127,0.12158,11818,1,0.66476,0.34829,1,0.43167,0.28223,1,0.54822,0.31526,1,0.25543,0.37287,19.67757,0.98841,1,0.55758,0.41551,18.43040,0.99560,1,-0.05856,0.02338,0.62985,0.00361,1,0.01520,0.01564,0.65592,0.00345,1,0,0.00000,30
0.78404,0.35434,5273.55127,0.12158,11818,0,0.66465,0.34301,1,0.43164,0.27638,1,0.54814,0.30969,1,0.25528,0.37268,19.11442,0.99560,1,0.55699,0.41564,19.50189,1.00279,1,-0.06221,0.02442,0.65901,0.00369,1,0.01394,0.01555,0.65218,0.00340,1,0,0.00000,30
0.57247,0.33486,5273.55127,0.12158,11818,0,0.49013,0.32644,1,0.23165,0.30432,1,0.36089,0.31538,1,0.25057,0.37316,20.49987,1.00982,1,0.55205,0.41587,19.24103,1.00982,1,-0.06221,0.02442,0.65901,0.00352,1,0.01394,0.01555,0.65218,0.00343,1,0,0.00000,30
0.47626,0.33165,5273.55127,0.12158,11818,0,0.39050,0.33589,1,0.17719,0.31454,1,0.28384,0.32522,1,0.24876,0.37345,20.68243,1.01685,1,0.55006,0.41611,19.14838,1.01685,1,-0.06221,0.02442,0.65901,0.00351,1,0.01394,0.01555,0.65218,0.00335,1,0,0.00000,30
0.30982,0.32288,5273.55127,0.12158,11818,0,0.39050,0.33589,1,0.17892,0.32019,1,0.28471,0.32804,1,0.24810,0.37353,20.69707,1.01685,1,0.54904,0.41611,19.23804,1.00966,1,-0.06307,0.02442,0.65918,0.00355,1,0.01257,0.01514,0.63488,0.00343,1,0,0.00000,30
0.24250,0.35553,5273.55127,0.12158,11818,0,0.31059,0.37448,1,0.03977,0.40187,1,0.17518,0.38817,1,0.24571,0.37383,21.10711,1.00263,1,0.54672,0.41657,19.45617,0.99544,1,-0.06307,0.02442,0.65918,0.00350,1,0.01257,0.01514,0.63488,0.00339,1,0,0.00000,30
0.21644,0.37059,5273.55127,0.12158,11818,0,0.28151,0.38466,1,0.04712,0.41675,1,0.16432,0.40070,1,0.24498,0.37390,21.22976,0.98842,1,0.54616,0.41677,19.27571,0.98123,1,-0.06307,0.02442,0.65918,0.00349,1,0.01257,0.01514,0.63488,0.00335,1,0,0.00000,30
0.16930,0.39888,5273.55127,0.12158,11818,0,0.28704,0.39376,1,0.04978,0.42178,1,0.16841,0.40777,1,0.24452,0.37391,21.07001,0.97420,1,0.54576,0.41691,19.53510,0.97420,1,-0.06224,0.02395,0.64651,0.00350,1,0.01266,0.01567,0.65693,0.00339,1,0,0.00000,30
0.16660,0.39987,5273.55127,0.12158,11818,0,0.26789,0.39062,1,0.05993,0.41110,1,0.16391,0.40086,1,0.24414,0.37384,21.40589,0.97420,1,0.54577,0.41676,19.67249,0.98139,1,-0.06224,0.02395,0.64651,0.00350,1,0.01266,0.01567,0.65693,0.00338,1,0,0.00000,30
0.17656,0.39329,5273.55127,0.12158,11818,0,0.31281,0.38806,1,0.08014,0.37222,1,0.19648,0.38014,1,0.24390,0.37392,21.43364,0.98139,1,0.54575,0.41657,19.57394,0.98858,1,-0.06224,0.02395,0.64651,0.00354,1,0.01266,0.01567,0.65693,0.00342,1,0,0.00000,30
0.18122,0.38943,5273.71924,0.02002,11819,1,0.31022,0.38342,1,0.08014,0.37222,1,0.19518,0.37782,1,0.24376,0.37384,21.09678,0.98858,1,0.54570,0.41654,19.41419,0.98858,1,-0.06185,0.02373,0.64049,0.00354,1,0.01227,0.01524,0.63905,0.00342,1,0,0.00000,30
0.18150,0.38864,5273.71924,0.02686,11819,1,0.28331,0.38688,1,0.08199,0.38414,1,0.18265,0.38551,1,0.24324,0.37387,21.57575,0.98858,1,0.54529,0.41658,19.71243,0.98139,1,-0.06185,0.02373,0.64049,0.00354,1,0.01227,0.01524,0.63905,0.00335,1,0,0.00000,30
0.17986,0.39250,5273.71924,0.03369,11819,1,0.29253,0.37829,1,0.05069,0.44534,1,0.17161,0.41182,1,0.24297,0.37381,21.26876,0.98139,1,0.54499,0.41648,19.42965,0.97420,1,-0.06185,0.02373,0.64049,0.00352,1,0.01227,0.01524,0.63905,0.00339,1,0,0.00000,30
0.17941,0.39656,5273.71924,0.04102,11819,1,0.29766,0.38708,1,0.05579,0.45464,1,0.17673,0.42086,1,0.24276,0.37377,21.28597,0.96791,1,0.54492,0.41644,19.52257,0.96072,1,-0.05992,0.02290,0.61808,0.00355,1,0.01218,0.01547,0.64439,0.00337,1,0,0.00000,30
0.18136,0.39927,5273.71924,0.04736,11819,1,0.30696,0.39761,1,0.08304,0.43890,1,0.19500,0.41826,1,0.24212,0.37373,21.45869,0.95444,1,0.54442,0.41645,19.56387,0.95444,1,-0.05992,0.02290,0.61808,0.00354,1,0.01218,0.01547,0.64439,0.00337,1,0,0.00000,30
0.18070,0.40116,5273.71924,0.05322,11819,1,0.26928,0.39359,1,0.08168,0.43895,1,0.17548,0.41627,1,0.24185,0.37391,21.58209,0.94815,1,0.54415,0.41636,19.57527,0.94815,1,-0.05992,0.02290,0.61808,0.00351,1,0.01218,0.01547,0.64439,0.00339,1,0,0.00000,30
0.18018,0.40267,5273.71924,0.06006,11819,1,0.26928,0.39359,1,0.08168,0.43895,1,0.17548,0.41627,1,0.24167,0.37385,21.40442,0.94815,1,0.54395,0.41628,19.61038,0.94815,1,-0.06222,0.02365,0.63836,0.00354,1,0.01186,0.01535,0.63766,0.00336,1,0,0.00000,30
0.17967,0.40649,5273.71924,0.06641,11819,1,0.29920,0.41019,1,0.04995,0.47918,1,0.17458,0.44468,1,0.24092,0.37394,21.46961,0.95444,1,0.54328,0.41623,19.26166,0.95444,1,-0.06222,0.02365,0.63836,0.00353,1,0.01186,0.01535,0.63766,0.00343,1,0,0.00000,30
0.17997,0.40654,5273.71924,0.07422,11819,1,0.28132,0.40670,1,0.08509,0.40745,1,0.18320,0.40707,1,0.24048,0.37395,21.16522,0.96072,1,0.54308,0.41611,19.57577,0.96072,1,-0.06222,0.02365,0.63836,0.00353,1,0.01186,0.01535,0.63766,0.00337,1,0,0.00000,30
0.18003,0.40625,5273.71924,0.08057,11819,1,0.27880,0.40269,1,0.08290,0.40281,1,0.18085,0.40275,1,0.24028,0.37394,21.32958,0.96701,1,0.54270,0.41602,19.37742,0.96701,1,-0.06328,0.02381,0.64528,0.00352,1,0.01159,0.01555,0.64401,0.00337,1,0,0.00000,30
0.17933,0.40616,5273.71924,0.08691,11819,1,0.26979,0.36361,1,0.07057,0.44660,1,0.17018,0.40511,1,0.23944,0.37403,21.18341,0.96701,1,0.54205,0.41599,19.54668,0.96701,1,-0.06328,0.02381,0.64528,0.00354,1,0.01159,0.01555,0.64401,0.00337,1,0,0.00000,30
0.17947,0.40605,5273.71924,0.09424,11819,1,0.29449,0.37001,1,0.06834,0.43899,1,0.18142,0.40450,1,0.23901,0.37415,21.36420,0.96701,1,0.54173,0.41589,19.70466,0.96701,1,-0.06328,0.02381,0.64528,0.00354,1,0.01159,0.01555,0.64401,0.00333,1,0,0.00000,30
0.17987,0.40647,5273.71924,0.10059,11819,1,0.29908,0.37802,1,0.07268,0.44736,1,0.18588,0.41269,1,0.23876,0.37407,21.18561,0.95507,1,0.54145,0.41591,19.37770,0.95507,1,-0.05795,0.02171,0.58823,0.00352,1,0.01082,0.01490,0.61685,0.00338,1,0,0.00000,30
0.18059,0.40650,5273.71924,0.10742,11819,1,0.28542,0.37838,1,0.09881,0.43562,1,0.19211,0.40700,1,0.23800,0.37416,21.34814,0.94312,1,0.54070,0.41577,19.27933,0.94312,1,-0.05795,0.02171,0.58823,0.00352,1,0.01082,0.01490,0.61685,0.00336,1,0,0.00000,30
0.18060,0.40665,5273.71924,0.11426,11819,1,0.28759,0.39760,1,0.07396,0.42093,1,0.18077,0.40926,1,0.23756,0.37427,21.48227,0.93118,1,0.54040,0.41569,19.62883,0.93118,1,-0.05795,0.02171,0.58823,0.00353,1,0.01082,0.01490,0.61685,0.00336,1,0,0.00000,30
0.18074,0.40702,5273.71924,0.12109,11819,1,0.29014,0.40180,1,0.07629,0.42563,1,0.18322,0.41371,1,0.23737,0.37426,21.34200,0.92489,1,0.54007,0.41568,19.38514,0.92489,1,-0.06161,0.02291,0.62206,0.00354,1,0.01076,0.01520,0.62960,0.00334,1,0,0.00000,30
0.18037,0.40650,5273.71924,0.12695,11819,1,0.26653,0.36255,1,0.08032,0.43045,1,0.17343,0.39650,1,0.23625,0.37446,21.38852,0.93055,1,0.53900,0.41551,19.55978,0.93055,1,-0.06161,0.02291,0.62206,0.00353,1,0.01076,0.01520,0.62960,0.00340,1,0,0.00000,30
0.17867,0.40729,5273.71924,0.13428,11819,1,0.25980,0.37100,1,0.02942,0.47532,1,0.14461,0.42316,1,0.23549,0.37466,21.57582,0.93621,1,0.53809,0.41551,19.69021,0.93621,1,-0.06161,0.02291,0.62206,0.00353,1,0.01076,0.01520,0.62960,0.00341,1,0,0.00000,30
0.17701,0.40784,5273.71924,0.14062,11819,1,0.25735,0.36712,1,0.02706,0.47143,1,0.14221,0.41928,1,0.23512,0.37469,21.52867,0.94186,1,0.53769,0.41550,19.98245,0.94186,1,-0.06231,0.02298,0.62536,0.00353,1,0.01046,0.01560,0.64579,0.00342,1,0,0.00000,30
0.17522,0.40883,5273.71924,0.14746,11819,1,0.24828,0.39143,1,0.02337,0.46984,1,0.13583,0.43063,1,0.23443,0.37486,21.56873,0.94186,1,0.53700,0.41543,19.97687,0.94186,1,-0.06231,0.02298,0.62536,0.00352,1,0.01046,0.01560,0.64579,0.00341,1,0,0.00000,30
0.17446,0.40952,5273.71924,0.15430,11819,1,0.26609,0.40170,1,0.04769,0.44902,1,0.15689,0.42536,1,0.23424,0.37478,21.52686,0.94186,1,0.53692,0.41534,19.90902,0.94186,1,-0.06231,0.02298,0.62536,0.00352,1,0.01046,0.01560,0.64579,0.00340,1,0,0.00000,30
0.17365,0.40998,5273.71924,0.16064,11819,1,0.26342,0.39760,1,0.04521,0.44456,1,0.15432,0.42108,1,0.23409,0.37481,21.36497,0.94815,1,0.53675,0.41530,19.71419,0.94815,1,-0.06284,0.02296,0.62735,0.00348,1,0.01015,0.01552,0.63849,0.00343,1,0,0.00000,30
0.17252,0.40941,5273.71924,0.16748,11819,1,0.23011,0.37504,1,0.05807,0.41558,1,0.14409,0.39531,1,0.23352,0.37499,21.45770,0.95444,1,0.53625,0.41511,19.98047,0.95444,1,-0.06284,0.02296,0.62735,0.00350,1,0.01015,0.01552,0.63849,0.00342,1,0,0.00000,30
0.17095,0.40923,5273.71924,0.17432,11819,1,0.23869,0.34833,1,0.02184,0.46033,1,0.13026,0.40433,1,0.23335,0.37488,21.45417,0.96072,1,0.53608,0.41510,19.86873,0.96072,1,-0.06284,0.02296,0.62735,0.00351,1,0.01015,0.01552,0.63849,0.00339,1,0,0.00000,30
0.16940,0.40890,5273.71924,0.18115,11819,1,0.23591,0.34402,1,0.01925,0.45601,1,0.12758,0.40002,1,0.23315,0.37496,21.52822,0.96701,1,0.53590,0.41505,19.85352,0.96701,1,-0.06416,0.02337,0.63855,0.00350,1,0.00999,0.01566,0.64060,0.00339,1,0,0.00000,29
0.16798,0.40836,5273.71924,0.18799,11819,1,0.23934,0.35131,1,0.01691,0.43506,1,0.12813,0.39319,1,0.23280,0.37499,21.38529,0.96701,1,0.53558,0.41496,19.68886,0.96701,1,-0.06416,0.02337,0.63855,0.00349,1,0.00999,0.01566,0.64060,0.00344,1,0,0.00000,29
0.16757,0.40798,5273.71924,0.19434,11819,1,0.26151,0.36222,1,0.05003,0.43217,1,0.15577,0.39720,1,0.23267,0.37499,21.42572,0.96701,1,0.53543,0.41497,19.86139,0.96701,1,-0.06416,0.02337,0.63855,0.00350,1,0.00999,0.01566,0.64060,0.00341,1,0,0.00000,29
0.16727,0.40778,5273.71924,0.20215,11819,1,0.26413,0.36644,1,0.05243,0.43664,1,0.15828,0.40154,1,0.23257,0.37497,21.63223,0.96072,1,0.53545,0.41495,19.82273,0.96072,1,-0.06238,0.02271,0.62047,0.00352,1,0.00999,0.01566,0.64060,0.00341,1,0,0.00000,29
0.16639,0.40734,5273.71924,0.20898,11819,1,0.24376,0.35786,1,0.03417,0.42970,1,0.13897,0.39378,1,0.23240,0.37498,21.34471,0.95444,1,0.53518,0.41489,19.97617,0.95444,1,-0.06238,0.02271,0.62047,0.00348,1,0.00999,0.01566,0.64060,0.00341,1,0,0.00000,29
0.16542,0.40697,5273.71924,0.21680,11819,1,0.23841,0.35755,1,0.03041,0.43299,1,0.13441,0.39527,1,0.23238,0.37498,21.34521,0.94815,1,0.53516,0.41488,19.87158,0.94815,1,-0.06238,0.02271,0.62047,0.00349,1,0.00999,0.01566,0.64060,0.00342,1,0,0.00000,29
0.16454,0.40668,5273.71924,0.22559,11819,1,0.24123,0.36186,1,0.03005,0.43234,1,0.13564,0.39710,1,0.23237,0.37497,21.34406,0.94186,1,0.53511,0.41486,19.77793,0.94905,1,-0.06306,0.02292,0.62629,0.00349,1,0.01020,0.01607,0.65709,0.00342,1,0,0.00000,29
0.16369,0.40617,5273.71924,0.23291,11819,1,0.23973,0.34868,1,0.02973,0.42885,1,0.13473,0.38877,1,0.23235,0.37496,21.33142,0.94905,1,0.53517,0.41475,19.95239,0.95624,1,-0.06306,0.02292,0.62629,0.00347,1,0.01020,0.01607,0.65709,0.00337,1,0,0.00000,29
0.16287,0.40569,5273.71924,0.23975,11819,1,0.23809,0.35064,1,0.02989,0.42679,1,0.13399,0.38872,1,0.23235,0.37489,21.35377,0.95624,1,0.53517,0.41475,19.95239,0.96343,1,-0.06306,0.02292,0.62629,0.00347,1,0.01020,0.01607,0.65709,0.00337,1,0,0.00000,29
0.13785,0.39512,5273.71924,0.23975,11819,0,0.23490,0.34571,1,0.02989,0.42679,1,0.13239,0.38625,1,0.23234,0.37487,21.37960,0.96343,1,0.53521,0.41476,20.05928,0.96343,1,-0.06238,0.02271,0.62047,0.00348,1,0.00999,0.01566,0.64060,0.00336,1,0,0.00000,29
0.14083,0.39099,5273.71924,0.23975,11819,0,0.24460,0.34182,1,0.04301,0.43192,1,0.14381,0.38687,1,0.23242,0.37477,21.37717,0.96343,1,0.53525,0.41474,20.01193,0.95624,1,-0.06238,0.02271,0.62047,0.00348,1,0.00999,0.01566,0.64060,0.00339,1,0,0.00000,29
0.14328,0.39033,5273.71924,0.23975,11819,0,0.24431,0.36500,1,0.05208,0.41299,1,0.14819,0.38900,1,0.23252,0.37480,21.41646,0.95624,1,0.53540,0.41471,19.79951,0.94905,1,-0.06238,0.02271,0.62047,0.00348,1,0.00999,0.01566,0.64060,0.00338,1,0,0.00000,29
0.14525,0.39127,5273.95996,0.02100,11820,1,0.24746,0.36985,1,0.05485,0.41834,1,0.15116,0.39409,1,0.23252,0.37480,21.41646,0.94905,1,0.53543,0.41474,19.89550,0.94186,1,-0.06336,0.02311,0.63016,0.00348,1,0.00999,0.01566,0.64060,0.00338,1,0,0.00000,29
0.14225,0.39269,5273.95996,0.02783,11820,1,0.23005,0.36851,1,0.03048,0.42825,1,0.13026,0.39838,1,0.23264,0.37464,21.34827,0.94186,1,0.53551,0.41471,19.94369,0.94186,1,-0.06336,0.02311,0.63016,0.00349,1,0.00999,0.01566,0.64060,0.00336,1,0,0.00000,29
0.13905,0.39208,5273.95996,0.03418,11820,1,0.24101,0.35344,1,0.00503,0.42455,1,0.12302,0.38899,1,0.23272,0.37452,21.29747,0.94186,1,0.53554,0.41465,19.95966,0.94186,1,-0.06336,0.02311,0.63016,0.00349,1,0.00999,0.01566,0.64060,0.00339,1,0,0.00000,29
0.13614,0.39061,5273.95996,0.04102,11820,1,0.23819,0.34908,1,-0.00085,0.41456,1,0.11867,0.38182,1,0.23276,0.37450,21.29751,0.94815,1,0.53560,0.41460,19.93747,0.95534,1,-0.06506,0.02384,0.64751,0.00347,1,0.01029,0.01606,0.65695,0.00338,1,0,0.00000,29
0.13552,0.38649,5273.95996,0.04736,11820,1,0.24981,0.32943,1,0.01254,0.38595,1,0.13117,0.35769,1,0.23283,0.37449,21.31237,0.96163,1,0.53574,0.41458,19.61874,0.96882,1,-0.06506,0.02384,0.64751,0.00349,1,0.01029,0.01606,0.65695,0.00339,1,0,0.00000,29
0.13461,0.38255,5273.95996,0.05420,11820,1,0.22857,0.32294,1,0.02613,0.37901,1,0.12735,0.35098,1,0.23314,0.37430,21.28690,0.97510,1,0.53597,0.41465,19.86699,0.98229,1,-0.06506,0.02384,0.64751,0.00348,1,0.01029,0.01606,0.65695,0.00334,1,0,0.00000,29
0.13332,0.37841,5273.95996,0.06104,11820,1,0.22259,0.31356,1,0.02079,0.36881,1,0.12169,0.34119,1,0.23337,0.37426,21.23960,0.98858,1,0.53633,0.41446,19.77423,0.99577,1,-0.06438,0.02367,0.64271,0.00350,1,0.01051,0.01609,0.65826,0.00337,1,0,0.00000,29
0.14133,0.37430,5273.95996,0.06738,11820,1,0.33386,0.32999,1,0.10907,0.33644,1,0.22147,0.33321,1,0.23565,0.37390,20.99558,0.99577,1,0.53814,0.41430,19.13748,0.99577,1,-0.06438,0.02367,0.64271,0.00351,1,0.01051,0.01609,0.65826,0.00343,1,0,0.00000,29
0.15362,0.37174,5273.95996,0.07422,11820,1,0.39764,0.32701,1,0.17993,0.36013,1,0.28879,0.34357,1,0.23674,0.37356,20.57949,0.99577,1,0.53892,0.41413,18.80156,0.99577,1,-0.06438,0.02367,0.64271,0.00353,1,0.01051,0.01609,0.65826,0.00344,1,0,0.00000,29
0.16427,0.37032,5273.95996,0.08154,11820,1,0.39935,0.33145,1,0.18481,0.37515,1,0.29208,0.35330,1,0.23713,0.37372,21.08467,0.98948,1,0.53957,0.41397,19.12673,0.97586,1,-0.06161,0.02293,0.62020,0.00350,1,0.01051,0.01609,0.65826,0.00341,1,0,0.00000,29
0.17293,0.36611,5273.95996,0.08789,11820,1,0.39567,0.32081,1,0.17529,0.30187,1,0.28548,0.31134,1,0.23772,0.37352,20.97113,0.96957,1,0.53987,0.41381,19.10048,0.95595,1,-0.06161,0.02293,0.62020,0.00344,1,0.01051,0.01609,0.65826,0.00335,1,0,0.00000,29
0.18087,0.36732,5273.95996,0.09424,11820,1,0.39907,0.37716,1,0.18512,0.39125,1,0.29209,0.38420,1,0.23775,0.37351,20.92928,0.94966,1,0.53985,0.41385,18.99584,0.93604,1,-0.06161,0.02293,0.62020,0.00347,1,0.01051,0.01609,0.65826,0.00333,1,0,0.00000,29
0.18794,0.36867,5273.95996,0.10107,11820,1,0.40295,0.38657,1,0.18512,0.39125,1,0.29404,0.38891,1,0.23775,0.37351,20.92928,0.93604,1,0.53990,0.41384,18.98320,0.93604,1,-0.06292,0.02344,0.63384,0.00346,1,0.01098,0.01611,0.65683,0.00335,1,0,0.00000,29
0.19325,0.36869,5273.95996,0.10742,11820,1,0.40304,0.37247,1,0.15324,0.36557,1,0.27814,0.36902,1,0.23777,0.37343,20.77290,0.94233,1,0.54001,0.41386,19.03933,0.95595,1,-0.06292,0.02344,0.63384,0.00346,1,0.01098,0.01611,0.65683,0.00331,1,0,0.00000,29
0.22686,0.35602,5273.95996,0.10742,11820,0,0.38133,0.35208,1,0.16126,0.36188,1,0.27129,0.35698,1,0.23787,0.37337,20.62954,0.96224,1,0.54021,0.41377,18.87580,0.97586,1,-0.06292,0.02344,0.63384,0.00344,1,0.01098,0.01611,0.65683,0.00336,1,0,0.00000,29
0.24626,0.34918,5273.95996,0.10742,11820,0,0.37540,0.33812,1,0.15593,0.34655,1,0.26566,0.34233,1,0.23794,0.37332,20.69592,0.98215,1,0.54041,0.41386,19.07732,0.99577,1,-0.06292,0.02348,0.63384,0.00351,1,0.01098,0.01596,0.65071,0.00337,1,0,0.00000,29
0.25410,0.33476,5273.95996,0.10742,11820,0,0.38984,0.32419,1,0.14973,0.28768,1,0.26979,0.30594,1,0.23811,0.37317,20.71790,0.99577,1,0.54056,0.41384,19.24889,0.99577,1,-0.06292,0.02348,0.63384,0.00344,1,0.01098,0.01596,0.65071,0.00337,1,0,0.00000,29
0.25948,0.32461,5274.07471,0.02002,11821,1,0.39153,0.32135,1,0.15966,0.26692,1,0.27560,0.29414,1,0.23815,0.37317,20.70328,0.99577,1,0.54057,0.41389,19.05733,0.99577,1,-0.06292,0.02348,0.63384,0.00344,1,0.01098,0.01596,0.65071,0.00331,1,0,0.00000,29
0.26270,0.31851,5274.07471,0.02637,11821,1,0.39153,0.32135,1,0.15966,0.26692,1,0.27560,0.29414,1,0.23819,0.37320,20.73320,0.99577,1,0.54063,0.41387,19.08260,0.99577,1,-0.06400,0.02392,0.64564,0.00345,1,0.01128,0.01620,0.66268,0.00330,1,0,0.00000,29
0.26681,0.31603,5274.07471,0.03320,11821,1,0.40662,0.31174,1,0.16812,0.29555,1,0.28737,0.30364,1,0.23823,0.37307,20.38746,0.99577,1,0.54073,0.41385,19.07727,0.99577,1,-0.06400,0.02392,0.64564,0.00345,1,0.01128,0.01620,0.66268,0.00329,1,0,0.00000,29
0.26711,0.31775,5274.07471,0.04004,11821,1,0.37791,0.30617,1,0.15987,0.34994,1,0.26889,0.32805,1,0.23831,0.37311,20.61198,0.99577,1,0.54093,0.41390,18.70524,0.99577,1,-0.06400,0.02392,0.64564,0.00344,1,0.01128,0.01620,0.66268,0.00334,1,0,0.00000,29
0.26745,0.31938,5274.07471,0.04639,11821,1,0.37791,0.30617,1,0.16176,0.35545,1,0.26984,0.33081,1,0.23855,0.37315,20.58754,0.99577,1,0.54109,0.41388,18.99218,0.98858,1,-0.06300,0.02358,0.63654,0.00344,1,0.01076,0.01539,0.62960,0.00332,1,0,0.00000,29
0.26772,0.31815,5274.07471,0.05322,11821,1,0.39172,0.32329,1,0.14800,0.29322,1,0.26986,0.30825,1,0.23859,0.37298,20.66182,0.98858,1,0.54128,0.41395,19.30927,0.98139,1,-0.06300,0.02358,0.63654,0.00344,1,0.01076,0.01539,0.62960,0.00333,1,0,0.00000,29
0.26877,0.31794,5274.07471,0.06104,11821,1,0.39825,0.32653,1,0.15831,0.30556,1,0.27828,0.31604,1,0.23859,0.37298,20.66182,0.98139,1,0.54127,0.41398,18.97326,0.97420,1,-0.06300,0.02358,0.63654,0.00344,1,0.01076,0.01539,0.62960,0.00335,1,0,0.00000,29
0.26963,0.31769,5274.07471,0.06689,11821,1,0.40023,0.33168,1,0.15613,0.29884,1,0.27818,0.31526,1,0.23859,0.37294,20.54799,0.97420,1,0.54133,0.41402,19.16228,0.98229,1,-0.06444,0.02407,0.65108,0.00346,1,0.01163,0.01649,0.67453,0.00336,1,0,0.00000,29
0.26991,0.31622,5274.07471,0.07373,11821,1,0.37955,0.31595,1,0.16648,0.28409,1,0.27301,0.30002,1,0.23889,0.37312,20.54754,0.98229,1,0.54136,0.41404,18.97418,0.99757,1,-0.06444,0.02407,0.65108,0.00345,1,0.01163,0.01649,0.67453,0.00339,1,0,0.00000,29
0.27045,0.31469,5274.07471,0.08008,11821,1,0.38748,0.32301,1,0.16629,0.26955,1,0.27689,0.29628,1,0.23886,0.37303,20.30574,0.99757,1,0.54149,0.41394,18.79960,1.01284,1,-0.06444,0.02407,0.65108,0.00345,1,0.01163,0.01649,0.67453,0.00332,1,0,0.00000,29
0.27062,0.31260,5274.07471,0.08691,11821,1,0.38121,0.30730,1,0.16453,0.26368,1,0.27287,0.28549,1,0.23888,0.37308,20.45199,1.01987,1,0.54155,0.41392,18.77802,1.01987,1,-0.06509,0.02438,0.65816,0.00345,1,0.01118,0.01571,0.64265,0.00330,1,0,0.00000,29
0.27159,0.31026,5274.07471,0.09326,11821,1,0.38392,0.28612,1,0.18647,0.26872,1,0.28520,0.27742,1,0.23891,0.37309,20.53061,1.02690,1,0.54180,0.41400,18.93636,1.01162,1,-0.06509,0.02438,0.65816,0.00344,1,0.01118,0.01571,0.64265,0.00333,1,0,0.00000,29
0.27179,0.30900,5274.07471,0.09961,11821,1,0.38659,0.29469,1,0.16296,0.28565,1,0.27478,0.29017,1,0.23896,0.37307,20.48565,1.01864,1,0.54183,0.41404,18.97326,1.00337,1,-0.06509,0.02438,0.65816,0.00342,1,0.01118,0.01571,0.64265,0.00332,1,0,0.00000,29
0.27221,0.30859,5274.07471,0.10742,11821,1,0.39081,0.30564,1,0.16689,0.29828,1,0.27885,0.30196,1,0.23899,0.37309,20.40565,1.00337,1,0.54186,0.41397,18.93426,0.98809,1,-0.06329,0.02373,0.64048,0.00343,1,0.01118,0.01571,0.64265,0.00334,1,0,0.00000,29
0.27214,0.30885,5274.07471,0.11377,11821,1,0.40574,0.32039,1,0.13632,0.30617,1,0.27103,0.31328,1,0.23902,0.37301,20.26752,0.98106,1,0.54191,0.41411,19.23335,0.98106,1,-0.06329,0.02373,0.64048,0.00343,1,0.01118,0.01571,0.64265,0.00337,1,0,0.00000,29
0.27223,0.30935,5274.07471,0.11963,11821,1,0.40998,0.32744,1,0.13775,0.30944,1,0.27387,0.31844,1,0.23905,0.37300,20.38235,0.97404,1,0.54185,0.41408,19.09764,0.97404,1,-0.06329,0.02373,0.64048,0.00341,1,0.01118,0.01571,0.64265,0.00340,1,0,0.00000,29
0.27245,0.31017,5274.07471,0.12793,11821,1,0.41352,0.33706,1,0.13953,0.31451,1,0.27653,0.32579,1,0.23905,0.37297,20.31388,0.96072,1,0.54188,0.41409,19.03075,0.96791,1,-0.06142,0.02305,0.62201,0.00343,1,0.01145,0.01602,0.65535,0.00340,1,0,0.00000,29
0.27237,0.31043,5274.07471,0.13330,11821,1,0.38534,0.32004,1,0.15634,0.31096,1,0.27084,0.31550,1,0.23912,0.37297,20.40314,0.96163,1,0.54202,0.41405,19.19728,0.96882,1,-0.06142,0.02305,0.62201,0.00339,1,0.01145,0.01602,0.65535,0.00332,1,0,0.00000,29
0.27246,0.31048,5274.07471,0.14062,11821,1,0.38689,0.31334,1,0.16179,0.30993,1,0.27434,0.31164,1,0.23912,0.37297,20.40314,0.96253,1,0.54214,0.41387,18.99486,0.96972,1,-0.06142,0.02305,0.62201,0.00339,1,0.01145,0.01602,0.65535,0.00331,1,0,0.00000,29
0.27253,0.31050,5274.07471,0.14746,11821,1,0.38662,0.31267,1,0.16155,0.30918,1,0.27409,0.31093,1,0.23933,0.37296,20.66125,0.96343,1,0.54214,0.41393,19.10313,0.97062,1,-0.06081,0.02286,0.61586,0.00347,1,0.01145,0.01602,0.65535,0.00330,1,0,0.00000,29
0.27279,0.31008,5274.07471,0.15381,11821,1,0.38672,0.29860,1,0.17067,0.30225,1,0.27870,0.30043,1,0.23939,0.37293,20.53603,0.97062,1,0.54210,0.41384,18.95322,0.97062,1,-0.06081,0.02286,0.61586,0.00345,1,0.01145,0.01602,0.65535,0.00330,1,0,0.00000,29
0.27313,0.30948,5274.07471,0.16064,11821,1,0.39147,0.28693,1,0.17108,0.30309,1,0.28127,0.29501,1,0.23939,0.37293,20.55277,0.97062,1,0.54221,0.41338,18.33561,0.97062,1,-0.06081,0.02286,0.61586,0.00344,1,0.01145,0.01602,0.65535,0.00329,1,0,0.00000,29
0.27338,0.30873,5274.07471,0.16748,11821,1,0.38968,0.28215,1,0.16945,0.29783,1,0.27957,0.28999,1,0.23942,0.37286,20.40581,0.97691,1,0.54214,0.41380,18.90756,0.97691,1,-0.06296,0.02369,0.63806,0.00344,1,0.01162,0.01613,0.65959,0.00333,1,0,0.00000,29
0.27384,0.30742,5274.07471,0.17432,11821,1,0.39436,0.27175,1,0.17770,0.27497,1,0.28603,0.27336,1,0.23942,0.37283,20.52085,0.98320,1,0.54226,0.41376,19.12698,0.98320,1,-0.06296,0.02369,0.63806,0.00344,1,0.01162,0.01613,0.65959,0.00330,1,0,0.00000,29
0.27440,0.30608,5274.07471,0.18066,11821,1,0.39536,0.26747,1,0.18366,0.27214,1,0.28951,0.26981,1,0.23948,0.37281,20.52628,0.98948,1,0.54230,0.41365,19.00520,0.98948,1,-0.06296,0.02369,0.63806,0.00340,1,0.01162,0.01613,0.65959,0.00327,1,0,0.00000,29
0.27490,0.30476,5274.07471,0.18750,11821,1,0.39363,0.26267,1,0.18387,0.27291,1,0.28875,0.26779,1,0.23953,0.37283,20.40727,0.99577,1,0.54234,0.41361,18.98124,0.98858,1,-0.06296,0.02369,0.63806,0.00343,1,0.01146,0.01583,0.64736,0.00328,1,0,0.00000,29
0.27549,0.30339,5274.07471,0.19434,11821,1,0.39814,0.26512,1,0.18725,0.26263,1,0.29269,0.26387,1,0.23952,0.37275,20.38038,0.98858,1,0.54243,0.41358,18.90598,0.98139,1,-0.06296,0.02369,0.63806,0.00343,1,0.01146,0.01583,0.64736,0.00333,1,0,0.00000,29
0.27565,0.30343,5274.07471,0.20068,11821,1,0.40341,0.27650,1,0.15745,0.33263,1,0.28043,0.30457,1,0.23956,0.37273,20.35309,0.98139,1,0.54252,0.41316,18.46389,0.97420,1,-0.06296,0.02369,0.63806,0.00344,1,0.01146,0.01583,0.64736,0.00332,1,0,0.00000,29
0.27586,0.30364,5274.07471,0.20752,11821,1,0.40535,0.28199,1,0.15940,0.33840,1,0.28238,0.31020,1,0.23959,0.37269,20.52753,0.97420,1,0.54250,0.41365,18.96886,0.96701,1,-0.06296,0.02369,0.63806,0.00342,1,0.01146,0.01583,0.64736,0.00334,1,0,0.00000,29
0.27582,0.30284,5274.07471,0.21436,11821,1,0.37945,0.27948,1,0.16979,0.27504,1,0.27462,0.27726,1,0.23958,0.37266,20.43108,0.96701,1,0.54266,0.41360,18.93797,0.96701,1,-0.06296,0.02369,0.63806,0.00341,1,0.01146,0.01583,0.64736,0.00331,1,0,0.00000,29
0.27620,0.30300,5274.07471,0.22119,11821,1,0.39018,0.28724,1,0.18689,0.32936,1,0.28854,0.30830,1,0.23961,0.37265,20.41917,0.96701,1,0.54274,0.41367,19.11657,0.96701,1,-0.06296,0.02369,0.63806,0.00342,1,0.01146,0.01583,0.64736,0.00329,1,0,0.00000,29
0.27655,0.30315,5274.07471,0.22705,11821,1,0.39018,0.28724,1,0.18689,0.32936,1,0.28854,0.30830,1,0.23968,0.37271,20.49957,0.96701,1,0.54274,0.41367,19.11657,0.96701,1,-0.06296,0.02369,0.63806,0.00341,1,0.01146,0.01583,0.64736,0.00329,1,0,0.00000,29
0.27694,0.30245,5274.07471,0.23438,11821,1,0.39670,0.27592,1,0.18417,0.27991,1,0.29043,0.27791,1,0.23980,0.37258,20.38666,0.96701,1,0.54286,0.41366,19.13828,0.96701,1,-0.06296,0.02369,0.63806,0.00339,1,0.01146,0.01583,0.64736,0.00334,1,0,0.00000,29
0.27693,0.30189,5274.07471,0.24121,11821,1,0.39942,0.27760,1,0.15411,0.28545,1,0.27677,0.28153,1,0.23985,0.37258,20.41442,0.96701,1,0.54287,0.41372,18.97085,0.96701,1,-0.06296,0.02369,0.63806,0.00338,1,0.01146,0.01583,0.64736,0.00334,1,0,0.00000,29
0.27697,0.30149,5274.07471,0.24805,11821,1,0.40116,0.28247,1,0.15585,0.29085,1,0.27850,0.28666,1,0.23990,0.37258,20.34501,0.96072,1,0.54287,0.41372,18.97085,0.96072,1,-0.05723,0.02158,0.58138,0.00340,1,0.01146,0.01583,0.64736,0.00334,1,0,0.00000,29
0.27699,0.30109,5274.07471,0.25439,11821,1,0.39236,0.28354,1,0.16271,0.28862,1,0.27753,0.28608,1,0.23994,0.37265,20.29415,0.95444,1,0.54296,0.41380,19.04484,0.95444,1,-0.05723,0.02158,0.58138,0.00340,1,0.01146,0.01583,0.64736,0.00333,1,0,0.00000,29
0.27711,0.30093,5274.07471,0.26123,11821,1,0.39111,0.29120,1,0.17252,0.29767,1,0.28181,0.29444,1,0.23998,0.37271,20.36737,0.94815,1,0.54296,0.41382,18.98122,0.94815,1,-0.05723,0.02158,0.58138,0.00339,1,0.01146,0.01583,0.64736,0.00333,1,0,0.00000,29
0.27717,0.30061,5274.07471,0.26758,11821,1,0.39111,0.29120,1,0.16851,0.28451,1,0.27981,0.28785,1,0.24006,0.37271,20.44444,0.94815,1,0.54299,0.41370,18.88363,0.96343,1,-0.06318,0.02379,0.64223,0.00338,1,0.01209,0.01657,0.67756,0.00328,1,0,0.00000,29
0.27744,0.29996,5274.07471,0.27393,11821,1,0.39675,0.28259,1,0.18005,0.26412,1,0.28840,0.27336,1,0.24014,0.37270,20.42636,0.96971,1,0.54306,0.41382,19.01923,0.98499,1,-0.06318,0.02379,0.64223,0.00335,1,0.01209,0.01657,0.67756,0.00328,1,0,0.00000,29
0.27715,0.29905,5274.07471,0.28076,11821,1,0.38896,0.26455,1,0.14095,0.25742,1,0.26496,0.26098,1,0.24057,0.37272,20.11086,0.99128,1,0.54349,0.41330,17.96806,1.00656,1,-0.06318,0.02379,0.64223,0.00338,1,0.01209,0.01657,0.67756,0.00328,1,0,0.00000,29
0.27678,0.29794,5274.07471,0.28760,11821,1,0.38292,0.24808,1,0.13922,0.25204,1,0.26107,0.25006,1,0.24090,0.37268,20.13191,1.01284,1,0.54384,0.41370,18.79344,1.01284,1,-0.06328,0.02396,0.64528,0.00336,1,0.01161,0.01551,0.63448,0.00326,1,0,0.00000,29
0.28013,0.29616,5274.07471,0.29443,11821,1,0.52829,0.20761,1,0.32660,0.22788,1,0.42744,0.21775,1,0.24346,0.37164,18.09444,1.01284,1,0.54648,0.41291,18.00636,0.99757,1,-0.06328,0.02396,0.64528,0.00336,1,0.01161,0.01551,0.63448,0.00334,1,0,0.00000,29
0.30683,0.27130,5274.07471,0.29443,11821,0,0.57117,0.27311,1,0.36230,0.18824,1,0.46673,0.23067,1,0.24497,0.37147,18.18469,0.99757,1,0.54749,0.41265,18.14462,0.98229,1,-0.06328,0.02396,0.64528,0.00341,1,0.01161,0.01551,0.63448,0.00334,1,0,0.00000,29
0.38746,0.25753,5274.07471,0.29443,11821,0,0.57278,0.28510,1,0.36338,0.20242,1,0.46808,0.24376,1,0.24529,0.37149,18.59030,0.98229,1,0.54783,0.41258,18.29529,0.96701,1,-0.06177,0.02365,0.63565,0.00335,1,0.01231,0.01608,0.65165,0.00337,1,0,0.00000,29
0.42004,0.27710,5274.07471,0.29443,11821,0,0.60619,0.34794,1,0.36425,0.28453,1,0.48522,0.31624,1,0.24633,0.37130,18.69723,0.96701,1,0.54859,0.41256,18.94221,0.96701,1,-0.06177,0.02365,0.63565,0.00335,1,0.01231,0.01608,0.65165,0.00335,1,0,0.00000,29
0.48044,0.28662,5274.07471,0.29443,11821,0,0.60309,0.31742,1,0.37298,0.28231,1,0.48804,0.29986,1,0.24635,0.37134,18.78626,0.96701,1,0.54849,0.41240,18.56981,0.96701,1,-0.06177,0.02365,0.63565,0.00335,1,0.01231,0.01608,0.65165,0.00334,1,0,0.00000,29
0.48388,0.28889,5274.07471,0.29443,11821,0,0.60254,0.31200,1,0.37210,0.27032,1,0.48732,0.29116,1,0.24640,0.37148,18.93221,0.97404,1,0.54857,0.41237,18.76226,0.98123,1,-0.06371,0.02446,0.65616,0.00333,1,0.01256,0.01639,0.66224,0.00325,1,0,0.00000,29
0.48409,0.27780,5274.07471,0.29443,11821,0,0.60287,0.27814,1,0.36611,0.23312,1,0.48449,0.25563,1,0.24643,0.37130,18.85605,0.98825,1,0.54858,0.41218,18.53875,0.99544,1,-0.06371,0.02446,0.65616,0.00330,1,0.01256,0.01639,0.66224,0.00326,1,0,0.00000,29
0.48719,0.27033,5274.39600,0.02002,11822,1,0.61716,0.26940,1,0.37588,0.22640,1,0.49652,0.24790,1,0.24645,0.37134,18.88326,1.00247,1,0.54868,0.41204,17.62198,1.00966,1,-0.06371,0.02446,0.65616,0.00332,1,0.01256,0.01639,0.66224,0.00330,1,0,0.00000,29
0.48893,0.26395,5274.39600,0.02637,11822,1,0.61672,0.26370,1,0.37502,0.21321,1,0.49587,0.23845,1,0.24648,0.37144,18.96043,1.00966,1,0.54874,0.41207,17.89624,1.02494,1,-0.06200,0.02387,0.63898,0.00330,1,0.01300,0.01690,0.68278,0.00331,1,0,0.00000,29
0.48987,0.25963,5274.39600,0.03369,11822,1,0.62006,0.25114,1,0.36906,0.22483,1,0.49456,0.23799,1,0.24652,0.37156,18.12628,1.01791,1,0.54880,0.41202,17.85016,1.02600,1,-0.06200,0.02387,0.63898,0.00332,1,0.01300,0.01690,0.68278,0.00327,1,0,0.00000,29
0.49155,0.25633,5274.39600,0.04004,11822,1,0.62176,0.24652,1,0.38154,0.22665,1,0.50165,0.23658,1,0.24657,0.37113,17.00593,1.01897,1,0.54901,0.41248,16.36404,1.02706,1,-0.06200,0.02387,0.63898,0.00338,1,0.01300,0.01690,0.68278,0.00331,1,0,0.00000,29
0.49283,0.25418,5274.39600,0.04688,11822,1,0.62170,0.24566,1,0.38189,0.23261,1,0.50180,0.23914,1,0.24659,0.37172,16.29571,1.02003,1,0.54900,0.41244,16.69780,1.02003,1,-0.06149,0.02380,0.63478,0.00338,1,0.01257,0.01632,0.65753,0.00320,1,0,0.00000,29
0.49128,0.26948,5274.39600,0.05371,11822,1,0.60711,0.41048,1,0.35054,0.37325,1,0.47882,0.39187,1,0.24662,0.37193,15.12530,1.02003,1,0.54884,0.41297,15.29944,1.01195,1,-0.06149,0.02380,0.63478,0.00338,1,0.01257,0.01632,0.65753,0.00316,1,0,0.00000,29
0.49231,0.28145,5274.39600,0.06006,11822,1,0.64222,0.39699,1,0.36104,0.38131,1,0.50163,0.38915,1,0.24655,0.37189,15.13446,1.01195,1,0.54894,0.41253,16.53190,1.00386,1,-0.06149,0.02380,0.63478,0.00322,1,0.01257,0.01632,0.65753,0.00309,1,0,0.00000,29
0.49325,0.29237,5274.39600,0.06738,11822,1,0.64275,0.40656,1,0.36259,0.39671,1,0.50267,0.40163,1,0.24647,0.37182,15.50869,0.99757,1,0.54907,0.41325,14.76369,0.98229,1,-0.05985,0.02324,0.61736,0.00325,1,0.01235,0.01607,0.64353,0.00322,1,0,0.00000,29
0.49117,0.30622,5274.39600,0.07324,11822,1,0.60839,0.44213,1,0.32803,0.47495,1,0.46821,0.45854,1,0.24662,0.37216,13.87166,0.97601,1,0.54928,0.41294,13.49356,0.96882,1,-0.05985,0.02324,0.61736,0.00326,1,0.01235,0.01607,0.64353,0.00318,1,0,0.00000,29
0.49092,0.32001,5274.39600,0.08057,11822,1,0.63571,0.48130,1,0.34012,0.48961,1,0.48791,0.48546,1,0.24666,0.37211,13.66965,0.96253,1,0.54932,0.41312,13.55762,0.95534,1,-0.05985,0.02324,0.61736,0.00325,1,0.01235,0.01607,0.64353,0.00314,1,0,0.00000,29
0.49071,0.33198,5274.39600,0.08740,11822,1,0.63604,0.48570,1,0.34012,0.48961,1,0.48808,0.48766,1,0.24646,0.37218,13.90765,0.95534,1,0.54943,0.41321,13.46717,0.95534,1,-0.06156,0.02392,0.63544,0.00311,1,0.01270,0.01651,0.65903,0.00323,1,0,0.00000,29
0.49025,0.35146,5274.39600,0.09473,11822,1,0.64069,0.63990,1,0.32676,0.60832,1,0.48372,0.62411,1,0.24762,0.37478,9.64188,0.96163,1,0.54915,0.41421,12.03464,0.96882,1,-0.06156,0.02392,0.63544,0.00285,1,0.01270,0.01651,0.65903,0.00281,1,0,0.00000,29
0.49025,0.35146,5274.39600,0.10547,11822,1,0.64069,0.63990,0,0.32676,0.60832,0,0.48372,0.62411,0,0.24762,0.37478,9.64188,0.97510,0,0.54915,0.41421,12.03464,0.98229,0,-0.06156,0.02392,0.63544,0.00285,1,0.01270,0.01651,0.65903,0.00281,1,0,0.00000,29
0.49025,0.35146,5274.39600,0.10986,11822,1,0.64069,0.63990,0,0.32676,0.60832,0,0.48372,0.62411,0,0.24762,0.37478,9.64188,0.98858,0,0.54915,0.41421,12.03464,0.99577,0,-0.06156,0.02392,0.63544,0.00285,1,0.01270,0.01651,0.65903,0.00281,1,0,0.00000,29
0.49025,0.35146,5274.39600,0.12256,11822,1,0.64069,0.63990,0,0.32676,0.60832,0,0.48372,0.62411,0,0.24762,0.37478,9.64188,0.99577,0,0.54915,0.41421,12.03464,0.99577,0,-0.06156,0.02392,0.63544,0.00285,1,0.01270,0.01651,0.65903,0.00281,1,0,0.00000,29
0.49179,0.36987,5274.39600,0.12256,11822,0,0.64069,0.63990,0,0.32676,0.60832,0,0.48372,0.62411,0,0.24762,0.37478,9.64188,0.99577,0,0.54915,0.41421,12.03464,0.99577,0,-0.06156,0.02392,0.63544,0.00285,1,0.01270,0.01651,0.65903,0.00281,1,0,0.00000,29
0.49179,0.36987,5274.39600,0.12256,11822,0,0.64069,0.63990,0,0.32676,0.60832,0,0.48372,0.62411,0,0.24762,0.37478,9.64188,0.99577,0,0.54915,0.41421,12.03464,0.99577,0,-0.06156,0.02392,0.63544,0.00285,1,0.01270,0.01651,0.65903,0.00281,1,0,0.00000,29
0.49179,0.36987,5274.39600,0.12256,11822,0,0.64069,0.63990,0,0.32676,0.60832,0,0.48372,0.62411,0,0.24762,0.37478,9.64188,0.99577,0,0.54915,0.41421,12.03464,0.99577,0,-0.06156,0.02392,0.63544,0.00285,1,0.01270,0.01651,0.65903,0.00281,1,1008,0.00000,29
0.00000,0.00000,5274.39600,0.12256,11822,0,0.64069,0.63990,0,0.32676,0.60832,0,0.48372,0.62411,0,0.24762,0.37478,9.64188,0.99577,0,0.54915,0.41421,12.03464,0.99577,0,-0.06156,0.02392,0.63544,0.00285,1,0.01270,0.01651,0.65903,0.00281,1,1008,0.00000,29
0.00000,0.00000,5274.39600,0.12256,11822,0,0.64069,0.63990,0,0.32676,0.60832,0,0.48372,0.62411,0,0.24762,0.37478,9.64188,0.99577,0,0.54915,0.41421,12.03464,0.99577,0,-0.06156,0.02392,0.63544,0.00285,1,0.01270,0.01651,0.65903,0.00281,1,1008,0.00000,29
0.00000,0.00000,5274.39600,0.12256,11822,0,0.64069,0.63990,0,0.32676,0.60832,0,0.48372,0.62411,0,0.24762,0.37478,9.64188,0.99577,0,0.54915,0.41421,12.03464,0.99577,0,-0.06156,0.02392,0.63544,0.00285,1,0.01270,0.01651,0.65903,0.00281,1,1008,0.00000,29
0.00000,0.00000,5274.39600,0.12256,11822,0,0.64069,0.63990,0,0.32676,0.60832,0,0.48372,0.62411,0,0.24762,0.37478,9.64188,0.99577,0,0.54915,0.41421,12.03464,0.99577,0,-0.06156,0.02392,0.63544,0.00285,1,0.01270,0.01651,0.65903,0.00281,1,1008,0.00000,29
0.00000,0.00000,5274.39600,0.12256,11822,0,0.64069,0.63990,0,0.32676,0.60832,0,0.48372,0.62411,0,0.24762,0.37478,9.64188,0.99577,0,0.54915,0.41421,12.03464,0.99577,0,-0.06156,0.02392,0.63544,0.00285,1,0.01270,0.01651,0.65903,0.00281,1,1008,0.00000,29
0.00000,0.00000,5274.39600,0.12256,11822,0,0.64069,0.63990,0,0.32676,0.60832,0,0.48372,0.62411,0,0.24762,0.37478,9.64188,0.99577,0,0.54915,0.41421,12.03464,0.99577,0,-0.06156,0.02392,0.63544,0.00285,1,0.01270,0.01651,0.65903,0.00281,1,1008,0.00000,29
0.00000,0.00000,5274.39600,0.12256,11822,0,0.64069,0.63990,0,0.32676,0.60832,0,0.48372,0.62411,0,0.24762,0.37478,9.64188,0.99577,0,0.54915,0.41421,12.03464,0.99577,0,-0.06156,0.02392,0.63544,0.00285,1,0.01270,0.01651,0.65903,0.00281,1,1008,0.00000,29
0.00000,0.00000,5274.39600,0.12256,11822,0,0.64069,0.63990,0,0.32676,0.60832,0,0.48372,0.62411,0,0.24762,0.37478,9.64188,0.99577,0,0.54915,0.41421,12.03464,0.99577,0,-0.06156,0.02392,0.63544,0.00285,1,0.01270,0.01651,0.65903,0.00281,1,1008,0.00000,29
0.00000,0.00000,5274.39600,0.12256,11822,0,0.64069,0.63990,0,0.32676,0.60832,0,0.48372,0.62411,0,0.24762,0.37478,9.64188,0.99577,0,0.54915,0.41421,12.03464,0.99577,0,-0.06156,0.02392,0.63544,0.00285,1,0.01270,0.01651,0.65903,0.00281,1,1008,0.00000,29
0.00000,0.00000,5274.39600,0.12256,11822,0,0.64069,0.63990,0,0.32676,0.60832,0,0.48372,0.62411,0,0.24762,0.37478,9.64188,0.99577,0,0.54915,0.41421,12.03464,0.99577,0,-0.06156,0.02392,0.63544,0.00285,1,0.01270,0.01651,0.65903,0.00281,1,1008,0.00000,29
0.00000,0.00000,5274.39600,0.12256,11822,0,0.64069,0.63990,0,0.32676,0.60832,0,0.48372,0.62411,0,0.24762,0.37478,9.64188,0.99577,0,0.54915,0.41421,12.03464,0.99577,0,-0.06156,0.02392,0.63544,0.00285,1,0.01270,0.01651,0.65903,0.00281,1,1008,0.00000,29
0.00000,0.00000,5274.39600,0.12256,11822,0,0.64069,0.63990,0,0.32676,0.60832,0,0.48372,0.62411,0,0.24762,0.37478,9.64188,0.99577,0,0.54915,0.41421,12.03464,0.99577,0,-0.06156,0.02392,0.63544,0.00285,1,0.01270,0.01651,0.65903,0.00281,1,1008,0.00000,29
0.00000,0.00000,5274.39600,0.12256,11822,0,0.64069,0.63990,0,0.32676,0.60832,0,0.48372,0.62411,0,0.24762,0.37478,9.64188,0.99577,0,0.54915,0.41421,12.03464,0.99577,0,-0.06156,0.02392,0.63544,0.00285,1,0.01270,0.01651,0.65903,0.00281,1,1008,0.00000,29
0.00000,0.00000,5274.39600,0.12256,11822,0,0.64069,0.63990,0,0.32676,0.60832,0,0.48372,0.62411,0,0.24762,0.37478,9.64188,0.99577,0,0.54915,0.41421,12.03464,0.99577,0,-0.06156,0.02392,0.63544,0.00285,1,0.01270,0.01651,0.65903,0.00281,1,1008,0.00000,29
0.00000,0.00000,5274.39600,0.12256,11822,0,0.64069,0.63990,0,0.32676,0.60832,0,0.48372,0.62411,0,0.24762,0.37478,9.64188,0.99577,0,0.54915,0.41421,12.03464,0.99577,0,-0.06156,0.02392,0.63544,0.00285,1,0.01270,0.01651,0.65903,0.00281,1,1008,0.00000,29
0.00000,0.00000,5274.39600,0.12256,11822,0,0.64069,0.63990,0,0.32676,0.60832,0,0.48372,0.62411,0,0.24762,0.37478,9.64188,0.99577,0,0.54915,0.41421,12.03464,0.99577,0,-0.06156,0.02392,0.63544,0.00285,1,0.01270,0.01651,0.65903,0.00281,1,1008,0.00000,29
0.00000,0.00000,5274.39600,0.12256,11822,0,0.64069,0.63990,0,0.32676,0.60832,0,0.48372,0.62411,0,0.24762,0.37478,9.64188,0.99577,0,0.54915,0.41421,12.03464,0.99577,0,-0.06156,0.02392,0.63544,0.00285,1,0.01270,0.01651,0.65903,0.00281,1,1008,0.00000,29
0.00000,0.00000,5274.39600,0.12256,11822,0,0.64069,0.63990,0,0.32676,0.60832,0,0.48372,0.62411,0,0.24762,0.37478,9.64188,0.99577,0,0.54915,0.41421,12.03464,0.99577,0,-0.06156,0.02392,0.63544,0.00285,1,0.01270,0.01651,0.65903,0.00281,1,1008,0.00000,29
0.00000,0.00000,5274.39600,0.12256,11822,0,0.64069,0.63990,0,0.32676,0.60832,0,0.48372,0.62411,0,0.24762,0.37478,9.64188,0.99577,0,0.54915,0.41421,12.03464,0.99577,0,-0.06156,0.02392,0.63544,0.00285,1,0.01270,0.01651,0.65903,0.00281,1,1008,0.00000,29
0.00000,0.00000,5274.39600,0.12256,11822,0,0.64069,0.63990,0,0.32676,0.60832,0,0.48372,0.62411,0,0.24762,0.37478,9.64188,0.99577,0,0.54915,0.41421,12.03464,0.99577,0,-0.06156,0.02392,0.63544,0.00285,1,0.01270,0.01651,0.65903,0.00281,1,1008,0.00000,29
0.00000,0.00000,5274.39600,0.12256,11822,0,0.64069,0.63990,0,0.32676,0.60832,0,0.48372,0.62411,0,0.24762,0.37478,9.64188,0.99577,0,0.54915,0.41421,12.03464,0.99577,0,-0.06156,0.02392,0.63544,0.00285,1,0.01270,0.01651,0.65903,0.00281,1,1008,0.00000,29
0.00000,0.00000,5274.39600,0.12256,11822,0,0.64069,0.63990,0,0.32676,0.60832,0,0.48372,0.62411,0,0.24762,0.37478,9.64188,0.99577,0,0.54915,0.41421,12.03464,0.99577,0,-0.06156,0.02392,0.63544,0.00285,1,0.01270,0.01651,0.65903,0.00281,1,1008,0.00000,29
0.00000,0.00000,5274.39600,0.12256,11822,0,0.64069,0.63990,0,0.32676,0.60832,0,0.48372,0.62411,0,0.24762,0.37478,9.64188,0.99577,0,0.54915,0.41421,12.03464,0.99577,0,-0.06156,0.02392,0.63544,0.00285,1,0.01270,0.01651,0.65903,0.00281,1,1008,0.00000,29
0.00000,0.00000,5274.39600,0.12256,11822,0,0.64069,0.63990,0,0.32676,0.60832,0,0.48372,0.62411,0,0.24762,0.37478,9.64188,0.99577,0,0.54915,0.41421,12.03464,0.99577,0,-0.06156,0.02392,0.63544,0.00285,1,0.01270,0.01651,0.65903,0.00281,1,1008,0.00000,29
0.00000,0.00000,5274.39600,0.12256,11822,0,0.64069,0.63990,0,0.32676,0.60832,0,0.48372,0.62411,0,0.24762,0.37478,9.64188,0.99577,0,0.54915,0.41421,12.03464,0.99577,0,-0.06156,0.02392,0.63544,0.00285,1,0.01270,0.01651,0.65903,0.00281,1,1008,0.00000,29
0.00000,0.00000,5274.39600,0.12256,11822,0,0.64069,0.63990,0,0.32676,0.60832,0,0.48372,0.62411,0,0.24762,0.37478,9.64188,0.99577,0,0.54915,0.41421,12.03464,0.99577,0,-0.06156,0.02392,0.63544,0.00285,1,0.01270,0.01651,0.65903,0.00281,1,1008,0.00000,29
0.00000,0.00000,5274.39600,0.12256,11822,0,0.64069,0.63990,0,0.32676,0.60832,0,0.48372,0.62411,0,0.24762,0.37478,9.64188,0.99577,0,0.54915,0.41421,12.03464,0.99577,0,-0.06156,0.02392,0.63544,0.00285,1,0.01270,0.01651,0.65903,0.00281,1,1008,0.00000,29
0.00000,0.00000,5274.39600,0.12256,11822,0,0.64069,0.63990,0,0.32676,0.60832,0,0.48372,0.62411,0,0.24762,0.37478,9.64188,0.99577,0,0.54915,0.41421,12.03464,0.99577,0,-0.06156,0.02392,0.63544,0.00285,1,0.01270,0.01651,0.65903,0.00281,1,1008,0.00000,29
0.31955,0.11950,5274.39600,0.12256,11822,0,0.76620,0.26957,1,0.51200,0.20843,1,0.63910,0.23900,1,0.25151,0.37102,18.57889,0.99577,1,0.55389,0.41201,18.12664,0.99577,1,-0.06156,0.02392,0.63544,0.00350,1,0.01270,0.01651,0.65903,0.00325,1,0,0.20261,30
0.42598,0.16039,5274.39600,0.12256,11822,0,0.76620,0.26957,1,0.51149,0.21477,1,0.63885,0.24217,1,0.25150,0.37096,18.77426,0.99577,1,0.55396,0.41185,18.16726,0.98858,1,-0.06068,0.02379,0.63324,0.00349,1,0.01309,0.01589,0.64204,0.00322,1,0,0.00000,30
0.63610,0.24308,5274.39600,0.12256,11822,0,0.76460,0.32273,1,0.49612,0.17345,1,0.63036,0.24809,1,0.25144,0.37053,18.69120,0.98858,1,0.55397,0.41187,18.02258,0.98139,1,-0.06068,0.02379,0.63324,0.00346,1,0.01309,0.01589,0.64204,0.00324,1,0,0.00000,30
0.63683,0.25085,5274.39600,0.12256,11822,0,0.77317,0.32993,1,0.50192,0.18728,1,0.63755,0.25861,1,0.25163,0.37086,18.89722,0.98139,1,0.55407,0.41182,18.29411,0.97420,1,-0.06068,0.02379,0.63324,0.00348,1,0.01309,0.01589,0.64204,0.00325,1,0,0.00000,30
0.63714,0.25237,5274.39600,0.12256,11822,0,0.77316,0.33006,1,0.50237,0.18079,1,0.63776,0.25542,1,0.25138,0.37045,18.99653,0.98123,1,0.55408,0.41170,17.76363,0.98123,1,-0.06285,0.02466,0.65641,0.00339,1,0.01367,0.01653,0.66782,0.00329,1,0,0.00000,30
0.63763,0.24908,5274.75098,0.02002,11823,1,0.75881,0.30916,1,0.51938,0.16929,1,0.63910,0.23922,1,0.25168,0.37054,18.93255,0.98825,1,0.55441,0.41171,17.96415,0.99544,1,-0.06285,0.02466,0.65641,0.00344,1,0.01367,0.01653,0.66782,0.00328,1,0,0.00000,30
0.63918,0.24274,5274.75098,0.02686,11823,1,0.76332,0.28941,1,0.52746,0.14533,1,0.64539,0.21737,1,0.25179,0.37042,19.15544,1.00247,1,0.55452,0.41170,18.00203,1.00966,1,-0.06285,0.02466,0.65641,0.00339,1,0.01367,0.01653,0.66782,0.00326,1,0,0.00000,30
0.64031,0.23748,5274.75098,0.03369,11823,1,0.76387,0.28365,1,0.52806,0.13864,1,0.64597,0.21115,1,0.25182,0.37023,18.78556,1.00966,1,0.55458,0.41174,18.34582,1.01685,1,-0.06307,0.02482,0.65918,0.00344,1,0.01365,0.01638,0.66180,0.00324,1,0,0.00000,30
0.64056,0.23121,5274.75098,0.04053,11823,1,0.74438,0.24884,1,0.53972,0.13838,1,0.64205,0.19361,1,0.25190,0.37019,19.40850,1.00982,1,0.55465,0.41167,18.44424,1.00982,1,-0.06307,0.02482,0.65918,0.00344,1,0.01365,0.01638,0.66180,0.00328,1,0,0.00000,30
0.64175,0.22744,5274.75098,0.04785,11823,1,0.75116,0.26087,1,0.54906,0.14127,1,0.65011,0.20107,1,0.25199,0.37025,19.42612,1.00279,1,0.55467,0.41169,18.56332,1.00279,1,-0.06307,0.02482,0.65918,0.00341,1,0.01365,0.01638,0.66180,0.00327,1,0,0.00000,30
0.64257,0.22558,5274.75098,0.05322,11823,1,0.75070,0.26668,1,0.54756,0.15461,1,0.64913,0.21065,1,0.25205,0.37026,19.37617,0.99577,1,0.55471,0.41164,18.57292,0.98858,1,-0.06307,0.02482,0.65918,0.00342,1,0.01318,0.01577,0.63711,0.00324,1,0,0.00000,30
0.64106,0.22616,5274.75098,0.05957,11823,1,0.75745,0.28220,1,0.49752,0.18062,1,0.62748,0.23141,1,0.25206,0.37008,19.26193,0.98858,1,0.55483,0.41169,18.72119,0.98139,1,-0.06307,0.02482,0.65918,0.00341,1,0.01318,0.01577,0.63711,0.00325,1,0,0.00000,30
0.64039,0.22574,5274.75098,0.06689,11823,1,0.76278,0.27852,1,0.50459,0.16460,1,0.63368,0.22156,1,0.25216,0.37006,19.20208,0.98139,1,0.55493,0.41178,18.83063,0.97420,1,-0.06307,0.02482,0.65918,0.00339,1,0.01318,0.01577,0.63711,0.00324,1,0,0.00000,30
0.63981,0.22564,5274.75098,0.07373,11823,1,0.76221,0.28448,1,0.50459,0.16460,1,0.63340,0.22454,1,0.25226,0.36981,18.38229,0.97420,1,0.55491,0.41148,18.21456,0.97420,1,-0.06076,0.02399,0.63707,0.00349,1,0.01371,0.01634,0.66008,0.00323,1,0,0.00000,30
0.63917,0.22461,5274.75098,0.08008,11823,1,0.74470,0.26041,1,0.51827,0.16394,1,0.63149,0.21218,1,0.25233,0.36978,18.59830,0.97420,1,0.55508,0.41138,18.29893,0.98139,1,-0.06076,0.02399,0.63707,0.00344,1,0.01371,0.01634,0.66008,0.00327,1,0,0.00000,30
0.63908,0.22264,5274.75098,0.08740,11823,1,0.74888,0.26509,1,0.52708,0.12896,1,0.63798,0.19702,1,0.25250,0.36976,18.58292,0.98139,1,0.55524,0.41138,18.20246,0.98858,1,-0.06076,0.02399,0.63707,0.00344,1,0.01371,0.01634,0.66008,0.00326,1,0,0.00000,30
0.63905,0.22049,5274.75098,0.09375,11823,1,0.74935,0.25905,1,0.52770,0.12201,1,0.63852,0.19053,1,0.25260,0.36972,18.68842,0.98858,1,0.55533,0.41148,18.64519,0.99577,1,-0.06076,0.02399,0.63707,0.00346,1,0.01386,0.01640,0.66277,0.00324,1,0,0.00000,30
0.64001,0.21784,5274.75098,0.10059,11823,1,0.76426,0.22261,1,0.54453,0.13336,1,0.65440,0.17798,1,0.25267,0.36973,18.72177,0.99577,1,0.55548,0.41159,18.77914,0.99577,1,-0.06076,0.02399,0.63707,0.00343,1,0.01386,0.01640,0.66277,0.00320,1,0,0.00000,30
0.64041,0.21607,5274.75098,0.10742,11823,1,0.74235,0.22942,1,0.55144,0.14612,1,0.64690,0.18777,1,0.25267,0.36974,18.68008,0.99577,1,0.55552,0.41156,18.87587,0.99577,1,-0.06076,0.02399,0.63707,0.00342,1,0.01386,0.01640,0.66277,0.00323,1,0,0.00000,30
0.64075,0.21468,5274.75098,0.11377,11823,1,0.74235,0.22942,1,0.55067,0.15288,1,0.64651,0.19115,1,0.25268,0.36975,18.79440,0.99577,1,0.55552,0.41151,18.78920,0.98858,1,-0.06076,0.02399,0.63707,0.00339,1,0.01335,0.01574,0.63586,0.00323,1,0,0.00000,30
0.64058,0.21321,5274.75098,0.12061,11823,1,0.76564,0.23825,1,0.50923,0.13527,1,0.63744,0.18676,1,0.25303,0.36971,18.66457,0.98858,1,0.55579,0.41137,18.50170,0.98139,1,-0.06076,0.02399,0.63707,0.00349,1,0.01335,0.01574,0.63586,0.00322,1,0,0.00000,30
0.64312,0.21276,5274.75098,0.12744,11823,1,0.80191,0.24185,1,0.58114,0.16622,1,0.69152,0.20404,1,0.25398,0.36984,19.04618,0.98139,1,0.55652,0.41162,18.72270,0.97420,1,-0.06076,0.02399,0.63707,0.00343,1,0.01335,0.01574,0.63586,0.00324,1,0,0.00000,30
0.64545,0.21219,5274.75098,0.13574,11823,1,0.80189,0.24200,1,0.58211,0.15963,1,0.69200,0.20081,1,0.25447,0.36970,18.77152,0.98123,1,0.55700,0.41151,18.40305,0.98123,1,-0.06223,0.02474,0.65710,0.00344,1,0.01394,0.01614,0.65218,0.00323,1,0,0.00000,30
0.65290,0.21048,5274.75098,0.14160,11823,1,0.94453,0.24692,1,0.67399,0.10246,1,0.80926,0.17469,1,0.25722,0.36999,19.44283,0.98825,1,0.55912,0.41119,18.09698,0.99544,1,-0.06223,0.02474,0.65710,0.00351,1,0.01394,0.01614,0.65218,0.00344,1,0,0.00000,30
0.68136,0.19226,5274.75098,0.14160,11823,0,0.96538,0.24543,1,0.74845,0.07397,1,0.85692,0.15970,1,0.25822,0.36990,18.92791,1.00247,1,0.55983,0.41147,18.49673,1.00966,1,-0.06223,0.02474,0.65710,0.00354,1,0.01394,0.01614,0.65218,0.00336,1,0,0.00000,30
0.76962,0.17439,5274.75098,0.14160,11823,0,0.96731,0.23905,1,0.74845,0.07397,1,0.85788,0.15651,1,0.25846,0.36994,19.56099,1.00966,1,0.56010,0.41150,18.27323,1.00966,1,-0.05983,0.02404,0.63731,0.00349,1,0.01402,0.01595,0.64049,0.00335,1,0,0.00000,30
0.78983,0.17442,5274.75098,0.14160,11823,0,0.95236,0.24477,1,0.70815,0.10421,1,0.83026,0.17449,1,0.25876,0.36994,19.38633,1.00263,1,0.56047,0.41151,18.95195,0.99544,1,-0.05983,0.02404,0.63731,0.00348,1,0.01402,0.01595,0.64049,0.00330,1,0,0.00000,30
0.83411,0.17457,5274.75098,0.14160,11823,0,0.93472,0.26200,1,0.69365,0.12340,1,0.81418,0.19270,1,0.25856,0.37003,19.64105,0.98842,1,0.56045,0.41149,19.04385,0.98123,1,-0.05983,0.02404,0.63731,0.00346,1,0.01402,0.01595,0.64049,0.00328,1,0,0.00000,30
0.82285,0.18843,5274.75098,0.14160,11823,0,0.93127,0.27444,1,0.69193,0.13016,1,0.81160,0.20230,1,0.25858,0.36988,19.36778,0.97420,1,0.56045,0.41153,18.78843,0.97420,1,-0.05987,0.02401,0.63773,0.00349,1,0.01444,0.01627,0.65735,0.00329,1,0,0.00000,30
0.82322,0.19546,5274.75098,0.14160,11823,0,0.93604,0.27404,1,0.71190,0.14497,1,0.82397,0.20951,1,0.25866,0.36987,19.37205,0.97420,1,0.56060,0.41146,18.44018,0.98139,1,-0.05987,0.02401,0.63773,0.00352,1,0.01444,0.01627,0.65735,0.00330,1,0,0.00000,30
0.82623,0.19648,5274.91846,0.02002,11824,1,0.94080,0.28022,1,0.72972,0.11890,1,0.83526,0.19956,1,0.25866,0.36990,19.37095,0.98139,1,0.56083,0.41154,18.65812,0.98858,1,-0.05987,0.02401,0.63773,0.00348,1,0.01444,0.01627,0.65735,0.00328,1,0,0.00000,30
0.82822,0.19648,5274.91846,0.02686,11824,1,0.94260,0.27401,1,0.72972,0.11890,1,0.83616,0.19645,1,0.25871,0.36994,19.30415,0.98858,1,0.56082,0.41155,18.56199,0.98858,1,-0.05987,0.02401,0.63773,0.00352,1,0.01386,0.01541,0.62437,0.00331,1,0,0.00000,30
0.82945,0.19627,5274.91846,0.03320,11824,1,0.96370,0.25406,1,0.70755,0.13643,1,0.83562,0.19524,1,0.25881,0.36997,19.23833,0.98858,1,0.56104,0.41158,18.95265,0.98139,1,-0.05987,0.02401,0.63773,0.00350,1,0.01386,0.01541,0.62437,0.00328,1,0,0.00000,30
0.83111,0.19956,5274.91846,0.04004,11824,1,0.96171,0.27966,1,0.72043,0.15892,1,0.84107,0.21929,1,0.25883,0.36998,19.21007,0.98139,1,0.56103,0.41178,19.05574,0.97420,1,-0.05987,0.02401,0.63773,0.00354,1,0.01386,0.01541,0.62437,0.00327,1,0,0.00000,30
0.83211,0.20283,5274.91846,0.04639,11824,1,0.95976,0.28590,1,0.71847,0.16562,1,0.83912,0.22576,1,0.25888,0.36998,19.13694,0.97420,1,0.56105,0.41179,19.06677,0.96701,1,-0.05987,0.02401,0.63773,0.00355,1,0.01386,0.01541,0.62437,0.00331,1,0,0.00000,30
0.82956,0.20605,5274.91846,0.05322,11824,1,0.92756,0.29561,1,0.69074,0.16797,1,0.80915,0.23179,1,0.25898,0.37008,19.25300,0.96701,1,0.56118,0.41178,19.12967,0.96701,1,-0.05987,0.02401,0.63773,0.00352,1,0.01386,0.01541,0.62437,0.00335,1,0,0.00000,30
0.82810,0.20890,5274.91846,0.06006,11824,1,0.93053,0.29068,1,0.69946,0.17841,1,0.81500,0.23455,1,0.25901,0.37001,19.10735,0.96701,1,0.56117,0.41189,18.88318,0.96701,1,-0.05987,0.02401,0.63773,0.00351,1,0.01386,0.01541,0.62437,0.00341,1,0,0.00000,30
0.82700,0.21093,5274.91846,0.06689,11824,1,0.93053,0.29068,1,0.70129,0.17179,1,0.81591,0.23124,1,0.25901,0.37009,19.30006,0.96701,1,0.56126,0.41187,18.88396,0.97420,1,-0.05987,0.02401,0.63773,0.00349,1,0.01447,0.01604,0.64995,0.00349,1,0,0.00000,30
0.82735,0.21293,5274.91846,0.07373,11824,1,0.94317,0.29255,1,0.71925,0.17727,1,0.83121,0.23491,1,0.25902,0.37016,19.32175,0.97420,1,0.56151,0.41193,18.94397,0.98139,1,-0.05987,0.02401,0.63773,0.00353,1,0.01447,0.01604,0.64995,0.00335,1,0,0.00000,30
0.82772,0.21504,5274.91846,0.08008,11824,1,0.94107,0.30588,1,0.72341,0.17479,1,0.83224,0.24033,1,0.25897,0.37011,19.27448,0.98139,1,0.56151,0.41193,18.94397,0.98858,1,-0.05987,0.02401,0.63773,0.00352,1,0.01447,0.01604,0.64995,0.00335,1,0,0.00000,30
0.82811,0.21663,5274.91846,0.08691,11824,1,0.94287,0.29986,1,0.72341,0.17479,1,0.83314,0.23732,1,0.25900,0.37021,19.44295,0.98858,1,0.56154,0.41196,18.96227,0.98858,1,-0.05997,0.02395,0.63879,0.00351,1,0.01439,0.01584,0.64391,0.00336,1,0,0.00000,30
0.82899,0.21507,5274.91846,0.09375,11824,1,0.94818,0.25578,1,0.73457,0.13066,1,0.84137,0.19322,1,0.25898,0.37016,19.28556,0.98858,1,0.56153,0.41191,18.86075,0.98139,1,-0.05997,0.02395,0.63879,0.00350,1,0.01439,0.01584,0.64391,0.00337,1,0,0.00000,30
0.82970,0.21268,5274.91846,0.10010,11824,1,0.94660,0.27358,1,0.73410,0.08009,1,0.84035,0.17683,1,0.25902,0.37030,19.49541,0.98139,1,0.56156,0.41188,19.11911,0.97420,1,-0.05997,0.02395,0.63879,0.00351,1,0.01439,0.01584,0.64391,0.00332,1,0,0.00000,30
0.83022,0.21097,5274.91846,0.10791,11824,1,0.94476,0.27985,1,0.73206,0.08734,1,0.83841,0.18359,1,0.25903,0.37035,19.60572,0.97420,1,0.56154,0.41199,19.07149,0.96701,1,-0.05997,0.02395,0.63879,0.00350,1,0.01439,0.01574,0.64391,0.00329,1,0,0.00000,30
0.83041,0.20979,5274.91846,0.11426,11824,1,0.94294,0.27521,1,0.72431,0.10437,1,0.83363,0.18979,1,0.25903,0.37035,19.60676,0.96701,1,0.56150,0.41196,18.93334,0.96701,1,-0.05997,0.02395,0.63879,0.00352,1,0.01439,0.01574,0.64391,0.00337,1,0,0.00000,30
0.83078,0.20890,5274.91846,0.12012,11824,1,0.94034,0.28268,1,0.73453,0.10301,1,0.83743,0.19285,1,0.25901,0.37037,19.57021,0.96701,1,0.56162,0.41202,19.28267,0.96701,1,-0.05997,0.02395,0.63879,0.00351,1,0.01439,0.01574,0.64391,0.00329,1,0,0.00000,30
0.83111,0.20810,5274.91846,0.12695,11824,1,0.94034,0.28268,1,0.73453,0.10301,1,0.83743,0.19285,1,0.25902,0.37028,19.30666,0.96701,1,0.56155,0.41186,18.91333,0.96701,1,-0.05983,0.02385,0.63731,0.00353,1,0.01439,0.01574,0.64391,0.00333,1,0,0.00000,30
0.83115,0.20737,5274.91846,0.13379,11824,1,0.94001,0.28780,1,0.72378,0.09795,1,0.83189,0.19287,1,0.25899,0.37024,19.36948,0.96701,1,0.56155,0.41208,19.25614,0.96701,1,-0.05983,0.02385,0.63731,0.00356,1,0.01439,0.01574,0.64391,0.00334,1,0,0.00000,30
0.83100,0.20651,5274.91846,0.14062,11824,1,0.93225,0.27093,1,0.72363,0.10604,1,0.82794,0.18848,1,0.25902,0.37028,19.30666,0.96701,1,0.56150,0.41194,18.82678,0.96701,1,-0.05983,0.02385,0.63731,0.00353,1,0.01439,0.01574,0.64391,0.00338,1,0,0.00000,30
0.83091,0.20557,5274.91846,0.14746,11824,1,0.93225,0.27093,1,0.72562,0.09891,1,0.82893,0.18492,1,0.25902,0.37028,19.26493,0.96701,1,0.56150,0.41194,18.82678,0.97420,1,-0.05997,0.02395,0.63879,0.00354,1,0.01454,0.01596,0.65272,0.00338,1,0,0.00000,30
0.83108,0.20428,5274.91846,0.15527,11824,1,0.94375,0.26273,1,0.72634,0.08623,1,0.83504,0.17448,1,0.25889,0.37029,19.54961,0.97420,1,0.56157,0.41211,19.37712,0.98139,1,-0.05997,0.02395,0.63879,0.00358,1,0.01454,0.01596,0.65272,0.00332,1,0,0.00000,30
0.83115,0.20280,5274.91846,0.16113,11824,1,0.94106,0.24744,1,0.72434,0.08711,1,0.83270,0.16727,1,0.25890,0.37030,19.52758,0.98139,1,0.56150,0.41194,18.82678,0.98858,1,-0.05997,0.02395,0.63879,0.00358,1,0.01454,0.01596,0.65272,0.00338,1,0,0.00000,30
0.83128,0.20117,5274.91846,0.16748,11824,1,0.94285,0.24097,1,0.72628,0.08000,1,0.83457,0.16049,1,0.25895,0.37027,19.46462,0.98858,1,0.56151,0.41201,19.11199,0.99577,1,-0.05997,0.02395,0.63879,0.00358,1,0.01454,0.01596,0.65272,0.00334,1,0,0.00000,30
0.83174,0.19915,5274.91846,0.17432,11824,1,0.96936,0.23633,1,0.71790,0.05689,1,0.84363,0.14661,1,0.25882,0.37027,19.58753,0.99577,1,0.56153,0.41202,19.17694,0.99577,1,-0.05997,0.02395,0.63879,0.00363,1,0.01454,0.01596,0.65272,0.00334,1,0,0.00000,30
0.83222,0.19833,5274.91846,0.18066,11824,1,0.97228,0.28797,1,0.71844,0.06455,1,0.84536,0.17626,1,0.25875,0.37005,19.19873,0.99577,1,0.56151,0.41190,18.77737,0.99577,1,-0.05997,0.02395,0.63879,0.00371,1,0.01454,0.01596,0.65272,0.00336,1,0,0.00000,30
0.83268,0.19757,5274.91846,0.18750,11824,1,0.97228,0.28797,1,0.71844,0.06455,1,0.84536,0.17626,1,0.25889,0.37012,19.31790,0.99577,1,0.56149,0.41189,18.98219,0.99577,1,-0.06049,0.02421,0.64442,0.00365,1,0.01447,0.01604,0.64995,0.00335,1,0,0.00000,30
0.83279,0.19807,5274.91846,0.19434,11824,1,0.95793,0.26852,1,0.71447,0.15632,1,0.83620,0.21242,1,0.25881,0.37001,19.23145,0.99577,1,0.56135,0.41183,19.09442,0.99577,1,-0.06049,0.02421,0.64442,0.00358,1,0.01447,0.01604,0.64995,0.00335,1,0,0.00000,30
0.83270,0.19847,5274.91846,0.20020,11824,1,0.94820,0.27444,1,0.71155,0.14662,1,0.82987,0.21053,1,0.25878,0.37001,19.23361,0.99577,1,0.56134,0.41189,19.39843,0.99577,1,-0.06049,0.02421,0.64442,0.00357,1,0.01447,0.01604,0.64995,0.00332,1,0,0.00000,30
0.83261,0.19885,5274.91846,0.20752,11824,1,0.94820,0.27444,1,0.71155,0.14662,1,0.82987,0.21053,1,0.25877,0.37001,19.31074,0.99577,1,0.56126,0.41190,19.48074,0.99577,1,-0.06049,0.02421,0.64442,0.00357,1,0.01447,0.01604,0.64995,0.00336,1,0,0.00000,30
0.83239,0.19876,5274.91846,0.21436,11824,1,0.94462,0.25418,1,0.70589,0.13806,1,0.82525,0.19612,1,0.25876,0.37002,19.44054,0.99577,1,0.56121,0.41186,19.39140,0.99577,1,-0.06049,0.02421,0.64442,0.00358,1,0.01447,0.01604,0.64995,0.00333,1,0,0.00000,30
0.83216,0.19873,5274.91846,0.22070,11824,1,0.94388,0.25965,1,0.70557,0.13531,1,0.82473,0.19748,1,0.25869,0.37002,19.40529,0.99577,1,0.56122,0.41183,19.26551,0.99577,1,-0.06049,0.02421,0.64442,0.00359,1,0.01447,0.01604,0.64995,0.00331,1,0,0.00000,30
0.83195,0.19869,5274.91846,0.22754,11824,1,0.94388,0.25965,1,0.70557,0.13531,1,0.82473,0.19748,1,0.25860,0.36983,19.25602,0.99577,1,0.56113,0.41181,19.19282,0.99577,1,-0.05933,0.02376,0.63099,0.00357,1,0.01447,0.01604,0.64995,0.00332,1,0,0.00000,30
0.83200,0.19846,5274.91846,0.23438,11824,1,0.96896,0.25713,1,0.69849,0.12355,1,0.83372,0.19034,1,0.25845,0.36988,19.57403,0.99577,1,0.56112,0.41162,19.06420,0.99577,1,-0.05933,0.02376,0.63099,0.00356,1,0.01447,0.01604,0.64995,0.00333,1,0,0.00000,30
0.83243,0.19817,5274.91846,0.24121,11824,1,0.96648,0.26127,1,0.72907,0.11403,1,0.84777,0.18765,1,0.25841,0.36986,19.49207,0.99577,1,0.56112,0.41162,19.06420,0.99577,1,-0.05933,0.02376,0.63099,0.00353,1,0.01447,0.01604,0.64995,0.00333,1,0,0.00000,30
0.83285,0.19781,5274.91846,0.24902,11824,1,0.96838,0.25510,1,0.72902,0.11418,1,0.84870,0.18464,1,0.25844,0.36997,19.68699,1.00280,1,0.56115,0.41153,18.86364,0.99561,1,-0.06188,0.02476,0.65757,0.00355,1,0.01386,0.01541,0.62437,0.00335,1,0,0.00000,30
0.83333,0.19751,5274.91846,0.25439,11824,1,0.95170,0.26076,1,0.75138,0.11141,1,0.85154,0.18608,1,0.25830,0.36997,19.85531,1.00263,1,0.56101,0.41146,19.08370,0.99544,1,-0.06188,0.02476,0.65757,0.00357,1,0.01386,0.01541,0.62437,0.00330,1,0,0.00000,30
0.83402,0.19706,5274.91846,0.26172,11824,1,0.96772,0.24739,1,0.75391,0.11177,1,0.86082,0.17958,1,0.25847,0.36996,19.68513,1.00247,1,0.56112,0.41144,19.05437,0.99528,1,-0.06188,0.02476,0.65757,0.00355,1,0.01386,0.01541,0.62437,0.00334,1,0,0.00000,30
0.83462,0.19680,5274.91846,0.26807,11824,1,0.96578,0.25376,1,0.75178,0.11864,1,0.85878,0.18620,1,0.25855,0.36995,19.54353,0.99528,1,0.56119,0.41145,19.00837,0.98809,1,-0.05933,0.02376,0.63099,0.00354,1,0.01386,0.01541,0.62437,0.00337,1,0,0.00000,30
0.83623,0.19661,5274.91846,0.27490,11824,1,1.01471,0.28080,1,0.78932,0.09709,1,0.90202,0.18894,1,0.25913,0.36991,19.61144,0.98106,1,0.56147,0.41133,19.20946,0.98106,1,-0.05933,0.02376,0.63099,0.00356,1,0.01386,0.01541,0.62437,0.00336,1,0,0.00000,30
0.83724,0.19673,5274.91846,0.28174,11824,1,0.98919,0.29598,1,0.77029,0.10778,1,0.87974,0.20188,1,0.25893,0.36998,19.84165,0.97404,1,0.56134,0.41135,19.28117,0.97404,1,-0.05933,0.02376,0.63099,0.00354,1,0.01386,0.01541,0.62437,0.00329,1,0,0.00000,30
0.83816,0.19700,5274.91846,0.28809,11824,1,0.98709,0.30204,1,0.76805,0.11465,1,0.87757,0.20835,1,0.25891,0.37008,20.25947,0.96701,1,0.56129,0.41127,19.12667,0.96701,1,-0.05768,0.02301,0.61246,0.00350,1,0.01417,0.01591,0.64277,0.00331,1,0,0.00000,30
0.83840,0.19699,5274.91846,0.29590,11824,1,0.95853,0.28533,1,0.73944,0.10792,1,0.84898,0.19663,1,0.25853,0.36992,19.47455,0.96701,1,0.56109,0.41120,18.99770,0.96701,1,-0.05768,0.02301,0.61246,0.00355,1,0.01417,0.01591,0.64277,0.00335,1,0,0.00000,30
0.83873,0.19719,5274.91846,0.30176,11824,1,0.97016,0.30919,1,0.73716,0.10326,1,0.85366,0.20623,1,0.25833,0.36989,19.52554,0.96701,1,0.56085,0.41130,19.33151,0.96701,1,-0.05768,0.02301,0.61246,0.00353,1,0.01417,0.01591,0.64277,0.00332,1,0,0.00000,30
0.83905,0.19738,5274.91846,0.30811,11824,1,0.97016,0.30919,1,0.73716,0.10326,1,0.85366,0.20623,1,0.25829,0.37014,19.73705,0.96701,1,0.56073,0.41114,19.05205,0.96701,1,-0.06008,0.02389,0.63697,0.00355,1,0.01402,0.01585,0.64049,0.00334,1,0,0.00000,30
0.83969,0.19729,5274.91846,0.31494,11824,1,0.97397,0.29998,1,0.76607,0.08579,1,0.87002,0.19288,1,0.25800,0.37014,19.59819,0.96701,1,0.56053,0.41114,18.83124,0.96701,1,-0.06008,0.02389,0.63697,0.00359,1,0.01402,0.01585,0.64049,0.00340,1,0,0.00000,30
0.84015,0.19754,5274.91846,0.32129,11824,1,0.95864,0.29659,1,0.75369,0.07710,1,0.85617,0.18685,1,0.25771,0.36996,19.42505,0.96701,1,0.56039,0.41109,18.92396,0.96701,1,-0.06008,0.02389,0.63697,0.00353,1,0.01402,0.01585,0.64049,0.00332,1,0,0.00000,30
0.84112,0.19708,5274.91846,0.32812,11824,1,0.96055,0.29053,1,0.75583,0.06996,1,0.85819,0.18025,1,0.25765,0.36997,19.58322,0.97404,1,0.56035,0.41100,19.19870,0.97404,1,-0.06211,0.02464,0.65695,0.00351,1,0.01391,0.01594,0.64407,0.00330,1,0,0.00000,30
0.84207,0.19544,5274.91846,0.33496,11824,1,0.98502,0.22543,1,0.75388,0.03619,1,0.86945,0.13081,1,0.25733,0.37014,19.64224,0.98106,1,0.55994,0.41105,19.25710,0.98106,1,-0.06211,0.02464,0.65695,0.00353,1,0.01391,0.01594,0.64407,0.00333,1,0,0.00000,30
0.84272,0.19445,5274.91846,0.34229,11824,1,0.96402,0.22503,1,0.76896,0.07887,1,0.86649,0.15195,1,0.25712,0.37005,19.51597,0.98809,1,0.55979,0.41086,19.54612,0.98809,1,-0.06211,0.02464,0.65695,0.00356,1,0.01391,0.01594,0.64407,0.00335,1,0,0.00000,30
0.86687,0.18358,5274.91846,0.34229,11824,0,0.96402,0.22503,1,0.76896,0.07887,1,0.86649,0.15195,1,0.25685,0.36998,19.56292,0.98809,1,0.55962,0.41082,19.18826,0.98809,1,-0.06112,0.02414,0.64489,0.00352,1,0.01364,0.01595,0.64075,0.00340,1,0,0.00000,30
0.86128,0.17965,5274.91846,0.34229,11824,0,0.98189,0.23103,1,0.72950,0.12041,1,0.85570,0.17572,1,0.25636,0.37008,19.38743,0.98106,1,0.55929,0.41078,19.50078,0.98106,1,-0.06112,0.02414,0.64489,0.00364,1,0.01364,0.01595,0.64075,0.00333,1,0,0.00000,30
0.86278,0.17970,5274.91846,0.34229,11824,0,0.96091,0.23890,1,0.77060,0.12068,1,0.86576,0.17979,1,0.25615,0.37012,19.50879,0.97404,1,0.55904,0.41072,19.53396,0.97404,1,-0.06112,0.02414,0.64489,0.00355,1,0.01364,0.01595,0.64075,0.00327,1,0,0.00000,30
0.86329,0.18051,5275.26660,0.01953,11825,1,0.95901,0.24536,1,0.77066,0.12052,1,0.86483,0.18294,1,0.25601,0.37010,19.61471,0.96701,1,0.55886,0.41055,19.37879,0.97420,1,-0.05669,0.02232,0.59633,0.00349,1,0.01380,0.01635,0.65479,0.00332,1,0,0.00000,30
0.86277,0.17785,5275.26660,0.02637,11825,1,0.97841,0.24401,1,0.74302,0.09040,1,0.86071,0.16721,1,0.25558,0.37010,19.43347,0.97420,1,0.55832,0.41021,18.93353,0.98139,1,-0.05669,0.02232,0.59633,0.00361,1,0.01380,0.01635,0.65479,0.00336,1,0,0.00000,30
0.86228,0.16885,5275.26660,0.03369,11825,1,0.95072,0.18402,1,0.76888,0.06372,1,0.85980,0.12387,1,0.25529,0.37010,19.53535,0.98139,1,0.55831,0.41024,18.96492,0.98858,1,-0.05669,0.02232,0.59633,0.00351,1,0.01380,0.01635,0.65479,0.00332,1,0,0.00000,30
0.86222,0.16141,5275.26660,0.04053,11825,1,0.95258,0.17704,1,0.77113,0.05649,1,0.86185,0.11676,1,0.25508,0.37017,19.36696,0.98858,1,0.55807,0.41023,18.62917,0.99577,1,-0.06200,0.02429,0.64910,0.00355,1,0.01371,0.01654,0.66008,0.00343,1,0,0.00000,30
0.86196,0.15332,5275.26660,0.04688,11825,1,0.97980,0.16783,1,0.74056,0.02554,1,0.86018,0.09668,1,0.25487,0.37019,19.60114,0.99577,1,0.55757,0.41016,19.09820,0.99577,1,-0.06200,0.02429,0.64910,0.00355,1,0.01371,0.01654,0.66008,0.00333,1,0,0.00000,30
0.86251,0.14665,5275.26660,0.05371,11825,1,0.96062,0.16071,1,0.77313,0.02590,1,0.86687,0.09330,1,0.25450,0.37009,19.51103,0.99577,1,0.55761,0.41004,19.20226,0.99577,1,-0.06200,0.02429,0.64910,0.00351,1,0.01371,0.01654,0.66008,0.00335,1,0,0.00000,30
0.86315,0.14061,5275.26660,0.06055,11825,1,0.96247,0.15380,1,0.77533,0.01862,1,0.86890,0.08621,1,0.25436,0.37013,19.37388,1.00280,1,0.55732,0.40986,19.26984,1.00280,1,-0.06289,0.02454,0.65576,0.00359,1,0.01367,0.01673,0.66782,0.00334,1,0,0.00000,30
0.86329,0.13389,5275.26660,0.06738,11825,1,0.98410,0.15730,1,0.74528,-0.02377,1,0.86469,0.06676,1,0.25410,0.37020,19.55954,1.00982,1,0.55698,0.41000,19.44376,1.00982,1,-0.06289,0.02454,0.65576,0.00354,1,0.01367,0.01673,0.66782,0.00334,1,0,0.00000,30
0.86337,0.12996,5275.26660,0.07373,11825,1,0.96981,0.14002,1,0.75877,0.03334,1,0.86429,0.08668,1,0.25371,0.37017,19.33738,1.01685,1,0.55664,0.41008,19.45020,1.01685,1,-0.06289,0.02454,0.65576,0.00351,1,0.01367,0.01673,0.66782,0.00336,1,0,0.00000,30
0.86336,0.12691,5275.26660,0.08008,11825,1,0.96981,0.14002,1,0.75666,0.04059,1,0.86324,0.09031,1,0.25363,0.37021,19.56817,1.01685,1,0.55661,0.40972,19.08650,1.00966,1,-0.06133,0.02391,0.63901,0.00348,1,0.01302,0.01621,0.64316,0.00333,1,0,0.00000,30
0.86367,0.12816,5275.26660,0.08740,11825,1,0.98965,0.17992,1,0.74587,0.10901,1,0.86776,0.14447,1,0.25338,0.37025,19.41059,1.00263,1,0.55639,0.40964,19.18440,0.99544,1,-0.06133,0.02391,0.63901,0.00364,1,0.01302,0.01621,0.64316,0.00337,1,0,0.00000,30
0.86324,0.12893,5275.26660,0.09375,11825,1,0.97143,0.17746,1,0.74285,0.10173,1,0.85714,0.13959,1,0.25329,0.37024,19.30783,0.98842,1,0.55622,0.40970,19.13126,0.98123,1,-0.06133,0.02391,0.63901,0.00354,1,0.01302,0.01621,0.64316,0.00336,1,0,0.00000,30
0.86261,0.13046,5275.26660,0.10059,11825,1,0.96750,0.19131,1,0.73872,0.11566,1,0.85311,0.15348,1,0.25309,0.37030,19.78605,0.97420,1,0.55607,0.40958,19.17739,0.96701,1,-0.06070,0.02360,0.63051,0.00349,1,0.01280,0.01610,0.63705,0.00335,1,0,0.00000,30
0.86276,0.13208,5275.26660,0.10693,11825,1,0.96612,0.19999,1,0.76440,0.11617,1,0.86526,0.15808,1,0.25267,0.37021,19.47204,0.96701,1,0.55562,0.40964,19.20695,0.96701,1,-0.06070,0.02360,0.63051,0.00353,1,0.01280,0.01610,0.63705,0.00343,1,0,0.00000,30
0.86296,0.13332,5275.26660,0.11377,11825,1,0.98059,0.20378,1,0.75196,0.10492,1,0.86627,0.15435,1,0.25273,0.37024,19.51474,0.96701,1,0.55566,0.40969,19.17145,0.96701,1,-0.06070,0.02360,0.63051,0.00353,1,0.01280,0.01610,0.63705,0.00332,1,0,0.00000,30
0.86303,0.13475,5275.26660,0.12061,11825,1,0.97875,0.20987,1,0.75005,0.11115,1,0.86440,0.16051,1,0.25253,0.37031,19.52910,0.96072,1,0.55541,0.40965,19.04143,0.96072,1,-0.05996,0.02317,0.62045,0.00355,1,0.01260,0.01609,0.63640,0.00331,1,0,0.00000,30
0.85773,0.13660,5275.26660,0.12744,11825,1,0.85626,0.21788,1,0.65754,0.12533,1,0.75690,0.17161,1,0.25011,0.37054,19.51488,0.95444,1,0.55324,0.40929,18.18689,0.95444,1,-0.05996,0.02317,0.62045,0.00355,1,0.01260,0.01609,0.63640,0.00328,1,0,0.00000,30
0.84756,0.13669,5275.26660,0.13428,11825,1,0.75071,0.21871,1,0.53790,0.05827,1,0.64430,0.13849,1,0.24737,0.37028,18.57672,0.94815,1,0.55047,0.40928,17.97557,0.94815,1,-0.05996,0.02317,0.62045,0.00360,1,0.01260,0.01609,0.63640,0.00326,1,0,0.00000,30
0.83837,0.13627,5275.26660,0.14062,11825,1,0.75119,0.21224,1,0.53932,0.04291,1,0.64525,0.12758,1,0.24664,0.37050,18.86870,0.95518,1,0.54942,0.40915,17.67573,0.96237,1,-0.06405,0.02441,0.65362,0.00367,1,0.01176,0.01649,0.65055,0.00332,1,0,0.00000,30
0.78289,0.13921,5275.26660,0.14062,11825,0,0.58170,0.17983,1,0.31171,0.11089,1,0.44671,0.14536,1,0.24205,0.37050,18.92187,0.97568,1,0.54417,0.40927,17.61273,0.98287,1,-0.06405,0.02441,0.65362,0.00360,1,0.01176,0.01649,0.65055,0.00332,1,0,0.00000,30
0.56860,0.14087,5275.26660,0.14062,11825,0,0.47015,0.14514,1,0.23847,0.13991,1,0.35431,0.14252,1,0.23959,0.37076,18.33335,0.99618,1,0.54130,0.40979,17.26376,1.00337,1,-0.06405,0.02441,0.65362,0.00353,1,0.01176,0.01649,0.65055,0.00336,1,0,0.00000,30
0.49653,0.13841,5275.26660,0.14062,11825,0,0.46746,0.13317,1,0.23731,0.13381,1,0.35238,0.13349,1,0.23891,0.37081,18.66014,1.00966,1,0.54061,0.40972,18.17319,1.00966,1,-0.06404,0.02388,0.64318,0.00347,1,0.01046,0.01627,0.64579,0.00325,1,0,0.00000,30
0.30345,0.14009,5275.26660,0.14062,11825,0,0.32343,0.14159,1,0.08387,0.14692,1,0.20365,0.14426,1,0.23571,0.37141,19.01868,1.00263,1,0.53701,0.41068,18.69175,0.99544,1,-0.06404,0.02388,0.64318,0.00343,1,0.01046,0.01627,0.64579,0.00328,1,0,0.00000,30
0.22779,0.15824,5275.26660,0.14062,11825,0,0.26995,0.16084,1,0.03432,0.19192,1,0.15213,0.17638,1,0.23459,0.37182,19.69212,0.98842,1,0.53577,0.41095,18.41929,0.98123,1,-0.06404,0.02388,0.64318,0.00337,1,0.01046,0.01627,0.64579,0.00325,1,0,0.00000,30
0.20523,0.17042,5275.26660,0.14062,11825,0,0.27802,0.17809,1,0.04219,0.21150,1,0.16011,0.19479,1,0.23400,0.37180,19.35193,0.96791,1,0.53522,0.41094,18.62093,0.96072,1,-0.06263,0.02311,0.62387,0.00347,1,0.00976,0.01599,0.63835,0.00332,1,0,0.00000,30
0.15465,0.20847,5275.26660,0.14062,11825,0,0.26092,0.23921,1,0.04247,0.26929,1,0.15170,0.25425,1,0.23315,0.37203,19.47470,0.95444,1,0.53453,0.41136,18.64956,0.95444,1,-0.06263,0.02311,0.62387,0.00351,1,0.00976,0.01599,0.63835,0.00331,1,0,0.00000,30
0.15955,0.22908,5275.26660,0.14062,11825,0,0.26116,0.23796,1,0.06774,0.26140,1,0.16445,0.24968,1,0.23310,0.37201,19.54604,0.94815,1,0.53465,0.41130,18.39281,0.94815,1,-0.06263,0.02311,0.62387,0.00344,1,0.00976,0.01599,0.63835,0.00339,1,0,0.00000,30
0.16201,0.23774,5275.26660,0.14062,11825,0,0.26381,0.24300,1,0.07004,0.26712,1,0.16693,0.25506,1,0.23319,0.37199,19.27486,0.94187,1,0.53482,0.41136,18.40854,0.94187,1,-0.06336,0.02330,0.63016,0.00355,1,0.00976,0.01599,0.63835,0.00343,1,0,0.00000,30
0.16363,0.24283,5275.45410,0.02051,11826,1,0.27103,0.24327,1,0.06599,0.27294,1,0.16851,0.25811,1,0.23292,0.37216,19.40657,0.94187,1,0.53493,0.41103,17.77769,0.94187,1,-0.06336,0.02330,0.63016,0.00354,1,0.00976,0.01599,0.63835,0.00347,1,0,0.00000,30
0.16228,0.24690,5275.45410,0.02686,11826,1,0.25850,0.25567,1,0.05525,0.27069,1,0.15688,0.26318,1,0.23269,0.37215,19.59789,0.94187,1,0.53466,0.41122,18.25697,0.94187,1,-0.06336,0.02330,0.63016,0.00345,1,0.00976,0.01599,0.63835,0.00339,1,0,0.00000,30
0.16073,0.24818,5275.45410,0.03369,11826,1,0.25582,0.25071,1,0.05012,0.25846,1,0.15297,0.25459,1,0.23260,0.37208,19.47633,0.94815,1,0.53461,0.41125,18.31958,0.95534,1,-0.06510,0.02389,0.64599,0.00347,1,0.01000,0.01647,0.65730,0.00334,1,0,0.00000,30
0.15963,0.24758,5275.45410,0.04053,11826,1,0.26075,0.24037,1,0.04528,0.24758,1,0.15302,0.24397,1,0.23246,0.37210,19.45238,0.96163,1,0.53454,0.41131,18.41075,0.96882,1,-0.06510,0.02389,0.64599,0.00347,1,0.01000,0.01647,0.65730,0.00332,1,0,0.00000,30
0.15820,0.24589,5275.45410,0.04688,11826,1,0.25541,0.23621,1,0.04096,0.23194,1,0.14818,0.23407,1,0.23240,0.37223,19.75483,0.97510,1,0.53457,0.41139,18.49679,0.98229,1,-0.06510,0.02389,0.64599,0.00344,1,0.01000,0.01647,0.65730,0.00331,1,0,0.00000,30
0.15664,0.24368,5275.45410,0.05371,11826,1,0.24982,0.22572,1,0.03858,0.22620,1,0.14420,0.22596,1,0.23229,0.37234,19.83378,0.98858,1,0.53459,0.41139,18.44509,0.98858,1,-0.06510,0.02384,0.64599,0.00345,1,0.00976,0.01589,0.63835,0.00329,1,0,0.00000,30
0.15393,0.23825,5275.45410,0.06055,11826,1,0.24336,0.16833,1,0.01575,0.21038,1,0.12955,0.18936,1,0.23241,0.37231,19.64336,0.98858,1,0.53468,0.41146,18.24125,0.98139,1,-0.06510,0.02384,0.64599,0.00353,1,0.00976,0.01589,0.63835,0.00333,1,0,0.00000,30
0.15350,0.23441,5275.45410,0.06689,11826,1,0.27679,0.18203,1,0.02159,0.21003,1,0.14919,0.19603,1,0.23230,0.37237,19.68886,0.98139,1,0.53482,0.41171,18.81987,0.97420,1,-0.06510,0.02384,0.64599,0.00349,1,0.00976,0.01589,0.63835,0.00333,1,0,0.00000,30
0.15338,0.23174,5275.45410,0.07373,11826,1,0.27959,0.18798,1,0.02446,0.21681,1,0.15203,0.20240,1,0.23226,0.37226,19.50378,0.97420,1,0.53494,0.41177,18.80184,0.96701,1,-0.06510,0.02389,0.64599,0.00353,1,0.00976,0.01589,0.63835,0.00333,1,0,0.00000,30
0.15493,0.23028,5275.45410,0.08057,11826,1,0.27941,0.20499,1,0.06763,0.22063,1,0.17352,0.21281,1,0.23212,0.37228,19.40004,0.96701,1,0.53501,0.41167,18.68407,0.96701,1,-0.06510,0.02389,0.64599,0.00359,1,0.00976,0.01589,0.63835,0.00335,1,0,0.00000,30
0.15618,0.22875,5275.45410,0.08789,11826,1,0.27662,0.19364,1,0.06828,0.22396,1,0.17245,0.20880,1,0.23220,0.37231,19.52419,0.96701,1,0.53514,0.41182,18.64845,0.96701,1,-0.06510,0.02389,0.64599,0.00349,1,0.00976,0.01589,0.63835,0.00340,1,0,0.00000,30
0.15726,0.22742,5275.45410,0.09375,11826,1,0.27662,0.19364,1,0.06828,0.22396,1,0.17245,0.20880,1,0.23220,0.37231,19.52419,0.96701,1,0.53517,0.41176,18.31075,0.96701,1,-0.06510,0.02379,0.64599,0.00349,1,0.00976,0.01589,0.63835,0.00345,1,0,0.00000,30
0.15766,0.22512,5275.45410,0.10059,11826,1,0.27499,0.20087,1,0.05217,0.18035,1,0.16358,0.19061,1,0.23224,0.37234,19.53258,0.96701,1,0.53504,0.41174,18.29101,0.96701,1,-0.06510,0.02379,0.64599,0.00349,1,0.00976,0.01589,0.63835,0.00342,1,0,0.00000,30
0.15709,0.22343,5275.45410,0.10742,11826,1,0.26552,0.21108,1,0.03034,0.18162,1,0.14793,0.19635,1,0.23220,0.37237,19.40723,0.96701,1,0.53504,0.41187,18.71357,0.96701,1,-0.06510,0.02379,0.64599,0.00350,1,0.00976,0.01589,0.63835,0.00329,1,0,0.00000,30
0.15650,0.22173,5275.45410,0.11426,11826,1,0.26552,0.21108,1,0.02752,0.17456,1,0.14652,0.19282,1,0.23225,0.37243,19.21367,0.96701,1,0.53511,0.41186,18.77569,0.97420,1,-0.06510,0.02379,0.64599,0.00352,1,0.01005,0.01618,0.65371,0.00327,1,0,0.00000,30
0.15541,0.22000,5275.45410,0.12061,11826,1,0.24200,0.20794,1,0.02968,0.16982,1,0.13584,0.18888,1,0.23224,0.37246,19.36312,0.97420,1,0.53513,0.41194,18.56710,0.98139,1,-0.06510,0.02379,0.64599,0.00351,1,0.01005,0.01618,0.65371,0.00329,1,0,0.00000,30
0.15422,0.21889,5275.45410,0.12793,11826,1,0.23937,0.19989,1,0.02355,0.19566,1,0.13146,0.19777,1,0.23227,0.37250,19.01223,0.98139,1,0.53514,0.41196,18.70131,0.98858,1,-0.06510,0.02379,0.64599,0.00356,1,0.01005,0.01618,0.65371,0.00328,1,0,0.00000,30
0.15306,0.21774,5275.45410,0.13477,11826,1,0.23630,0.19411,1,0.02355,0.19566,1,0.12993,0.19489,1,0.23227,0.37252,19.56767,0.98858,1,0.53519,0.41193,18.53214,0.98858,1,-0.06510,0.02379,0.64599,0.00351,1,0.00979,0.01569,0.63379,0.00331,1,0,0.00000,30
0.15224,0.21533,5275.45410,0.14111,11826,1,0.24039,0.13821,1,0.02983,0.19123,1,0.13511,0.16472,1,0.23242,0.37265,19.08061,0.98858,1,0.53521,0.41191,18.45695,0.98139,1,-0.06510,0.02379,0.64599,0.00362,1,0.00979,0.01569,0.63379,0.00330,1,0,0.00000,30
0.15153,0.21316,5275.45410,0.14795,11826,1,0.24053,0.14120,1,0.03139,0.18973,1,0.13596,0.16547,1,0.23229,0.37239,18.96346,0.98139,1,0.53520,0.41193,18.54970,0.97420,1,-0.06510,0.02379,0.64599,0.00358,1,0.00979,0.01569,0.63379,0.00330,1,0,0.00000,30
0.15101,0.21145,5275.45410,0.15479,11826,1,0.24357,0.14737,1,0.03419,0.19667,1,0.13888,0.17202,1,0.23226,0.37266,19.57348,0.97420,1,0.53528,0.41193,18.41953,0.96701,1,-0.06510,0.02379,0.64599,0.00350,1,0.00999,0.01585,0.64060,0.00331,1,0,0.00000,30
0.15085,0.21038,5275.45410,0.16064,11826,1,0.25733,0.16019,1,0.03697,0.20903,1,0.14715,0.18461,1,0.23226,0.37266,19.57348,0.96701,1,0.53531,0.41197,18.56165,0.96701,1,-0.06510,0.02379,0.64599,0.00350,1,0.00999,0.01585,0.64060,0.00326,1,0,0.00000,30
0.15058,0.20943,5275.45410,0.16797,11826,1,0.25005,0.15175,1,0.03745,0.21966,1,0.14375,0.18571,1,0.23239,0.37282,19.76637,0.96701,1,0.53532,0.41194,18.70078,0.96701,1,-0.06510,0.02379,0.64599,0.00351,1,0.00999,0.01585,0.64060,0.00325,1,0,0.00000,30
0.14165,0.18496,5275.45410,0.16797,11826,0,0.25005,0.15175,1,0.03745,0.21966,1,0.14375,0.18571,1,0.23241,0.37278,19.90032,0.96701,1,0.53532,0.41194,18.70078,0.96701,1,-0.06406,0.02336,0.63572,0.00351,1,0.00999,0.01585,0.64060,0.00325,1,0,0.00000,30
0.14453,0.19191,5275.45410,0.16797,11826,0,0.25177,0.19884,1,0.04303,0.19889,1,0.14740,0.19886,1,0.23231,0.37260,19.71866,0.96701,1,0.53556,0.41200,18.76007,0.96701,1,-0.06406,0.02336,0.63572,0.00345,1,0.00999,0.01585,0.64060,0.00333,1,0,0.00000,30
0.14686,0.19242,5275.45410,0.16797,11826,0,0.25086,0.18945,1,0.05218,0.19745,1,0.15152,0.19345,1,0.23232,0.37257,19.61196,0.96701,1,0.53557,0.41209,18.88423,0.96701,1,-0.06406,0.02336,0.63572,0.00347,1,0.00999,0.01585,0.64060,0.00332,1,0,0.00000,30
0.14865,0.19409,5275.62988,0.01855,11827,1,0.25351,0.19465,1,0.05452,0.20350,1,0.15402,0.19908,1,0.23232,0.37257,19.61196,0.96072,1,0.53560,0.41198,18.58871,0.96072,1,-0.06306,0.02306,0.62629,0.00347,1,0.00999,0.01585,0.64060,0.00333,1,0,0.00000,30
0.14952,0.19791,5275.62988,0.02637,11827,1,0.23995,0.20714,1,0.06608,0.21927,1,0.15301,0.21320,1,0.23247,0.37242,19.39421,0.95444,1,0.53582,0.41179,18.45251,0.95444,1,-0.06306,0.02306,0.62629,0.00351,1,0.00999,0.01585,0.64060,0.00335,1,0,0.00000,30
0.14812,0.20058,5275.62988,0.03271,11827,1,0.23776,0.20585,1,0.04446,0.22199,1,0.14111,0.21392,1,0.23253,0.37233,19.42206,0.94815,1,0.53592,0.41176,18.44142,0.94815,1,-0.06306,0.02306,0.62629,0.00351,1,0.00999,0.01585,0.64060,0.00336,1,0,0.00000,30
0.14749,0.20329,5275.62988,0.04004,11827,1,0.24055,0.21105,1,0.04690,0.22799,1,0.14372,0.21952,1,0.23255,0.37235,19.50749,0.94187,1,0.53581,0.41185,18.43814,0.94187,1,-0.06306,0.02306,0.62629,0.00348,1,0.00999,0.01585,0.64060,0.00337,1,0,0.00000,30
0.14707,0.20190,5275.62988,0.04688,11827,1,0.26232,0.17317,1,0.02588,0.21118,1,0.14410,0.19218,1,0.23254,0.37234,19.56679,0.94187,1,0.53585,0.41187,18.47766,0.94187,1,-0.06306,0.02306,0.62629,0.00338,1,0.00999,0.01585,0.64060,0.00334,1,0,0.00000,30
0.14765,0.20007,5275.62988,0.05371,11827,1,0.26391,0.17211,1,0.04062,0.19885,1,0.15227,0.18548,1,0.23256,0.37232,19.55840,0.94187,1,0.53590,0.41178,18.72043,0.94187,1,-0.06306,0.02306,0.62629,0.00338,1,0.00999,0.01585,0.64060,0.00327,1,0,0.00000,30
0.14820,0.19878,5275.62988,0.05908,11827,1,0.26629,0.17703,1,0.04002,0.19734,1,0.15315,0.18718,1,0.23250,0.37229,19.62326,0.93621,1,0.53587,0.41172,18.79739,0.94340,1,-0.06073,0.02223,0.60359,0.00336,1,0.01046,0.01636,0.66114,0.00330,1,0,0.00000,30
0.14844,0.19637,5275.62988,0.06592,11827,1,0.26429,0.15236,1,0.03739,0.19202,1,0.15084,0.17219,1,0.23259,0.37220,19.61757,0.93774,1,0.53597,0.41173,18.72502,0.94493,1,-0.06073,0.02223,0.60359,0.00334,1,0.01046,0.01636,0.66114,0.00325,1,0,0.00000,30
0.14881,0.19621,5275.62988,0.07275,11827,1,0.26679,0.14538,1,0.03912,0.24372,1,0.15296,0.19455,1,0.23259,0.37208,19.44388,0.93927,1,0.53601,0.41172,18.94441,0.94646,1,-0.06073,0.02223,0.60359,0.00334,1,0.01046,0.01636,0.66114,0.00322,1,0,0.00000,30
0.14902,0.19584,5275.62988,0.08008,11827,1,0.26380,0.13893,1,0.03912,0.24372,1,0.15146,0.19133,1,0.23267,0.37217,19.59935,0.94646,1,0.53606,0.41166,18.94752,0.94646,1,-0.06336,0.02321,0.63016,0.00337,1,0.01028,0.01606,0.64680,0.00323,1,0,0.00000,30
0.14874,0.19590,5275.62988,0.08594,11827,1,0.27509,0.17400,1,0.01513,0.21934,1,0.14511,0.19667,1,0.23300,0.37226,19.49656,0.95212,1,0.53623,0.41150,18.75186,0.94493,1,-0.06336,0.02321,0.63016,0.00349,1,0.01028,0.01606,0.64680,0.00325,1,0,0.00000,30
0.14965,0.19516,5275.62988,0.09229,11827,1,0.26088,0.16360,1,0.06402,0.20600,1,0.16245,0.18480,1,0.23337,0.37204,19.27284,0.95059,1,0.53674,0.41141,18.28647,0.94340,1,-0.06336,0.02321,0.63016,0.00349,1,0.01028,0.01606,0.64680,0.00341,1,0,0.00000,30
0.15033,0.19424,5275.62988,0.09912,11827,1,0.25889,0.15948,1,0.06226,0.20136,1,0.16058,0.18042,1,0.23354,0.37201,19.41166,0.95534,1,0.53695,0.41111,18.11978,0.94815,1,-0.06438,0.02376,0.64271,0.00336,1,0.01046,0.01608,0.64579,0.00324,1,0,0.00000,30
0.15583,0.19283,5275.62988,0.10596,11827,1,0.36829,0.15922,1,0.11927,0.18138,1,0.24378,0.17030,1,0.23553,0.37138,19.15224,0.95444,1,0.53840,0.41075,17.92762,0.95444,1,-0.06438,0.02376,0.64271,0.00342,1,0.01046,0.01608,0.64579,0.00329,1,0,0.00000,30
0.16175,0.18878,5275.62988,0.11230,11827,1,0.36022,0.10057,1,0.16460,0.13925,1,0.26241,0.11991,1,0.23617,0.37120,18.98881,0.96072,1,0.53894,0.41061,18.13430,0.96072,1,-0.06438,0.02376,0.64271,0.00339,1,0.01046,0.01608,0.64579,0.00324,1,0,0.00000,30
0.16705,0.18515,5275.62988,0.11914,11827,1,0.36022,0.10057,1,0.16460,0.13925,1,0.26241,0.11991,1,0.23626,0.37110,19.26959,0.96072,1,0.53937,0.41035,18.22102,0.96072,1,-0.06204,0.02311,0.62259,0.00335,1,0.01060,0.01610,0.64258,0.00329,1,0,0.00000,30
0.17038,0.18241,5275.62988,0.12549,11827,1,0.33394,0.12287,1,0.13335,0.13774,1,0.23365,0.13030,1,0.23683,0.37099,18.86342,0.95444,1,0.53963,0.41047,18.09390,0.95444,1,-0.06204,0.02311,0.62259,0.00334,1,0.01060,0.01610,0.64258,0.00327,1,0,0.00000,30
0.17360,0.18049,5275.62988,0.13281,11827,1,0.33768,0.13255,1,0.13849,0.15159,1,0.23808,0.14207,1,0.23684,0.37100,18.88440,0.94815,1,0.53964,0.41048,18.12269,0.94815,1,-0.06204,0.02311,0.62259,0.00334,1,0.01060,0.01610,0.64258,0.00327,1,0,0.00000,30
0.20015,0.16204,5275.62988,0.13281,11827,0,0.33768,0.13255,1,0.13849,0.15159,1,0.23808,0.14207,1,0.23685,0.37098,18.94872,0.94815,1,0.53958,0.41055,18.15432,0.94815,1,-0.06404,0.02388,0.64318,0.00335,1,0.01075,0.01604,0.64030,0.00327,1,0,0.00000,30
0.22552,0.15541,5275.62988,0.13281,11827,0,0.34266,0.12471,1,0.15911,0.17285,1,0.25088,0.14878,1,0.23688,0.37093,18.99566,0.95444,1,0.53973,0.41068,18.44652,0.95444,1,-0.06404,0.02388,0.64318,0.00331,1,0.01075,0.01604,0.64030,0.00319,1,0,0.00000,30
0.23578,0.13781,5275.62988,0.13281,11827,0,0.34765,0.11210,1,0.16493,0.09309,1,0.25629,0.10259,1,0.23696,0.37090,18.82714,0.96072,1,0.53990,0.41070,18.06628,0.96072,1,-0.06404,0.02388,0.64318,0.00342,1,0.01075,0.01604,0.64030,0.00321,1,0,0.00000,30
0.24044,0.12743,5275.76953,0.01953,11828,1,0.34559,0.10628,1,0.16329,0.08636,1,0.25444,0.09632,1,0.23691,0.37093,19.06859,0.96701,1,0.54005,0.41061,17.76060,0.96701,1,-0.06404,0.02388,0.64318,0.00336,1,0.01081,0.01603,0.64374,0.00327,1,0,0.00000,30
0.24294,0.12257,5275.76953,0.02637,11828,1,0.35689,0.10232,1,0.14894,0.10392,1,0.25291,0.10312,1,0.23708,0.37091,18.72470,0.96701,1,0.54015,0.41088,18.53024,0.96701,1,-0.06404,0.02388,0.64318,0.00339,1,0.01081,0.01603,0.64374,0.00319,1,0,0.00000,30
0.24559,0.11829,5275.76953,0.03320,11828,1,0.35970,0.09369,1,0.15799,0.10009,1,0.25884,0.09689,1,0.23717,0.37086,18.80999,0.96701,1,0.54025,0.41082,18.46622,0.96701,1,-0.06404,0.02388,0.64318,0.00337,1,0.01081,0.01603,0.64374,0.00315,1,0,0.00000,30
0.24748,0.11523,5275.76953,0.04004,11828,1,0.35970,0.09369,1,0.15799,0.10009,1,0.25884,0.09689,1,0.23727,0.37075,18.51358,0.96701,1,0.54029,0.41087,18.69211,0.96701,1,-0.06310,0.02356,0.63470,0.00339,1,0.01075,0.01590,0.64029,0.00320,1,0,0.00000,30
0.24834,0.11456,5275.76953,0.04639,11828,1,0.37057,0.10115,1,0.13821,0.11847,1,0.25439,0.10981,1,0.23754,0.37057,18.22202,0.96701,1,0.54049,0.41100,18.63654,0.96701,1,-0.06310,0.02356,0.63470,0.00327,1,0.01075,0.01590,0.64029,0.00318,1,0,0.00000,30
0.24935,0.11397,5275.76953,0.05322,11828,1,0.36753,0.09408,1,0.14719,0.12454,1,0.25736,0.10931,1,0.23746,0.37061,18.28428,0.96701,1,0.54056,0.41095,18.73945,0.96701,1,-0.06310,0.02356,0.63470,0.00329,1,0.01075,0.01590,0.64029,0.00315,1,0,0.00000,30
0.25015,0.11351,5275.76953,0.05957,11828,1,0.36753,0.09408,1,0.14719,0.12454,1,0.25736,0.10931,1,0.23744,0.37092,19.04296,0.96701,1,0.54055,0.41094,18.73491,0.96701,1,-0.06310,0.02356,0.63470,0.00327,1,0.01076,0.01568,0.62960,0.00316,1,0,0.00000,30
0.25212,0.11312,5275.76953,0.06641,11828,1,0.38335,0.09844,1,0.16043,0.12007,1,0.27189,0.10926,1,0.23747,0.37090,19.08384,0.96701,1,0.54055,0.41100,19.03106,0.96701,1,-0.06310,0.02356,0.63470,0.00328,1,0.01076,0.01568,0.62960,0.00313,1,0,0.00000,30
0.25264,0.11260,5275.76953,0.07324,11828,1,0.38364,0.08949,1,0.13295,0.12415,1,0.25830,0.10682,1,0.23746,0.37091,19.14703,0.96701,1,0.54063,0.41094,18.95034,0.96701,1,-0.06310,0.02356,0.63470,0.00327,1,0.01076,0.01568,0.62960,0.00313,1,0,0.00000,30
0.25307,0.11215,5275.76953,0.08008,11828,1,0.38364,0.08949,1,0.13295,0.12415,1,0.25830,0.10682,1,0.23744,0.37090,19.19286,0.96701,1,0.54073,0.41097,18.67204,0.96701,1,-0.06310,0.02356,0.63470,0.00327,1,0.01076,0.01568,0.62960,0.00321,1,0,0.00000,30
0.25356,0.11194,5275.76953,0.08691,11828,1,0.38463,0.09799,1,0.13522,0.12046,1,0.25992,0.10922,1,0.23751,0.37115,19.28406,0.96701,1,0.54076,0.41085,18.36944,0.96701,1,-0.06310,0.02356,0.63470,0.00332,1,0.01076,0.01568,0.62960,0.00319,1,0,0.00000,30
0.25356,0.11079,5275.76953,0.09326,11828,1,0.37556,0.09254,1,0.13138,0.09686,1,0.25347,0.09470,1,0.23751,0.37115,19.28406,0.96701,1,0.54080,0.41104,18.62787,0.96701,1,-0.06310,0.02356,0.63470,0.00332,1,0.01076,0.01568,0.62960,0.00316,1,0,0.00000,30
0.25355,0.10979,5275.76953,0.10010,11828,1,0.37556,0.09254,1,0.13138,0.09686,1,0.25347,0.09470,1,0.23750,0.37115,19.30852,0.96701,1,0.54079,0.41111,18.59823,0.96701,1,-0.06310,0.02356,0.63470,0.00331,1,0.01076,0.01558,0.62960,0.00311,1,0,0.00000,30
0.25467,0.11000,5275.76953,0.10693,11828,1,0.38328,0.10256,1,0.16187,0.12439,1,0.27258,0.11347,1,0.23750,0.37109,19.13478,0.96701,1,0.54082,0.41098,18.20930,0.96701,1,-0.06310,0.02356,0.63470,0.00330,1,0.01076,0.01558,0.62960,0.00316,1,0,0.00000,30
0.25550,0.10996,5275.76953,0.11328,11828,1,0.37567,0.09259,1,0.16346,0.12595,1,0.26956,0.10927,1,0.23753,0.37108,19.15849,0.96701,1,0.54070,0.41101,18.88889,0.96701,1,-0.06310,0.02356,0.63470,0.00334,1,0.01076,0.01558,0.62960,0.00308,1,0,0.00000,30
0.25624,0.10993,5275.76953,0.12012,11828,1,0.37567,0.09259,1,0.16346,0.12595,1,0.26956,0.10927,1,0.23752,0.37111,19.22393,0.96701,1,0.54074,0.41092,18.54938,0.96701,1,-0.06398,0.02384,0.64348,0.00334,1,0.01076,0.01558,0.62960,0.00311,1,0,0.00000,30
0.25654,0.11013,5275.76953,0.12646,11828,1,0.36582,0.09647,1,0.15872,0.13171,1,0.26227,0.11409,1,0.23735,0.37116,18.91968,0.96701,1,0.54066,0.41113,18.22107,0.96701,1,-0.06398,0.02384,0.64348,0.00331,1,0.01076,0.01558,0.62960,0.00310,1,0,0.00000,30
0.25653,0.11005,5275.76953,0.13281,11828,1,0.36206,0.09525,1,0.15041,0.12149,1,0.25624,0.10837,1,0.23736,0.37123,18.92662,0.96701,1,0.54066,0.41113,18.33533,0.96701,1,-0.06398,0.02384,0.64348,0.00337,1,0.01076,0.01558,0.62960,0.00310,1,0,0.00000,30
0.25651,0.10997,5275.76953,0.14014,11828,1,0.36206,0.09525,1,0.15041,0.12149,1,0.25624,0.10837,1,0.23721,0.37123,19.07125,0.96701,1,0.54055,0.41110,18.33428,0.96701,1,-0.06392,0.02379,0.64199,0.00334,1,0.01076,0.01558,0.62960,0.00311,1,0,0.00000,30
0.25690,0.10999,5275.76953,0.14697,11828,1,0.39002,0.10219,1,0.14063,0.11858,1,0.26532,0.11039,1,0.23716,0.37119,18.95196,0.96701,1,0.54056,0.41100,18.13942,0.96701,1,-0.06392,0.02379,0.64199,0.00339,1,0.01076,0.01558,0.62960,0.00317,1,0,0.00000,30
0.25724,0.10865,5275.76953,0.15381,11828,1,0.38947,0.09590,1,0.14077,0.05970,1,0.26512,0.07780,1,0.23718,0.37118,18.84095,0.96701,1,0.54059,0.41093,17.87536,0.96701,1,-0.06392,0.02379,0.64199,0.00339,1,0.01076,0.01558,0.62960,0.00320,1,0,0.00000,30
0.25751,0.10726,5275.76953,0.16064,11828,1,0.38947,0.09590,1,0.13873,0.05178,1,0.26410,0.07384,1,0.23716,0.37125,19.04255,0.96701,1,0.54046,0.41102,18.07817,0.97420,1,-0.06404,0.02378,0.64318,0.00338,1,0.01128,0.01640,0.66268,0.00320,1,0,0.00000,30
0.25743,0.10566,5275.76953,0.16699,11828,1,0.37683,0.09955,1,0.13408,0.03174,1,0.25546,0.06565,1,0.23704,0.37114,19.08809,0.97420,1,0.54041,0.41103,18.34896,0.98139,1,-0.06404,0.02378,0.64318,0.00330,1,0.01128,0.01640,0.66268,0.00316,1,0,0.00000,30
0.25719,0.10503,5275.76953,0.17334,11828,1,0.37056,0.08547,1,0.13101,0.09209,1,0.25078,0.08878,1,0.23703,0.37113,19.07076,0.98139,1,0.54034,0.41094,18.30209,0.98858,1,-0.06404,0.02378,0.64318,0.00331,1,0.01128,0.01640,0.66268,0.00311,1,0,0.00000,30
0.25688,0.10420,5275.76953,0.18018,11828,1,0.36842,0.07874,1,0.12895,0.08459,1,0.24869,0.08166,1,0.23711,0.37095,18.56870,0.98858,1,0.54035,0.41095,18.42257,0.99577,1,-0.06404,0.02378,0.64318,0.00335,1,0.01130,0.01658,0.66987,0.00310,1,0,0.00000,30
0.25683,0.10314,5275.76953,0.18848,11828,1,0.35687,0.07000,1,0.15381,0.07730,1,0.25534,0.07365,1,0.23708,0.37099,18.37933,0.99577,1,0.54035,0.41096,18.45691,0.99577,1,-0.06404,0.02378,0.64318,0.00340,1,0.01130,0.01658,0.66987,0.00307,1,0,0.00000,30
0.25666,0.10185,5275.76953,0.19385,11828,1,0.35416,0.06496,1,0.14916,0.06384,1,0.25166,0.06440,1,0.23691,0.37088,18.56984,0.99577,1,0.54032,0.41089,18.40334,0.99577,1,-0.06404,0.02378,0.64318,0.00328,1,0.01130,0.01658,0.66987,0.00305,1,0,0.00000,30
0.25653,0.10077,5275.76953,0.20020,11828,1,0.35416,0.06496,1,0.15108,0.07149,1,0.25262,0.06822,1,0.23684,0.37091,18.83706,0.99577,1,0.54034,0.41083,18.11772,0.98858,1,-0.06392,0.02379,0.64199,0.00322,1,0.01075,0.01585,0.64030,0.00308,1,0,0.00000,30
0.25678,0.09957,5275.76953,0.20752,11828,1,0.38581,0.06213,1,0.14366,0.06245,1,0.26473,0.06229,1,0.23675,0.37085,18.85314,0.98858,1,0.54034,0.41084,18.16531,0.98139,1,-0.06392,0.02379,0.64199,0.00325,1,0.01075,0.01585,0.64030,0.00311,1,0,0.00000,30
0.25718,0.09864,5275.76953,0.21387,11828,1,0.39468,0.07591,1,0.14488,0.06224,1,0.26978,0.06908,1,0.23674,0.37088,18.82572,0.98139,1,0.54015,0.41063,17.87258,0.97420,1,-0.06392,0.02379,0.64199,0.00326,1,0.01075,0.01585,0.64030,0.00309,1,0,0.00000,30
0.25761,0.09799,5275.76953,0.22070,11828,1,0.39665,0.08275,1,0.14688,0.07007,1,0.27176,0.07641,1,0.23677,0.37092,18.90841,0.97420,1,0.54014,0.41058,18.03422,0.96701,1,-0.06353,0.02360,0.63711,0.00332,1,0.01081,0.01603,0.64374,0.00308,1,0,0.00000,30
0.25904,0.07159,5275.76953,0.22070,11828,0,0.37747,0.07931,1,0.13929,0.03522,1,0.25838,0.05726,1,0.23658,0.37063,18.56819,0.96701,1,0.54019,0.41043,17.75408,0.96701,1,-0.06353,0.02360,0.63711,0.00329,1,0.01081,0.01603,0.64374,0.00308,1,0,0.00000,30
0.25617,0.06283,5275.76953,0.22070,11828,0,0.36981,0.07212,1,0.13679,0.03601,1,0.25330,0.05406,1,0.23655,0.37073,18.95117,0.96701,1,0.54013,0.41054,17.75595,0.96701,1,-0.06353,0.02360,0.63711,0.00320,1,0.01081,0.01603,0.64374,0.00314,1,0,0.00000,30
0.25521,0.05991,5275.76953,0.22070,11828,0,0.36981,0.07212,1,0.13679,0.03601,1,0.25330,0.05406,1,0.23657,0.37071,18.75616,0.96701,1,0.54013,0.41052,17.64150,0.96701,1,-0.06448,0.02397,0.64559,0.00323,1,0.01075,0.01599,0.64030,0.00320,1,0,0.00000,30
0.25585,0.06381,5275.99658,0.02051,11829,1,0.36067,0.05479,1,0.15486,0.09629,1,0.25777,0.07554,1,0.23634,0.37064,18.62648,0.96701,1,0.53979,0.41038,18.07456,0.96701,1,-0.06448,0.02397,0.64559,0.00333,1,0.01075,0.01599,0.64030,0.00305,1,0,0.00000,30
0.25426,0.05946,5275.99658,0.02686,11829,1,0.34662,0.04669,1,0.14915,0.03739,1,0.24788,0.04204,1,0.23631,0.37076,18.56552,0.96701,1,0.53979,0.41033,18.05932,0.96701,1,-0.06448,0.02397,0.64559,0.00326,1,0.01075,0.01599,0.64030,0.00306,1,0,0.00000,30
0.25303,0.05588,5275.99658,0.03369,11829,1,0.34662,0.04669,1,0.14718,0.02931,1,0.24690,0.03800,1,0.23629,0.37081,18.74536,0.96701,1,0.53981,0.41030,17.88150,0.97420,1,-0.06448,0.02397,0.64559,0.00318,1,0.01097,0.01643,0.65584,0.00312,1,0,0.00000,30
0.25347,0.05082,5275.99658,0.04053,11829,1,0.38060,0.04338,1,0.13159,-0.00246,1,0.25609,0.02046,1,0.23605,0.37073,18.55584,0.97420,1,0.53975,0.41039,18.11385,0.98139,1,-0.06448,0.02397,0.64559,0.00327,1,0.01097,0.01643,0.65584,0.00310,1,0,0.00000,30
0.25251,0.04610,5275.99658,0.04688,11829,1,0.36375,0.03507,1,0.12789,-0.00893,1,0.24582,0.01307,1,0.23611,0.37082,18.62617,0.98139,1,0.53967,0.41027,17.90002,0.98858,1,-0.06448,0.02397,0.64559,0.00323,1,0.01097,0.01643,0.65584,0.00306,1,0,0.00000,30
0.25165,0.04204,5275.99658,0.05420,11829,1,0.36157,0.02802,1,0.12789,-0.00893,1,0.24473,0.00955,1,0.23610,0.37081,18.62128,0.98858,1,0.53956,0.41032,17.91074,0.98858,1,-0.06448,0.02397,0.64559,0.00323,1,0.01060,0.01610,0.64258,0.00306,1,0,0.00000,30
0.25310,0.04039,5275.99658,0.06152,11829,1,0.37763,0.03949,1,0.15471,0.01147,1,0.26617,0.02548,1,0.23614,0.37082,18.48091,0.98858,1,0.53946,0.41040,17.88249,0.98139,1,-0.06448,0.02397,0.64559,0.00335,1,0.01060,0.01610,0.64258,0.00309,1,0,0.00000,30
0.25365,0.04134,5275.99658,0.06738,11829,1,0.37979,0.03008,1,0.13846,0.07159,1,0.25912,0.05084,1,0.23601,0.37074,18.58909,0.98139,1,0.53942,0.41041,17.92101,0.97420,1,-0.06448,0.02397,0.64559,0.00331,1,0.01060,0.01610,0.64258,0.00307,1,0,0.00000,30
0.25442,0.04329,5275.99658,0.07422,11829,1,0.38366,0.04345,1,0.14229,0.08614,1,0.26297,0.06479,1,0.23603,0.37063,18.30495,0.96791,1,0.53945,0.41044,17.81518,0.96072,1,-0.06266,0.02319,0.62605,0.00333,1,0.01060,0.01610,0.64258,0.00311,1,0,0.00000,30
0.25459,0.04613,5275.99658,0.08105,11829,1,0.36794,0.07102,1,0.14534,0.08943,1,0.25664,0.08023,1,0.23585,0.37059,18.50308,0.95444,1,0.53925,0.41027,17.94384,0.95444,1,-0.06266,0.02319,0.62605,0.00322,1,0.01060,0.01610,0.64258,0.00304,1,0,0.00000,30
0.25560,0.04745,5275.99658,0.08740,11829,1,0.39425,0.05617,1,0.14314,0.07312,1,0.26870,0.06465,1,0.23604,0.37061,18.20576,0.94815,1,0.53928,0.41035,17.88106,0.94815,1,-0.06266,0.02319,0.62605,0.00335,1,0.01060,0.01610,0.64258,0.00309,1,0,0.00000,30
0.25641,0.04833,5275.99658,0.09375,11829,1,0.39425,0.05617,1,0.14108,0.06516,1,0.26767,0.06066,1,0.23614,0.37077,18.71843,0.94815,1,0.53972,0.41015,17.41128,0.95534,1,-0.06448,0.02397,0.64559,0.00325,1,0.01097,0.01643,0.65584,0.00313,1,0,0.00000,30
0.26182,0.04861,5275.99658,0.10107,11829,1,0.47876,0.06078,1,0.20727,0.04474,1,0.34302,0.05276,1,0.23828,0.37065,17.84429,0.96163,1,0.54125,0.41005,17.75987,0.96882,1,-0.06448,0.02397,0.64559,0.00333,1,0.01097,0.01643,0.65584,0.00315,1,0,0.00000,30
0.26907,0.04693,5275.99658,0.10742,11829,1,0.50661,0.04420,1,0.26346,-0.00414,1,0.38504,0.02003,1,0.23862,0.37050,18.42418,0.97510,1,0.54154,0.41012,18.24992,0.98229,1,-0.06448,0.02397,0.64559,0.00322,1,0.01097,0.01643,0.65584,0.00303,1,0,0.00000,30
0.27532,0.04421,5275.99658,0.11426,11829,1,0.50318,0.02341,1,0.26015,-0.02746,1,0.38166,-0.00203,1,0.23904,0.37040,18.36803,0.99561,1,0.54202,0.40993,18.12879,1.00280,1,-0.06668,0.02492,0.67117,0.00316,1,0.01128,0.01660,0.66268,0.00308,1,0,0.00000,30
0.27967,0.04032,5275.99658,0.12061,11829,1,0.47495,-0.00113,1,0.24077,-0.05834,1,0.35786,-0.02974,1,0.23913,0.37053,18.66174,1.00982,1,0.54194,0.41001,18.55904,1.00982,1,-0.06668,0.02492,0.67117,0.00331,1,0.01128,0.01660,0.66268,0.00304,1,0,0.00000,30
0.28444,0.03802,5275.99658,0.12744,11829,1,0.49896,0.04358,1,0.25110,-0.05486,1,0.37503,-0.00564,1,0.23898,0.37043,18.60743,1.01685,1,0.54194,0.41000,18.29075,1.01685,1,-0.06668,0.02492,0.67117,0.00327,1,0.01128,0.01660,0.66268,0.00305,1,0,0.00000,30
0.31648,0.03074,5275.99658,0.12744,11829,0,0.49778,0.03675,1,0.24993,-0.06294,1,0.37386,-0.01310,1,0.23910,0.37044,18.12797,1.02387,1,0.54184,0.40996,18.17829,1.02387,1,-0.06520,0.02441,0.65631,0.00342,1,0.01128,0.01660,0.66268,0.00303,1,0,0.00000,30
0.33993,0.00493,5275.99658,0.12744,11829,0,0.48271,0.03384,1,0.24408,-0.07561,1,0.36339,-0.02088,1,0.23906,0.37035,17.90978,1.02387,1,0.54184,0.40994,18.19816,1.02387,1,-0.06520,0.02441,0.65631,0.00342,1,0.01128,0.01660,0.66268,0.00304,1,0,0.00000,30
0.35039,-0.00404,5275.99658,0.12744,11829,0,0.49196,0.02534,1,0.25063,-0.06930,1,0.37129,-0.02198,1,0.23925,0.37041,18.45625,1.02387,1,0.54195,0.41001,18.28352,1.02387,1,-0.06520,0.02441,0.65631,0.00347,1,0.01128,0.01660,0.66268,0.00305,1,0,0.00000,30
0.35633,-0.00393,5276.13037,0.02051,11830,1,0.49426,0.03840,1,0.25404,-0.04558,1,0.37415,-0.00359,1,0.23909,0.37038,18.69847,1.01056,1,0.54192,0.40976,17.93344,1.00337,1,-0.06161,0.02303,0.62020,0.00328,1,0.01076,0.01577,0.62960,0.00303,1,0,0.00000,30
0.36164,-0.00262,5276.13037,0.02734,11830,1,0.49596,0.03929,1,0.26983,-0.03405,1,0.38290,0.00262,1,0.23911,0.37038,18.67080,0.99006,1,0.54212,0.40983,17.86253,0.98287,1,-0.06161,0.02303,0.62020,0.00329,1,0.01076,0.01577,0.62960,0.00307,1,0,0.00000,30
0.36590,0.00101,5276.13037,0.03369,11830,1,0.49989,0.06033,1,0.27446,-0.02202,1,0.38718,0.01915,1,0.23912,0.37038,18.68469,0.96956,1,0.54227,0.40977,17.60985,0.96237,1,-0.06161,0.02303,0.62020,0.00328,1,0.01076,0.01577,0.62960,0.00304,1,0,0.00000,30
0.36927,0.00582,5276.13037,0.04004,11830,1,0.50239,0.07460,1,0.27666,-0.00527,1,0.38953,0.03466,1,0.23912,0.37038,18.68469,0.95534,1,0.54227,0.40977,17.60985,0.94815,1,-0.06161,0.02303,0.62020,0.00328,1,0.01076,0.01577,0.62960,0.00304,1,0,0.00000,30
0.37053,0.01032,5276.13037,0.04736,11830,1,0.50985,0.08126,1,0.24884,0.00243,1,0.37934,0.04184,1,0.23908,0.37035,18.53004,0.95444,1,0.54234,0.40984,17.59375,0.95444,1,-0.06161,0.02303,0.62020,0.00336,1,0.01076,0.01577,0.62960,0.00307,1,0,0.00000,30
0.37212,0.01401,5276.13037,0.05371,11830,1,0.51313,0.07775,1,0.25658,0.00931,1,0.38486,0.04353,1,0.23908,0.37035,18.53004,0.96072,1,0.54225,0.41000,18.03337,0.96072,1,-0.06161,0.02303,0.62020,0.00336,1,0.01076,0.01577,0.62960,0.00302,1,0,0.00000,30
0.37329,0.01629,5276.13037,0.06152,11830,1,0.51210,0.07148,1,0.25550,0.00209,1,0.38380,0.03678,1,0.23915,0.37038,18.64245,0.96701,1,0.54226,0.40998,17.86145,0.96701,1,-0.06161,0.02303,0.62020,0.00332,1,0.01076,0.01577,0.62960,0.00303,1,0,0.00000,30
0.37391,0.01627,5276.13037,0.06738,11830,1,0.48961,0.04843,1,0.27070,-0.01616,1,0.38015,0.01614,1,0.23924,0.37029,18.77703,0.96701,1,0.54241,0.40988,18.23128,0.96701,1,-0.06161,0.02303,0.62020,0.00331,1,0.01076,0.01577,0.62960,0.00300,1,0,0.00000,30
0.37329,0.01734,5276.13037,0.07373,11830,1,0.49110,0.05192,1,0.24162,0.00629,1,0.36636,0.02910,1,0.23926,0.37029,18.78115,0.96701,1,0.54244,0.40989,18.12732,0.96701,1,-0.06161,0.02303,0.62020,0.00331,1,0.01076,0.01577,0.62960,0.00301,1,0,0.00000,30
0.37260,0.01735,5276.13037,0.08057,11830,1,0.48981,0.04481,1,0.23899,-0.01002,1,0.36440,0.01740,1,0.23932,0.37018,18.53756,0.97404,1,0.54266,0.41001,17.97092,0.98123,1,-0.06161,0.02303,0.62020,0.00331,1,0.01131,0.01650,0.65866,0.00306,1,0,0.00000,30
0.37240,0.01523,5276.13037,0.08740,11830,1,0.49100,0.01684,1,0.24865,-0.04138,1,0.36982,-0.01227,1,0.23936,0.37013,18.67900,0.98825,1,0.54256,0.40990,18.04890,0.99544,1,-0.06161,0.02303,0.62020,0.00330,1,0.01131,0.01650,0.65866,0.00303,1,0,0.00000,30
0.37252,0.01255,5276.13037,0.09424,11830,1,0.49682,-0.00316,1,0.25135,-0.04678,1,0.37409,-0.02497,1,0.23938,0.37012,18.60186,1.00247,1,0.54255,0.40988,17.92027,1.00966,1,-0.06161,0.02303,0.62020,0.00330,1,0.01131,0.01650,0.65866,0.00304,1,0,0.00000,30
0.37246,0.00924,5276.13037,0.10107,11830,1,0.49438,-0.01780,1,0.24896,-0.06314,1,0.37167,-0.04047,1,0.23942,0.37011,18.68837,1.01668,1,0.54266,0.41001,18.17417,1.02387,1,-0.06161,0.02303,0.62020,0.00330,1,0.01148,0.01661,0.66308,0.00301,1,0,0.00000,30
0.37184,0.00687,5276.13037,0.10889,11830,1,0.47353,-0.01233,1,0.25025,-0.04964,1,0.36189,-0.03099,1,0.23947,0.37009,18.75334,1.02387,1,0.54288,0.41006,18.26840,1.02387,1,-0.06161,0.02303,0.62020,0.00326,1,0.01148,0.01661,0.66308,0.00301,1,0,0.00000,30
0.37175,0.00443,5276.13037,0.11426,11830,1,0.47207,-0.02302,1,0.26833,-0.05127,1,0.37020,-0.03715,1,0.23953,0.37013,18.67421,1.02387,1,0.54303,0.41004,17.98001,1.02387,1,-0.06161,0.02303,0.62020,0.00324,1,0.01148,0.01661,0.66308,0.00297,1,0,0.00000,30
0.37176,0.00285,5276.13037,0.12109,11830,1,0.47341,-0.01585,1,0.27047,-0.03511,1,0.37194,-0.02548,1,0.23961,0.37013,18.63635,1.01685,1,0.54306,0.40994,17.78970,1.00966,1,-0.06161,0.02303,0.62020,0.00322,1,0.01122,0.01615,0.64483,0.00296,1,0,0.00000,30
0.37145,0.00291,5276.13037,0.12744,11830,1,0.48332,0.01487,1,0.24765,-0.00675,1,0.36549,0.00406,1,0.23975,0.37019,18.42399,1.00263,1,0.54306,0.40991,17.86092,0.99544,1,-0.06161,0.02303,0.62020,0.00331,1,0.01122,0.01615,0.64483,0.00295,1,0,0.00000,30
0.37147,0.00320,5276.13037,0.13428,11830,1,0.49118,0.01590,1,0.25284,0.00191,1,0.37201,0.00890,1,0.23974,0.37016,18.34123,0.98842,1,0.54299,0.40998,18.06901,0.98123,1,-0.06161,0.02303,0.62020,0.00333,1,0.01122,0.01615,0.64483,0.00295,1,0,0.00000,30
0.37161,0.00416,5276.13037,0.14111,11830,1,0.49374,0.03048,1,0.25529,0.01801,1,0.37452,0.02425,1,0.23962,0.37011,18.49512,0.97420,1,0.54307,0.41005,17.87203,0.96701,1,-0.06400,0.02402,0.64564,0.00323,1,0.01122,0.01615,0.64483,0.00299,1,0,0.00000,30
0.37192,0.00490,5276.13037,0.14795,11830,1,0.50036,0.03214,1,0.25725,0.01021,1,0.37881,0.02117,1,0.23985,0.37020,18.24157,0.96701,1,0.54310,0.41006,17.83831,0.96701,1,-0.06400,0.02402,0.64564,0.00328,1,0.01122,0.01615,0.64483,0.00298,1,0,0.00000,30
0.37219,0.00527,5276.13037,0.15381,11830,1,0.49692,0.02590,1,0.25959,0.00189,1,0.37825,0.01389,1,0.23984,0.37020,18.23419,0.96701,1,0.54312,0.41006,17.80345,0.96701,1,-0.06400,0.02402,0.64564,0.00328,1,0.01122,0.01615,0.64483,0.00295,1,0,0.00000,30
0.37243,0.00561,5276.13037,0.16113,11830,1,0.49692,0.02590,1,0.25959,0.00189,1,0.37825,0.01389,1,0.23975,0.37012,18.28188,0.96701,1,0.54312,0.41006,17.89099,0.96701,1,-0.06281,0.02362,0.63369,0.00320,1,0.01122,0.01615,0.64483,0.00295,1,0,0.00000,30
0.37269,0.00697,5276.13037,0.16797,11830,1,0.49593,0.07711,1,0.26254,0.00476,1,0.37924,0.04093,1,0.23974,0.37008,18.23220,0.96701,1,0.54312,0.41002,17.86732,0.96701,1,-0.06281,0.02362,0.63369,0.00320,1,0.01122,0.01615,0.64483,0.00296,1,0,0.00000,30
0.37296,0.00705,5276.13037,0.17432,11830,1,0.49725,0.01319,1,0.26254,0.00476,1,0.37989,0.00897,1,0.23971,0.37003,18.17345,0.96701,1,0.54312,0.41002,17.86732,0.96701,1,-0.06281,0.02362,0.63369,0.00325,1,0.01122,0.01615,0.64483,0.00296,1,0,0.00000,30
0.37321,0.00712,5276.13037,0.18115,11830,1,0.49725,0.01319,1,0.26254,0.00476,1,0.37989,0.00897,1,0.23971,0.37003,18.17345,0.96701,1,0.54312,0.41002,17.78041,0.96701,1,-0.06281,0.02353,0.63369,0.00325,1,0.01122,0.01615,0.64483,0.00296,1,0,0.00000,30
0.37342,0.00643,5276.13037,0.18799,11830,1,0.49689,0.03294,1,0.26214,-0.05834,1,0.37951,-0.01270,1,0.23975,0.37011,18.23429,0.96701,1,0.54312,0.41002,17.86732,0.96701,1,-0.06281,0.02353,0.63369,0.00320,1,0.01122,0.01615,0.64483,0.00296,1,0,0.00000,30
0.37347,0.00524,5276.13037,0.19482,11830,1,0.49099,0.01883,1,0.25850,-0.07768,1,0.37474,-0.02942,1,0.23975,0.37011,18.23429,0.96701,1,0.54312,0.41006,17.89099,0.96701,1,-0.06281,0.02353,0.63369,0.00320,1,0.01122,0.01615,0.64483,0.00295,1,0,0.00000,30
0.37347,0.00386,5276.13037,0.20117,11830,1,0.48969,0.01150,1,0.25732,-0.08635,1,0.37351,-0.03742,1,0.23977,0.37012,18.18627,0.97404,1,0.54312,0.41006,17.89099,0.97404,1,-0.06526,0.02447,0.65783,0.00323,1,0.01122,0.01615,0.64483,0.00295,1,0,0.00000,30
0.37341,0.00279,5276.13037,0.20801,11830,1,0.48158,0.01248,1,0.26139,-0.07306,1,0.37149,-0.03029,1,0.23982,0.37011,18.12156,0.98106,1,0.54308,0.41000,17.83372,0.98106,1,-0.06526,0.02447,0.65783,0.00323,1,0.01122,0.01615,0.64483,0.00298,1,0,0.00000,30
0.37326,0.00154,5276.13037,0.21484,11830,1,0.47920,0.00722,1,0.25812,-0.08424,1,0.36866,-0.03851,1,0.23971,0.37016,18.32467,0.98809,1,0.54306,0.40994,17.88241,0.98809,1,-0.06526,0.02447,0.65783,0.00321,1,0.01122,0.01615,0.64483,0.00293,1,0,0.00000,30
0.37316,0.00057,5276.13037,0.22168,11830,1,0.48040,0.01370,1,0.25916,-0.07661,1,0.36978,-0.03146,1,0.23971,0.37016,18.32467,0.98180,1,0.54307,0.40994,17.77829,0.98180,1,-0.06161,0.02314,0.62206,0.00321,1,0.01122,0.01615,0.64483,0.00293,1,0,0.00000,30
0.37469,0.00074,5276.13037,0.22754,11830,1,0.54231,0.04112,1,0.31110,-0.02802,1,0.42670,0.00655,1,0.24044,0.37027,18.91671,0.96849,1,0.54400,0.41009,17.29523,0.96849,1,-0.06161,0.02314,0.62206,0.00312,1,0.01122,0.01615,0.64483,0.00298,1,0,0.00000,30
0.37725,0.00082,5276.13037,0.23486,11830,1,0.58339,0.04877,1,0.35023,-0.04177,1,0.46681,0.00350,1,0.24192,0.37014,18.75294,0.95518,1,0.54489,0.40995,16.75582,0.95518,1,-0.06161,0.02314,0.62206,0.00311,1,0.01122,0.01615,0.64483,0.00293,1,0,0.00000,30
0.37970,0.00130,5276.13037,0.24170,11830,1,0.58467,0.06277,1,0.35133,-0.02581,1,0.46800,0.01848,1,0.24230,0.37010,18.88133,0.94187,1,0.54536,0.40984,17.42024,0.94187,1,-0.05723,0.02158,0.58138,0.00315,1,0.01167,0.01624,0.64844,0.00296,1,0,0.00000,30
0.40669,-0.01196,5276.13037,0.24170,11830,0,0.62967,0.06038,1,0.41296,-0.08069,1,0.52132,-0.01016,1,0.24346,0.37010,18.92451,0.94187,1,0.54639,0.40962,16.94174,0.94187,1,-0.05723,0.02158,0.58138,0.00318,1,0.01167,0.01624,0.64844,0.00297,1,0,0.00000,30
0.46724,0.00929,5276.13037,0.24170,11830,0,0.65503,0.07197,1,0.40053,-0.01088,1,0.52778,0.03055,1,0.24372,0.37019,19.07669,0.94187,1,0.54659,0.40971,16.96838,0.94187,1,-0.05723,0.02158,0.58138,0.00313,1,0.01167,0.01624,0.64844,0.00296,1,0,0.00000,30
0.48728,0.01141,5276.13037,0.24170,11830,0,0.65468,0.05785,1,0.40007,-0.02655,1,0.52737,0.01565,1,0.24386,0.37017,18.88999,0.95518,1,0.54669,0.40977,17.00126,0.95518,1,-0.06457,0.02439,0.65685,0.00316,1,0.01167,0.01624,0.64844,0.00294,1,0,0.00000,30
0.52523,0.01439,5276.13037,0.24170,11830,0,0.63702,0.03665,1,0.40406,-0.04271,1,0.52054,-0.00303,1,0.24376,0.37020,18.88028,0.96849,1,0.54657,0.40981,16.64879,0.96849,1,-0.06457,0.02439,0.65685,0.00316,1,0.01167,0.01624,0.64844,0.00297,1,0,0.00000,30
0.52240,-0.02021,5276.13037,0.24170,11830,0,0.64026,0.00844,1,0.39888,-0.11805,1,0.51957,-0.05481,1,0.24369,0.37012,18.91689,0.98180,1,0.54654,0.40983,16.82621,0.98180,1,-0.06457,0.02439,0.65685,0.00313,1,0.01167,0.01624,0.64844,0.00297,1,0,0.00000,30
0.52129,-0.03732,5276.13037,0.24170,11830,0,0.64001,0.00166,1,0.39814,-0.14477,1,0.51908,-0.07156,1,0.24369,0.37012,18.91689,0.98809,1,0.54654,0.40983,16.82621,1.00337,1,-0.06318,0.02384,0.64223,0.00313,1,0.01252,0.01728,0.68975,0.00297,1,0,0.00000,30
0.52090,-0.04818,5276.39893,0.02002,11831,1,0.63056,-0.00362,1,0.40889,-0.15785,1,0.51973,-0.08074,1,0.24375,0.37011,18.90195,0.99634,1,0.54673,0.40983,16.92344,1.01162,1,-0.06318,0.02384,0.64223,0.00311,1,0.01252,0.01728,0.68975,0.00295,1,0,0.00000,30
0.52224,-0.05556,5276.39893,0.02686,11831,1,0.64492,-0.01804,1,0.41029,-0.15216,1,0.52761,-0.08510,1,0.24377,0.37006,18.92838,1.00459,1,0.54684,0.40972,17.02003,1.01987,1,-0.06318,0.02384,0.64223,0.00310,1,0.01252,0.01728,0.68975,0.00291,1,0,0.00000,30
0.52313,-0.06051,5276.39893,0.03369,11831,1,0.64464,-0.02696,1,0.41045,-0.14356,1,0.52755,-0.08526,1,0.24375,0.37010,18.86374,1.01285,1,0.54692,0.40977,17.20228,1.01285,1,-0.06318,0.02384,0.64223,0.00311,1,0.01161,0.01589,0.63447,0.00290,1,0,0.00000,30
0.52249,-0.06383,5276.39893,0.04053,11831,1,0.64436,-0.02734,1,0.39296,-0.14016,1,0.51866,-0.08375,1,0.24383,0.37003,18.78971,1.01285,1,0.54694,0.40965,17.16865,0.99757,1,-0.06318,0.02384,0.64223,0.00312,1,0.01161,0.01589,0.63447,0.00287,1,0,0.00000,30
0.52187,-0.06308,5276.39893,0.04688,11831,1,0.64516,-0.01045,1,0.38988,-0.10525,1,0.51752,-0.05785,1,0.24383,0.37004,18.81445,0.99757,1,0.54694,0.40965,17.16865,0.98229,1,-0.06318,0.02384,0.64223,0.00311,1,0.01161,0.01589,0.63447,0.00287,1,0,0.00000,30
0.52145,-0.06054,5276.39893,0.05371,11831,1,0.64568,0.00607,1,0.39053,-0.08652,1,0.51811,-0.04022,1,0.24383,0.36991,19.02983,0.98229,1,0.54700,0.40990,17.12061,0.96701,1,-0.06318,0.02384,0.64223,0.00312,1,0.01161,0.01585,0.63447,0.00292,1,0,0.00000,30
0.52215,-0.05805,5276.39893,0.06055,11831,1,0.65425,0.01961,1,0.40275,-0.09090,1,0.52850,-0.03565,1,0.24384,0.37011,19.19170,0.96701,1,0.54715,0.40979,16.78261,0.96701,1,-0.06318,0.02384,0.64223,0.00316,1,0.01161,0.01585,0.63447,0.00292,1,0,0.00000,30
0.52329,-0.05498,5276.39893,0.06738,11831,1,0.65913,0.02697,1,0.41009,-0.07544,1,0.53461,-0.02424,1,0.24384,0.37001,19.13215,0.96701,1,0.54723,0.40987,16.61962,0.96701,1,-0.06318,0.02384,0.64223,0.00314,1,0.01161,0.01585,0.63447,0.00291,1,0,0.00000,30
0.52424,-0.05182,5276.39893,0.07373,11831,1,0.65927,0.03376,1,0.41024,-0.06782,1,0.53476,-0.01703,1,0.24385,0.37001,19.20105,0.96073,1,0.54724,0.40980,16.60787,0.96073,1,-0.06043,0.02286,0.61573,0.00314,1,0.01161,0.01585,0.63447,0.00292,1,0,0.00000,30
0.52572,-0.04914,5276.39893,0.08105,11831,1,0.66716,0.01895,1,0.41962,-0.05289,1,0.54339,-0.01697,1,0.24391,0.37003,18.99486,0.95444,1,0.54736,0.40978,16.98092,0.95444,1,-0.06043,0.02286,0.61573,0.00316,1,0.01161,0.01585,0.63447,0.00291,1,0,0.00000,30
0.52708,-0.04696,5276.39893,0.08740,11831,1,0.67140,0.01943,1,0.41830,-0.05670,1,0.54485,-0.01863,1,0.24401,0.36994,19.01218,0.94815,1,0.54733,0.40981,17.11964,0.94815,1,-0.06043,0.02286,0.61573,0.00314,1,0.01161,0.01585,0.63447,0.00292,1,0,0.00000,30
0.52827,-0.04507,5276.39893,0.09375,11831,1,0.67140,0.01943,1,0.41830,-0.05670,1,0.54485,-0.01863,1,0.24401,0.36997,19.02103,0.94815,1,0.54736,0.40983,17.04065,0.94815,1,-0.06235,0.02365,0.63579,0.00312,1,0.01161,0.01585,0.63447,0.00295,1,0,0.00000,30
0.52802,-0.04282,5276.39893,0.10059,11831,1,0.64559,0.05810,1,0.40312,-0.07622,1,0.52436,-0.00906,1,0.24411,0.36995,18.80471,0.95444,1,0.54742,0.40981,16.83090,0.95444,1,-0.06235,0.02365,0.63579,0.00312,1,0.01161,0.01585,0.63447,0.00296,1,0,0.00000,30
0.52792,-0.04129,5276.39893,0.10693,11831,1,0.64556,0.05734,1,0.40699,-0.09096,1,0.52628,-0.01681,1,0.24418,0.36985,18.68724,0.96073,1,0.54743,0.40983,16.82158,0.96073,1,-0.06235,0.02365,0.63579,0.00310,1,0.01161,0.01585,0.63447,0.00296,1,0,0.00000,30
0.52781,-0.04085,5276.39893,0.11377,11831,1,0.64534,0.05072,1,0.40640,-0.11764,1,0.52587,-0.03346,1,0.24417,0.36970,18.75991,0.96701,1,0.54750,0.40975,17.00678,0.98229,1,-0.06235,0.02365,0.63579,0.00314,1,0.01261,0.01712,0.68344,0.00297,1,0,0.00000,30
0.52825,-0.04064,5276.39893,0.12061,11831,1,0.65913,0.00378,1,0.41337,-0.07734,1,0.53625,-0.03678,1,0.24428,0.36963,18.90147,0.98229,1,0.54765,0.40961,17.03003,0.99757,1,-0.06235,0.02365,0.63579,0.00316,1,0.01261,0.01712,0.68344,0.00294,1,0,0.00000,30
0.52844,-0.04132,5276.39893,0.12695,11831,1,0.65185,-0.02507,1,0.41236,-0.08336,1,0.53211,-0.05421,1,0.24434,0.36955,18.69396,0.99757,1,0.54765,0.40961,17.03003,1.01285,1,-0.06235,0.02365,0.63579,0.00317,1,0.01261,0.01712,0.68344,0.00294,1,0,0.00000,30
0.52861,-0.04233,5276.39893,0.13379,11831,1,0.65143,-0.04183,1,0.41236,-0.08336,1,0.53189,-0.06259,1,0.24429,0.36963,18.74069,1.01285,1,0.54762,0.40955,16.89051,1.01285,1,-0.06328,0.02405,0.64528,0.00318,1,0.01186,0.01597,0.63766,0.00294,1,0,0.00000,30
0.52925,-0.04386,5276.39893,0.14062,11831,1,0.66108,-0.04476,1,0.42430,-0.10727,1,0.54269,-0.07602,1,0.24430,0.36961,18.73162,1.01285,1,0.54774,0.40950,16.59524,0.99757,1,-0.06328,0.02405,0.64528,0.00318,1,0.01186,0.01597,0.63766,0.00295,1,0,0.00000,30
0.52902,-0.04446,5276.39893,0.14697,11831,1,0.65720,-0.02588,1,0.39068,-0.08932,1,0.52394,-0.05760,1,0.24430,0.36948,18.90229,0.99757,1,0.54769,0.40944,16.68678,0.98229,1,-0.06328,0.02405,0.64528,0.00309,1,0.01186,0.01597,0.63766,0.00299,1,0,0.00000,30
0.52883,-0.04427,5276.39893,0.15381,11831,1,0.65755,-0.00909,1,0.39132,-0.07083,1,0.52444,-0.03996,1,0.24424,0.36939,18.80002,0.98229,1,0.54769,0.40944,16.68678,0.96701,1,-0.06235,0.02375,0.63579,0.00309,1,0.01186,0.01597,0.63766,0.00299,1,0,0.00000,30
0.52836,-0.04344,5276.39893,0.16016,11831,1,0.63368,-0.03006,1,0.40087,-0.01685,1,0.51727,-0.02346,1,0.24443,0.36928,19.07700,0.96701,1,0.54782,0.40946,16.61880,0.96701,1,-0.06235,0.02375,0.63579,0.00315,1,0.01186,0.01597,0.63766,0.00302,1,0,0.00000,30
0.52790,-0.04289,5276.39893,0.16748,11831,1,0.63387,-0.03094,1,0.39870,-0.02716,1,0.51629,-0.02905,1,0.24438,0.36924,19.22325,0.96701,1,0.54785,0.40923,16.35906,0.96701,1,-0.06235,0.02375,0.63579,0.00313,1,0.01186,0.01597,0.63766,0.00309,1,0,0.00000,30
0.52747,-0.04237,5276.39893,0.17334,11831,1,0.63387,-0.03094,1,0.39870,-0.02716,1,0.51629,-0.02905,1,0.24438,0.36917,18.97081,0.96701,1,0.54784,0.40926,16.39084,0.96701,1,-0.06235,0.02375,0.63579,0.00314,1,0.01186,0.01597,0.63766,0.00308,1,0,0.00000,30
0.52741,-0.04233,5276.39893,0.18066,11831,1,0.64286,-0.04079,1,0.40850,-0.04139,1,0.52568,-0.04109,1,0.24448,0.36926,18.88263,0.96701,1,0.54796,0.40932,16.34920,0.96701,1,-0.06235,0.02375,0.63579,0.00314,1,0.01186,0.01597,0.63766,0.00299,1,0,0.00000,30
0.52743,-0.04140,5276.39893,0.18750,11831,1,0.64295,0.01484,1,0.41322,-0.04569,1,0.52809,-0.01542,1,0.24448,0.36913,19.13334,0.96701,1,0.54794,0.40929,16.39575,0.96701,1,-0.06235,0.02375,0.63579,0.00311,1,0.01186,0.01597,0.63766,0.00300,1,0,0.00000,30
0.52745,-0.04053,5276.39893,0.19434,11831,1,0.64295,0.01484,1,0.41322,-0.04569,1,0.52809,-0.01542,1,0.24456,0.36908,18.91541,0.96701,1,0.54801,0.40920,16.31890,0.96701,1,-0.06328,0.02415,0.64528,0.00313,1,0.01186,0.01597,0.63766,0.00296,1,0,0.00000,30
0.52751,-0.04038,5276.39893,0.20117,11831,1,0.64783,-0.01109,1,0.41056,-0.06040,1,0.52919,-0.03575,1,0.24458,0.36889,18.97163,0.96701,1,0.54800,0.40909,16.32277,0.96701,1,-0.06328,0.02415,0.64528,0.00316,1,0.01186,0.01597,0.63766,0.00299,1,0,0.00000,30
0.52763,-0.04020,5276.39893,0.20752,11831,1,0.64783,-0.01109,1,0.41475,-0.05814,1,0.53129,-0.03461,1,0.24456,0.36891,19.13438,0.96701,1,0.54800,0.40907,16.28684,0.96701,1,-0.06328,0.02415,0.64528,0.00315,1,0.01186,0.01597,0.63766,0.00301,1,0,0.00000,30
0.52774,-0.04003,5276.39893,0.21436,11831,1,0.64783,-0.01109,1,0.41475,-0.05814,1,0.53129,-0.03461,1,0.24454,0.36889,19.15626,0.96701,1,0.54806,0.40912,16.48693,0.96701,1,-0.06328,0.02415,0.64528,0.00316,1,0.01186,0.01597,0.63766,0.00303,1,0,0.00000,30
0.52813,-0.03973,5276.39893,0.22070,11831,1,0.65626,0.00067,1,0.42567,-0.06015,1,0.54097,-0.02974,1,0.24463,0.36885,19.30880,0.96701,1,0.54807,0.40916,16.49199,0.96701,1,-0.06328,0.02415,0.64528,0.00316,1,0.01186,0.01597,0.63766,0.00303,1,0,0.00000,29
0.52848,-0.03987,5276.39893,0.22754,11831,1,0.65583,-0.01509,1,0.42533,-0.07410,1,0.54058,-0.04460,1,0.24461,0.36889,19.44545,0.96701,1,0.54811,0.40914,16.37743,0.96701,1,-0.06328,0.02415,0.64528,0.00315,1,0.01186,0.01597,0.63766,0.00304,1,0,0.00000,29
0.52882,-0.04000,5276.39893,0.23438,11831,1,0.65583,-0.01509,1,0.42533,-0.07410,1,0.54058,-0.04460,1,0.24462,0.36890,19.32118,0.96701,1,0.54804,0.40915,16.47694,0.96701,1,-0.06328,0.02415,0.64528,0.00315,1,0.01186,0.01597,0.63766,0.00297,1,0,0.00000,29
0.52936,-0.04010,5276.39893,0.24072,11831,1,0.66762,-0.02711,1,0.43021,-0.06058,1,0.54891,-0.04385,1,0.24462,0.36890,19.32118,0.96701,1,0.54807,0.40911,16.40625,0.96701,1,-0.06328,0.02415,0.64528,0.00315,1,0.01186,0.01597,0.63766,0.00301,1,0,0.00000,29
0.53007,-0.03987,5276.39893,0.24756,11831,1,0.68621,0.00095,1,0.42670,-0.06380,1,0.55646,-0.03142,1,0.24501,0.36894,18.65913,0.96701,1,0.54838,0.40931,16.83019,0.96701,1,-0.06328,0.02415,0.64528,0.00316,1,0.01186,0.01597,0.63766,0.00305,1,0,0.00000,29
0.53075,-0.03966,5276.39893,0.25439,11831,1,0.68621,0.00095,1,0.42670,-0.06380,1,0.55646,-0.03142,1,0.24519,0.36885,19.09181,0.96701,1,0.54880,0.40909,16.26078,0.96701,1,-0.06222,0.02389,0.63836,0.00314,1,0.01218,0.01614,0.64440,0.00308,1,0,0.00000,29
0.53431,-0.03857,5276.39893,0.26123,11831,1,0.77761,0.04224,1,0.56869,-0.03459,1,0.67315,0.00382,1,0.24786,0.36930,19.13648,0.96701,1,0.55071,0.40928,16.63052,0.96701,1,-0.06222,0.02389,0.63836,0.00327,1,0.01218,0.01614,0.64440,0.00319,1,0,0.00000,29
0.56699,-0.03200,5276.39893,0.26123,11831,0,0.84171,-0.01205,1,0.61204,-0.07151,1,0.72688,-0.04178,1,0.24961,0.36921,18.69531,0.96701,1,0.55219,0.40927,17.30083,0.96701,1,-0.06222,0.02389,0.63836,0.00318,1,0.01218,0.01614,0.64440,0.00311,1,0,0.00000,29
0.64723,-0.03902,5276.39893,0.26123,11831,0,0.84171,-0.01205,1,0.61324,-0.08002,1,0.72747,-0.04603,1,0.25013,0.36936,18.62250,0.96701,1,0.55291,0.40940,17.59657,0.97420,1,-0.06171,0.02392,0.63902,0.00324,1,0.01292,0.01654,0.66043,0.00318,1,0,0.00000,29
0.68075,-0.05068,5276.39893,0.26123,11831,0,0.87279,-0.02354,1,0.62278,-0.12447,1,0.74779,-0.07401,1,0.25114,0.36910,18.60273,0.97420,1,0.55349,0.40868,17.34009,0.98139,1,-0.06171,0.02392,0.63902,0.00322,1,0.01292,0.01654,0.66043,0.00322,1,0,0.00000,29
0.74146,-0.06882,5276.39893,0.26123,11831,0,0.87293,-0.04435,1,0.62531,-0.12849,1,0.74912,-0.08642,1,0.25104,0.36916,18.67718,0.98139,1,0.55354,0.40879,17.12723,0.98858,1,-0.06171,0.02392,0.63902,0.00326,1,0.01292,0.01654,0.66043,0.00325,1,0,0.00000,29
0.74624,-0.08400,5276.39893,0.26123,11831,0,0.87549,-0.06137,1,0.62653,-0.13701,1,0.75101,-0.09919,1,0.25106,0.36924,18.50982,0.99561,1,0.55367,0.40904,17.46530,0.99561,1,-0.06410,0.02486,0.66428,0.00326,1,0.01257,0.01590,0.63488,0.00327,1,0,0.00000,29
0.74489,-0.08784,5276.39893,0.26123,11831,0,0.86156,-0.06561,1,0.62287,-0.12541,1,0.74221,-0.09551,1,0.25090,0.36907,18.15894,1.00263,1,0.55353,0.40901,17.35607,0.99544,1,-0.06410,0.02486,0.66428,0.00331,1,0.01257,0.01590,0.63488,0.00331,1,0,0.00000,29
0.74559,-0.08824,5276.68652,0.02100,11832,1,0.86510,-0.05643,1,0.63022,-0.12242,1,0.74766,-0.08942,1,0.25088,0.36925,18.24311,1.00247,1,0.55362,0.40915,17.40270,0.99528,1,-0.06410,0.02486,0.66428,0.00320,1,0.01257,0.01590,0.63488,0.00330,1,0,0.00000,29
0.74575,-0.08676,5276.68652,0.02686,11832,1,0.86389,-0.04794,1,0.62894,-0.11381,1,0.74641,-0.08087,1,0.25092,0.36931,18.46463,0.99528,1,0.55366,0.40914,17.37796,0.98809,1,-0.06171,0.02392,0.63902,0.00318,1,0.01257,0.01590,0.63488,0.00322,1,0,0.00000,29
0.74440,-0.08412,5276.68652,0.03369,11832,1,0.85268,-0.02963,1,0.62263,-0.11221,1,0.73765,-0.07092,1,0.25078,0.36937,18.13044,0.98106,1,0.55345,0.40894,16.95830,0.98106,1,-0.06171,0.02392,0.63902,0.00326,1,0.01257,0.01590,0.63488,0.00330,1,0,0.00000,29
0.74349,-0.08145,5276.68652,0.04053,11832,1,0.85192,-0.02371,1,0.62407,-0.10713,1,0.73799,-0.06542,1,0.25081,0.36934,18.03292,0.97404,1,0.55343,0.40898,16.96106,0.97404,1,-0.06171,0.02392,0.63902,0.00331,1,0.01257,0.01590,0.63488,0.00327,1,0,0.00000,29
0.74265,-0.07840,5276.68652,0.04688,11832,1,0.85077,-0.01544,1,0.62283,-0.09864,1,0.73680,-0.05704,1,0.25082,0.36942,18.07959,0.96701,1,0.55343,0.40898,16.96106,0.96701,1,-0.06185,0.02392,0.64049,0.00328,1,0.01257,0.01590,0.63488,0.00327,1,0,0.00000,29
0.74482,-0.08193,5276.68652,0.05371,11832,1,0.90140,-0.00428,1,0.62289,-0.21606,1,0.76214,-0.11017,1,0.25050,0.36951,18.01455,0.96701,1,0.55351,0.40908,16.71620,0.96701,1,-0.06185,0.02392,0.64049,0.00331,1,0.01257,0.01590,0.63488,0.00326,1,0,0.00000,29
0.74615,-0.08372,5276.68652,0.06055,11832,1,0.90023,-0.00314,1,0.61602,-0.19659,1,0.75812,-0.09987,1,0.25048,0.36953,18.16259,0.96701,1,0.55342,0.40922,16.80579,0.96701,1,-0.06185,0.02392,0.64049,0.00326,1,0.01257,0.01590,0.63488,0.00323,1,0,0.00000,29
0.74724,-0.08519,5276.68652,0.06738,11832,1,0.90023,-0.00314,1,0.61602,-0.19659,1,0.75812,-0.09987,1,0.25033,0.36949,17.94493,0.96701,1,0.55342,0.40922,16.80579,0.96701,1,-0.06184,0.02388,0.63932,0.00324,1,0.01257,0.01590,0.63488,0.00323,1,0,0.00000,29
0.74833,-0.08663,5276.68652,0.07422,11832,1,0.89844,-0.00329,1,0.62237,-0.20170,1,0.76041,-0.10250,1,0.25041,0.36951,17.89592,0.96701,1,0.55342,0.40915,16.73977,0.96701,1,-0.06184,0.02388,0.63932,0.00323,1,0.01257,0.01590,0.63488,0.00321,1,0,0.00000,29
0.74926,-0.08783,5276.68652,0.08105,11832,1,0.89281,-0.00123,1,0.62807,-0.20322,1,0.76044,-0.10222,1,0.25037,0.36952,18.07533,0.96701,1,0.55341,0.40911,16.69629,0.96701,1,-0.06184,0.02388,0.63932,0.00323,1,0.01257,0.01590,0.63488,0.00320,1,0,0.00000,29
0.75006,-0.08886,5276.68652,0.08740,11832,1,0.89281,-0.00123,1,0.62807,-0.20322,1,0.76044,-0.10222,1,0.25037,0.36952,18.07533,0.96701,1,0.55347,0.40916,16.95959,0.96701,1,-0.06184,0.02388,0.63932,0.00323,1,0.01257,0.01590,0.63488,0.00318,1,0,0.00000,29
0.75054,-0.08996,5276.68652,0.09424,11832,1,0.88580,-0.01192,1,0.62862,-0.19892,1,0.75721,-0.10542,1,0.25037,0.36952,18.07533,0.96701,1,0.55347,0.40916,16.95959,0.96701,1,-0.06184,0.02388,0.63932,0.00323,1,0.01257,0.01590,0.63488,0.00318,1,0,0.00000,29
0.75162,-0.09153,5276.68652,0.10107,11832,1,0.90105,-0.02952,1,0.63457,-0.20054,1,0.76781,-0.11503,1,0.25046,0.36941,18.24780,0.96701,1,0.55351,0.40905,16.91188,0.96701,1,-0.06184,0.02388,0.63932,0.00316,1,0.01257,0.01590,0.63488,0.00315,1,0,0.00000,29
0.75257,-0.09291,5276.68652,0.10742,11832,1,0.90105,-0.02952,1,0.63457,-0.20054,1,0.76781,-0.11503,1,0.25051,0.36948,18.03878,0.96701,1,0.55354,0.40892,16.82501,0.96701,1,-0.06184,0.02388,0.63932,0.00317,1,0.01257,0.01590,0.63488,0.00321,1,0,0.00000,29
0.75352,-0.09266,5276.68652,0.11572,11832,1,0.89865,-0.02586,1,0.64047,-0.15096,1,0.76956,-0.08841,1,0.25060,0.36950,17.89273,0.96701,1,0.55359,0.40883,16.69900,0.96701,1,-0.06184,0.02388,0.63932,0.00317,1,0.01257,0.01590,0.63488,0.00326,1,0,0.00000,29
0.75472,-0.09288,5276.68652,0.12109,11832,1,0.90924,-0.02890,1,0.64365,-0.16452,1,0.77644,-0.09671,1,0.25070,0.36936,17.80827,0.96701,1,0.55377,0.40878,16.65384,0.96701,1,-0.06184,0.02388,0.63932,0.00326,1,0.01257,0.01590,0.63488,0.00320,1,0,0.00000,29
0.75581,-0.09307,5276.68652,0.12744,11832,1,0.90924,-0.02890,1,0.64365,-0.16452,1,0.77644,-0.09671,1,0.25055,0.36923,18.31390,0.96701,1,0.55385,0.40895,17.06821,0.96701,1,-0.06185,0.02392,0.64049,0.00325,1,0.01257,0.01590,0.63488,0.00319,1,0,0.00000,29
0.75687,-0.09196,5276.68652,0.13477,11832,1,0.91026,-0.03154,1,0.64610,-0.10800,1,0.77818,-0.06977,1,0.25062,0.36934,18.02274,0.96701,1,0.55398,0.40901,16.70608,0.96701,1,-0.06185,0.02392,0.64049,0.00338,1,0.01257,0.01590,0.63488,0.00322,1,0,0.00000,29
0.75741,-0.09145,5276.68652,0.14111,11832,1,0.88034,-0.04133,1,0.65682,-0.12023,1,0.76858,-0.08078,1,0.25051,0.36936,18.00597,0.96701,1,0.55376,0.40910,17.07030,0.96701,1,-0.06185,0.02392,0.64049,0.00336,1,0.01257,0.01590,0.63488,0.00326,1,0,0.00000,29
0.75789,-0.09099,5276.68652,0.14795,11832,1,0.88034,-0.04133,1,0.65682,-0.12023,1,0.76858,-0.08078,1,0.25085,0.36925,17.83854,0.96701,1,0.55376,0.40909,17.02321,0.96701,1,-0.06171,0.02392,0.63902,0.00332,1,0.01257,0.01590,0.63488,0.00329,1,0,0.00000,29
0.75749,-0.09112,5276.68652,0.15430,11832,1,0.86298,-0.05473,1,0.63376,-0.13389,1,0.74837,-0.09431,1,0.25085,0.36926,18.03042,0.96701,1,0.55406,0.40878,16.55975,0.96701,1,-0.06171,0.02392,0.63902,0.00323,1,0.01257,0.01590,0.63488,0.00336,1,0,0.00000,29
0.75727,-0.09156,5276.68652,0.16113,11832,1,0.86893,-0.07167,1,0.63474,-0.13249,1,0.75184,-0.10208,1,0.25085,0.36925,18.02812,0.96701,1,0.55406,0.40878,16.55975,0.96701,1,-0.06171,0.02392,0.63902,0.00324,1,0.01257,0.01590,0.63488,0.00336,1,0,0.00000,29
0.75709,-0.09214,5276.68652,0.16699,11832,1,0.86893,-0.07167,1,0.63609,-0.14142,1,0.75251,-0.10655,1,0.25087,0.36908,17.85730,0.96701,1,0.55406,0.40878,16.55975,0.97420,1,-0.06171,0.02392,0.63902,0.00329,1,0.01307,0.01648,0.65783,0.00336,1,0,0.00000,29
0.75705,-0.09337,5276.68652,0.17383,11832,1,0.85954,-0.08701,1,0.65271,-0.16372,1,0.75613,-0.12537,1,0.25093,0.36891,17.90652,0.97420,1,0.55413,0.40884,16.78740,0.98139,1,-0.06171,0.02392,0.63902,0.00328,1,0.01307,0.01648,0.65783,0.00331,1,0,0.00000,29
0.75666,-0.09461,5276.68652,0.18115,11832,1,0.86786,-0.09220,1,0.62441,-0.16381,1,0.74613,-0.12800,1,0.25089,0.36904,17.90394,0.98139,1,0.55413,0.40884,16.78740,0.98858,1,-0.06171,0.02392,0.63902,0.00327,1,0.01307,0.01648,0.65783,0.00331,1,0,0.00000,29
0.75632,-0.09591,5276.68652,0.18799,11832,1,0.86912,-0.10116,1,0.62441,-0.16381,1,0.74676,-0.13249,1,0.25091,0.36901,18.00615,0.98858,1,0.55415,0.40883,16.73253,0.98858,1,-0.06171,0.02392,0.63902,0.00330,1,0.01287,0.01604,0.64045,0.00332,1,0,0.00000,29
0.75608,-0.09672,5276.68652,0.19434,11832,1,0.87146,-0.09880,1,0.62704,-0.14151,1,0.74925,-0.12015,1,0.25105,0.36889,17.99489,0.98858,1,0.55442,0.40874,16.83969,0.98139,1,-0.06171,0.02392,0.63902,0.00327,1,0.01287,0.01604,0.64045,0.00334,1,0,0.00000,29
0.75598,-0.09717,5276.68652,0.20068,11832,1,0.87578,-0.08341,1,0.63000,-0.13762,1,0.75289,-0.11052,1,0.25105,0.36891,17.98669,0.98139,1,0.55441,0.40884,16.80842,0.97420,1,-0.06171,0.02392,0.63902,0.00326,1,0.01287,0.01604,0.64045,0.00334,1,0,0.00000,29
0.75584,-0.09731,5276.68652,0.20850,11832,1,0.87446,-0.07451,1,0.62870,-0.12872,1,0.75158,-0.10161,1,0.25109,0.36894,18.18581,0.97420,1,0.55447,0.40897,16.95827,0.96701,1,-0.06185,0.02392,0.64049,0.00326,1,0.01287,0.01604,0.64045,0.00335,1,0,0.00000,29
0.75583,-0.09903,5276.68652,0.21387,11832,1,0.87407,-0.07332,1,0.63698,-0.23490,1,0.75552,-0.15411,1,0.25109,0.36903,18.13288,0.96701,1,0.55459,0.40916,17.04326,0.96701,1,-0.06185,0.02392,0.64049,0.00324,1,0.01287,0.01604,0.64045,0.00333,1,0,0.00000,29
0.75592,-0.10050,5276.68652,0.22119,11832,1,0.88101,-0.06882,1,0.63641,-0.22916,1,0.75871,-0.14899,1,0.25112,0.36905,17.90337,0.96701,1,0.55462,0.40910,16.97836,0.96701,1,-0.06185,0.02392,0.64049,0.00325,1,0.01287,0.01604,0.64045,0.00324,1,0,0.00000,29
0.75604,-0.10214,5276.68652,0.22852,11832,1,0.88235,-0.07756,1,0.63773,-0.23857,1,0.76004,-0.15806,1,0.25111,0.36905,17.90564,0.97404,1,0.55462,0.40910,16.97836,0.97404,1,-0.06381,0.02470,0.66122,0.00325,1,0.01280,0.01591,0.63705,0.00324,1,0,0.00000,29
0.75432,-0.12902,5276.68652,0.22852,11832,0,0.89502,-0.08614,1,0.64585,-0.23440,1,0.77044,-0.16027,1,0.25110,0.36903,17.87511,0.98106,1,0.55465,0.40873,16.65219,0.98106,1,-0.06381,0.02470,0.66122,0.00326,1,0.01280,0.01591,0.63705,0.00317,1,0,0.00000,29
0.76599,-0.14880,5276.68652,0.22852,11832,0,0.89747,-0.08538,1,0.65786,-0.25179,1,0.77767,-0.16858,1,0.25118,0.36901,17.89782,0.98809,1,0.55473,0.40864,16.64308,0.98809,1,-0.06381,0.02470,0.66122,0.00324,1,0.01280,0.01591,0.63705,0.00313,1,0,0.00000,29
0.76988,-0.15539,5276.68652,0.22852,11832,0,0.89747,-0.08538,1,0.65786,-0.25179,1,0.77767,-0.16858,1,0.25116,0.36894,17.81881,0.98809,1,0.55473,0.40870,16.61184,0.98809,1,-0.06156,0.02385,0.63845,0.00323,1,0.01280,0.01591,0.63705,0.00315,1,0,0.00000,29
0.77278,-0.15711,5276.92139,0.02002,11833,1,0.90117,-0.08129,1,0.66175,-0.24325,1,0.78146,-0.16227,1,0.25085,0.36902,17.53091,0.98106,1,0.55449,0.40897,16.85739,0.98106,1,-0.06156,0.02385,0.63845,0.00341,1,0.01280,0.01591,0.63705,0.00327,1,0,0.00000,29
0.77199,-0.15789,5276.92139,0.02686,11833,1,0.87220,-0.08417,1,0.66547,-0.23786,1,0.76883,-0.16101,1,0.25114,0.36896,17.57420,0.97404,1,0.55464,0.40888,16.55838,0.97404,1,-0.06156,0.02385,0.63845,0.00324,1,0.01280,0.01591,0.63705,0.00322,1,0,0.00000,29
0.77123,-0.15690,5276.92139,0.03320,11833,1,0.87093,-0.07540,1,0.66397,-0.22848,1,0.76745,-0.15194,1,0.25115,0.36896,17.57284,0.96701,1,0.55463,0.40887,16.54491,0.96701,1,-0.06070,0.02360,0.63051,0.00324,1,0.01280,0.01591,0.63705,0.00322,1,0,0.00000,29
0.76874,-0.15602,5276.92139,0.04004,11833,1,0.87668,-0.08774,1,0.63095,-0.21373,1,0.75382,-0.15074,1,0.25180,0.36904,18.10229,0.96701,1,0.55499,0.40914,16.66779,0.96701,1,-0.06070,0.02360,0.63051,0.00317,1,0.01280,0.01591,0.63705,0.00319,1,0,0.00000,29
0.77437,-0.15214,5276.92139,0.04639,11833,1,0.94337,-0.05592,1,0.68411,-0.19409,1,0.81374,-0.12501,1,0.25253,0.36911,17.85738,0.96701,1,0.55567,0.40901,16.49838,0.96701,1,-0.06070,0.02360,0.63051,0.00317,1,0.01280,0.01591,0.63705,0.00312,1,0,0.00000,29
0.77893,-0.15012,5276.92139,0.05371,11833,1,0.94513,-0.06468,1,0.68574,-0.20321,1,0.81544,-0.13395,1,0.25248,0.36913,17.74700,0.97404,1,0.55604,0.40887,16.54469,0.97404,1,-0.06296,0.02452,0.65654,0.00336,1,0.01294,0.01585,0.63444,0.00312,1,0,0.00000,29
0.78695,-0.15045,5276.92139,0.06006,11833,1,1.00032,-0.06924,1,0.71795,-0.23754,1,0.85913,-0.15339,1,0.25392,0.36917,17.61782,0.98106,1,0.55681,0.40896,16.44019,0.98106,1,-0.06296,0.02452,0.65654,0.00325,1,0.01294,0.01585,0.63444,0.00337,1,0,0.00000,29
0.79162,-0.15314,5276.92139,0.06689,11833,1,0.94408,-0.10145,1,0.73244,-0.25866,1,0.83826,-0.18006,1,0.25397,0.36927,17.67146,0.98809,1,0.55694,0.40879,16.49830,0.98809,1,-0.06296,0.02452,0.65654,0.00330,1,0.01294,0.01585,0.63444,0.00327,1,0,0.00000,29
0.79568,-0.15669,5276.92139,0.08008,11833,1,0.94237,-0.11865,1,0.73846,-0.27281,1,0.84042,-0.19573,1,0.25382,0.36929,17.55045,0.99512,1,0.55703,0.40876,16.60233,0.99512,1,-0.06296,0.02452,0.65654,0.00331,1,0.01294,0.01585,0.63444,0.00322,1,0,0.00000,29
0.79938,-0.16063,5276.92139,0.08691,11833,1,0.94148,-0.14959,1,0.74588,-0.26611,1,0.84368,-0.20785,1,0.25392,0.36921,17.68174,0.99512,1,0.55699,0.40876,16.61349,0.99512,1,-0.06296,0.02452,0.65654,0.00335,1,0.01294,0.01585,0.63444,0.00322,1,0,0.00000,29
0.80241,-0.16334,5276.92139,0.09375,11833,1,0.93979,-0.14038,1,0.74391,-0.25681,1,0.84185,-0.19860,1,0.25403,0.36918,17.55420,0.98809,1,0.55708,0.40881,16.89428,0.98809,1,-0.06307,0.02467,0.65917,0.00340,1,0.01320,0.01593,0.63784,0.00324,1,0,0.00000,29
0.80560,-0.16465,5276.92139,0.10059,11833,1,0.94741,-0.11429,1,0.75326,-0.25180,1,0.85034,-0.18304,1,0.25439,0.36902,17.34307,0.98106,1,0.55728,0.40907,16.29112,0.98106,1,-0.06307,0.02467,0.65917,0.00329,1,0.01320,0.01593,0.63784,0.00323,1,0,0.00000,29
0.80843,-0.16470,5276.92139,0.10742,11833,1,0.94748,-0.10046,1,0.75421,-0.23051,1,0.85084,-0.16548,1,0.25441,0.36900,17.35423,0.97404,1,0.55726,0.40907,16.36453,0.97404,1,-0.06307,0.02467,0.65917,0.00330,1,0.01320,0.01593,0.63784,0.00322,1,0,0.00000,29
0.81081,-0.16421,5276.92139,0.11719,11833,1,0.94571,-0.09141,1,0.75213,-0.22126,1,0.84892,-0.15634,1,0.25442,0.36904,17.58929,0.96701,1,0.55727,0.40907,16.41927,0.96701,1,-0.06307,0.02467,0.65917,0.00329,1,0.01320,0.01593,0.63784,0.00321,1,0,0.00000,29
0.81233,-0.16465,5276.92139,0.12305,11833,1,0.95842,-0.11713,1,0.71796,-0.22728,1,0.83819,-0.17220,1,0.25434,0.36890,17.67796,0.96701,1,0.55750,0.40916,16.68827,0.96701,1,-0.06307,0.02467,0.65917,0.00331,1,0.01320,0.01593,0.63784,0.00319,1,0,0.00000,29
0.84032,-0.16763,5276.92139,0.12305,11833,0,0.96102,-0.05724,1,0.72509,-0.22265,1,0.84306,-0.13995,1,0.25436,0.36898,17.68509,0.96701,1,0.55751,0.40896,16.57295,0.96701,1,-0.06307,0.02467,0.65917,0.00328,1,0.01320,0.01593,0.63784,0.00326,1,0,0.00000,29
0.84218,-0.15616,5276.92139,0.12305,11833,0,0.96102,-0.05724,1,0.72704,-0.23214,1,0.84403,-0.14469,1,0.25432,0.36900,17.60534,0.96701,1,0.55751,0.40897,16.58806,0.97420,1,-0.06307,0.02467,0.65917,0.00330,1,0.01371,0.01644,0.66008,0.00326,1,0,0.00000,29
0.83993,-0.16327,5276.92139,0.12305,11833,0,0.96102,-0.11835,1,0.70987,-0.23663,1,0.83545,-0.17749,1,0.25433,0.36901,17.69843,0.97420,1,0.55747,0.40933,17.00995,0.98139,1,-0.06307,0.02467,0.65917,0.00325,1,0.01371,0.01644,0.66008,0.00324,1,0,0.00000,29
0.83994,-0.16968,5277.04883,0.02002,11834,1,0.96939,-0.12686,1,0.71057,-0.25099,1,0.83998,-0.18892,1,0.25435,0.36898,17.64594,0.98139,1,0.55740,0.40931,16.55709,0.98858,1,-0.06307,0.02467,0.65917,0.00329,1,0.01371,0.01644,0.66008,0.00337,1,0,0.00000,29
0.84035,-0.17548,5277.04883,0.02734,11834,1,0.97322,-0.14555,1,0.71071,-0.25177,1,0.84197,-0.19866,1,0.25435,0.36898,17.64594,0.99561,1,0.55719,0.40935,16.95567,0.98917,1,-0.06371,0.02494,0.66642,0.00329,1,0.01306,0.01559,0.62441,0.00337,1,0,0.00000,29
0.83963,-0.17899,5277.04883,0.03320,11834,1,0.96600,-0.15763,1,0.70602,-0.23538,1,0.83601,-0.19651,1,0.25441,0.36901,17.46234,0.99620,1,0.55719,0.40935,16.95567,0.98258,1,-0.06371,0.02494,0.66642,0.00327,1,0.01306,0.01559,0.62441,0.00337,1,0,0.00000,29
0.83949,-0.18053,5277.04883,0.04053,11834,1,0.96587,-0.13873,1,0.71150,-0.24086,1,0.83869,-0.18980,1,0.25443,0.36900,17.51767,0.98960,1,0.55725,0.40937,16.91195,0.97598,1,-0.06371,0.02494,0.66642,0.00326,1,0.01306,0.01559,0.62441,0.00336,1,0,0.00000,29
0.83895,-0.17944,5277.04883,0.04688,11834,1,0.96227,-0.12083,1,0.70802,-0.22276,1,0.83514,-0.17180,1,0.25443,0.36897,17.51916,0.97598,1,0.55722,0.40917,16.68251,0.96236,1,-0.06307,0.02467,0.65917,0.00326,1,0.01306,0.01559,0.62441,0.00338,1,0,0.00000,29
0.83865,-0.17244,5277.04883,0.05371,11834,1,0.96686,-0.02557,1,0.70572,-0.20743,1,0.83629,-0.11650,1,0.25451,0.36884,17.40449,0.95533,1,0.55721,0.40914,16.75605,0.95533,1,-0.06307,0.02467,0.65917,0.00334,1,0.01306,0.01559,0.62441,0.00346,1,0,0.00000,29
0.83851,-0.16746,5277.04883,0.06006,11834,1,0.96557,-0.04022,1,0.70890,-0.20500,1,0.83723,-0.12261,1,0.25448,0.36880,17.47473,0.94831,1,0.55721,0.40914,16.75605,0.94831,1,-0.06307,0.02467,0.65917,0.00334,1,0.01306,0.01559,0.62441,0.00346,1,0,0.00000,29
0.83839,-0.16338,5277.04883,0.06689,11834,1,0.96557,-0.04022,1,0.70890,-0.20500,1,0.83723,-0.12261,1,0.25444,0.36885,17.42997,0.94831,1,0.55718,0.40915,16.70304,0.94831,1,-0.06371,0.02494,0.66642,0.00332,1,0.01306,0.01559,0.62441,0.00348,1,0,0.00000,29
0.83789,-0.15899,5277.04883,0.07373,11834,1,0.95953,0.00925,1,0.70525,-0.23049,1,0.83239,-0.11062,1,0.25446,0.36883,17.45150,0.95533,1,0.55718,0.40915,16.70304,0.95533,1,-0.06371,0.02494,0.66642,0.00331,1,0.01306,0.01559,0.62441,0.00348,1,0,0.00000,29
0.83771,-0.15686,5277.04883,0.08057,11834,1,0.96390,-0.02283,1,0.70704,-0.23995,1,0.83547,-0.13139,1,0.25441,0.36875,17.28863,0.96236,1,0.55764,0.40905,16.24037,0.96236,1,-0.06371,0.02494,0.66642,0.00342,1,0.01306,0.01559,0.62441,0.00335,1,0,0.00000,29
0.83767,-0.15570,5277.04883,0.08691,11834,1,0.96390,-0.02283,1,0.71051,-0.25830,1,0.83720,-0.14057,1,0.25441,0.36865,17.13315,0.96236,1,0.55766,0.40904,16.31850,0.97598,1,-0.06165,0.02421,0.64440,0.00342,1,0.01392,0.01674,0.67033,0.00333,1,0,0.00000,29
0.83720,-0.15610,5277.04883,0.09375,11834,1,0.96231,-0.02784,1,0.69881,-0.29553,1,0.83056,-0.16168,1,0.25425,0.36871,16.94290,0.96896,1,0.55742,0.40905,16.43173,0.98258,1,-0.06165,0.02421,0.64440,0.00340,1,0.01392,0.01674,0.67033,0.00336,1,0,0.00000,29
0.83801,-0.15714,5277.04883,0.10059,11834,1,0.96749,-0.03897,1,0.73296,-0.30664,1,0.85022,-0.17281,1,0.25436,0.36866,16.81559,0.97555,1,0.55755,0.40913,17.53504,0.98917,1,-0.06165,0.02421,0.64440,0.00338,1,0.01392,0.01674,0.67033,0.00333,1,0,0.00000,29
0.83878,-0.15828,5277.04883,0.10693,11834,1,0.96928,-0.04705,1,0.73280,-0.30583,1,0.85104,-0.17644,1,0.25435,0.36877,17.01647,0.98215,1,0.55734,0.40919,17.82857,0.98858,1,-0.06165,0.02421,0.64440,0.00340,1,0.01331,0.01611,0.64307,0.00330,1,0,0.00000,29
0.83931,-0.15782,5277.04883,0.11377,11834,1,0.96525,-0.06020,1,0.73134,-0.23996,1,0.84830,-0.15008,1,0.25439,0.36851,17.18805,0.98858,1,0.55749,0.40889,17.18955,0.98139,1,-0.06165,0.02421,0.64440,0.00332,1,0.01331,0.01611,0.64307,0.00336,1,0,0.00000,29
0.83937,-0.15720,5277.04883,0.12012,11834,1,0.95870,-0.06267,1,0.72220,-0.22928,1,0.84045,-0.14597,1,0.25462,0.36859,17.62232,0.98139,1,0.55736,0.40893,17.03624,0.97420,1,-0.06165,0.02421,0.64440,0.00326,1,0.01331,0.01611,0.64307,0.00330,1,0,0.00000,29
0.83933,-0.15618,5277.04883,0.12646,11834,1,0.95682,-0.05376,1,0.72029,-0.21980,1,0.83855,-0.13678,1,0.25442,0.36847,18.22438,0.97420,1,0.55737,0.40894,17.09795,0.96701,1,-0.06165,0.02421,0.64440,0.00322,1,0.01320,0.01593,0.63784,0.00329,1,0,0.00000,29
0.83855,-0.15430,5277.04883,0.13379,11834,1,0.92788,-0.05826,1,0.71803,-0.17542,1,0.82295,-0.11684,1,0.25405,0.36844,17.87638,0.96701,1,0.55718,0.40920,16.72883,0.96701,1,-0.06165,0.02421,0.64440,0.00330,1,0.01320,0.01593,0.63784,0.00336,1,0,0.00000,29
0.83777,-0.15248,5277.04883,0.14062,11834,1,0.93548,-0.04849,1,0.70747,-0.17963,1,0.82147,-0.11406,1,0.25380,0.36852,17.61996,0.96701,1,0.55726,0.40921,16.61088,0.96701,1,-0.06165,0.02421,0.64440,0.00330,1,0.01320,0.01593,0.63784,0.00338,1,0,0.00000,29
0.83706,-0.15081,5277.04883,0.14697,11834,1,0.93548,-0.04849,1,0.70747,-0.17963,1,0.82147,-0.11406,1,0.25378,0.36852,17.77591,0.96701,1,0.55714,0.40892,16.25853,0.96701,1,-0.06165,0.02421,0.64440,0.00330,1,0.01331,0.01611,0.64307,0.00335,1,0,0.00000,29
0.83653,-0.14937,5277.04883,0.15381,11834,1,0.94105,-0.05898,1,0.70740,-0.17354,1,0.82423,-0.11626,1,0.25378,0.36852,17.77591,0.96701,1,0.55702,0.40881,16.71173,0.96701,1,-0.06165,0.02421,0.64440,0.00330,1,0.01331,0.01611,0.64307,0.00334,1,0,0.00000,29
0.83647,-0.14850,5277.04883,0.16016,11834,1,0.96551,-0.08143,1,0.70486,-0.17420,1,0.83518,-0.12781,1,0.25374,0.36848,17.77340,0.96701,1,0.55688,0.40876,16.81352,0.96701,1,-0.06165,0.02421,0.64440,0.00331,1,0.01331,0.01611,0.64307,0.00334,1,0,0.00000,29
0.83642,-0.14771,5277.04883,0.16699,11834,1,0.96551,-0.08143,1,0.70486,-0.17420,1,0.83518,-0.12781,1,0.25342,0.36832,18.24448,0.96701,1,0.55682,0.40869,16.75931,0.96701,1,-0.06211,0.02437,0.64719,0.00329,1,0.01312,0.01611,0.64310,0.00335,1,0,0.00000,29
0.83195,-0.14639,5277.04883,0.17432,11834,1,0.81315,-0.05090,1,0.61793,-0.17349,1,0.71554,-0.11220,1,0.25161,0.36817,17.88581,0.96701,1,0.55451,0.40857,17.04921,0.96701,1,-0.06211,0.02437,0.64719,0.00322,1,0.01312,0.01611,0.64310,0.00325,1,0,0.00000,29
0.82395,-0.14525,5277.04883,0.18066,11834,1,0.73608,-0.06385,1,0.48023,-0.16521,1,0.60815,-0.11453,1,0.24929,0.36808,18.69208,0.96701,1,0.55215,0.40832,17.25138,0.96701,1,-0.06211,0.02437,0.64719,0.00306,1,0.01312,0.01611,0.64310,0.00302,1,0,0.00000,29
0.78497,-0.12424,5277.04883,0.18066,11834,0,0.73608,-0.06385,1,0.48023,-0.16521,1,0.60815,-0.11453,1,0.24835,0.36809,18.59942,0.96701,1,0.55104,0.40860,17.72896,0.96701,1,-0.06177,0.02393,0.63565,0.00315,1,0.01218,0.01614,0.64440,0.00312,1,0,0.00000,29
0.59345,-0.11684,5277.04883,0.18066,11834,0,0.53621,-0.06809,1,0.26765,-0.15077,1,0.40193,-0.10943,1,0.24421,0.36806,18.66450,0.96701,1,0.54626,0.40859,17.16095,0.96701,1,-0.06177,0.02393,0.63565,0.00309,1,0.01218,0.01614,0.64440,0.00319,1,0,0.00000,29
0.50224,-0.11062,5277.04883,0.18066,11834,0,0.42574,-0.08889,1,0.21392,-0.10747,1,0.31983,-0.09818,1,0.24210,0.36864,18.75111,0.96701,1,0.54419,0.40869,16.72423,0.96701,1,-0.06177,0.02393,0.63565,0.00313,1,0.01218,0.01614,0.64440,0.00286,1,0,0.00000,29
0.34720,-0.10193,5277.04883,0.18066,11834,0,0.42574,-0.08889,1,0.21392,-0.10747,1,0.31983,-0.09818,1,0.24159,0.36880,17.90683,0.96701,1,0.54311,0.40936,17.07868,0.96701,1,-0.06318,0.02404,0.64223,0.00328,1,0.01122,0.01615,0.64483,0.00322,1,0,0.00000,29
0.28328,-0.09491,5277.04883,0.18066,11834,0,0.34301,-0.07188,1,0.09572,-0.10389,1,0.21936,-0.08788,1,0.23944,0.36890,16.96969,0.96701,1,0.54062,0.40974,17.23709,0.96701,1,-0.06318,0.02404,0.64223,0.00333,1,0.01122,0.01615,0.64483,0.00317,1,0,0.00000,29
0.25196,-0.09751,5277.04883,0.18066,11834,0,0.30700,-0.11837,1,0.07164,-0.08707,1,0.18932,-0.10272,1,0.23857,0.36855,16.74886,0.96701,1,0.54010,0.40961,16.93074,0.96701,1,-0.06318,0.02404,0.64223,0.00334,1,0.01122,0.01615,0.64483,0.00327,1,0,0.00000,29
0.19933,-0.09777,5277.04883,0.18066,11834,0,0.30700,-0.11837,1,0.07164,-0.08707,1,0.18932,-0.10272,1,0.23811,0.36930,17.63242,0.96701,1,0.53962,0.40984,16.71382,0.96701,1,-0.06444,0.02437,0.65108,0.00337,1,0.01075,0.01604,0.64030,0.00335,1,0,0.00000,29
0.19238,-0.10812,5277.04883,0.18066,11834,0,0.30870,-0.13288,1,0.06215,-0.10405,1,0.18543,-0.11846,1,0.23755,0.36904,16.78764,0.96701,1,0.53925,0.40943,17.07993,0.96701,1,-0.06444,0.02437,0.65108,0.00335,1,0.01075,0.01604,0.64030,0.00315,1,0,0.00000,29
0.19094,-0.11093,5277.04883,0.18066,11834,0,0.29675,-0.12580,1,0.07934,-0.10733,1,0.18805,-0.11656,1,0.23754,0.36888,16.65286,0.96701,1,0.53926,0.40973,17.68366,0.96701,1,-0.06444,0.02437,0.65108,0.00337,1,0.01075,0.01604,0.64030,0.00320,1,0,0.00000,29
0.19127,-0.10873,5277.27588,0.02051,11835,1,0.30114,-0.11231,1,0.08337,-0.09196,1,0.19226,-0.10213,1,0.23723,0.36893,17.21613,0.95507,1,0.53933,0.40956,17.62721,0.95507,1,-0.06006,0.02268,0.60596,0.00344,1,0.01075,0.01604,0.64030,0.00316,1,0,0.00000,29
0.18921,-0.10250,5277.27588,0.02686,11835,1,0.28518,-0.05946,1,0.07678,-0.09571,1,0.18098,-0.07759,1,0.23718,0.36872,16.72098,0.94312,1,0.53935,0.40944,17.52153,0.94312,1,-0.06006,0.02268,0.60596,0.00340,1,0.01075,0.01604,0.64030,0.00312,1,0,0.00000,29
0.18807,-0.09662,5277.27588,0.03418,11835,1,0.28771,-0.04972,1,0.07699,-0.08474,1,0.18235,-0.06723,1,0.23721,0.36859,16.69954,0.93118,1,0.53920,0.40928,17.31577,0.93118,1,-0.06006,0.02268,0.60596,0.00339,1,0.01075,0.01604,0.64030,0.00316,1,0,0.00000,29
0.18725,-0.09243,5277.27588,0.04053,11835,1,0.28771,-0.04972,1,0.07699,-0.08474,1,0.18235,-0.06723,1,0.23739,0.36868,16.98004,0.93118,1,0.53922,0.40927,17.25968,0.93118,1,-0.06292,0.02372,0.63384,0.00346,1,0.01075,0.01604,0.64030,0.00317,1,0,0.00000,29
0.18801,-0.08849,5277.27588,0.04736,11835,1,0.31625,-0.02136,1,0.07048,-0.10057,1,0.19336,-0.06096,1,0.23704,0.36845,16.59937,0.94312,1,0.53923,0.40943,17.33534,0.94312,1,-0.06292,0.02372,0.63384,0.00341,1,0.01075,0.01604,0.64030,0.00318,1,0,0.00000,29
0.18791,-0.08553,5277.27588,0.05420,11835,1,0.30870,-0.01726,1,0.06538,-0.10639,1,0.18704,-0.06183,1,0.23706,0.36852,16.59989,0.95507,1,0.53920,0.40944,17.12463,0.95507,1,-0.06292,0.02372,0.63384,0.00336,1,0.01075,0.01604,0.64030,0.00319,1,0,0.00000,29
0.18762,-0.08382,5277.27588,0.06055,11835,1,0.30665,-0.02317,1,0.06338,-0.11377,1,0.18501,-0.06847,1,0.23675,0.36899,16.94316,0.96073,1,0.53916,0.40947,17.12103,0.96073,1,-0.06161,0.02330,0.62020,0.00335,1,0.01075,0.01604,0.64030,0.00319,1,0,0.00000,29
0.18631,-0.08119,5277.27588,0.06689,11835,1,0.29256,-0.04451,1,0.05401,-0.06524,1,0.17328,-0.05488,1,0.23637,0.36883,16.94075,0.95444,1,0.53928,0.40948,17.40638,0.95444,1,-0.06161,0.02330,0.62020,0.00335,1,0.01075,0.01604,0.64030,0.00319,1,0,0.00000,29
0.18518,-0.07877,5277.27588,0.07422,11835,1,0.29145,-0.03468,1,0.05402,-0.06968,1,0.17273,-0.05218,1,0.23647,0.36890,17.04947,0.94815,1,0.53934,0.40933,17.29799,0.94815,1,-0.06161,0.02330,0.62020,0.00337,1,0.01075,0.01604,0.64030,0.00324,1,0,0.00000,29
0.18441,-0.07616,5277.27588,0.08057,11835,1,0.29386,-0.02799,1,0.05634,-0.06167,1,0.17510,-0.04483,1,0.23647,0.36886,16.97918,0.94187,1,0.53905,0.40920,16.78127,0.94187,1,-0.06164,0.02328,0.61955,0.00341,1,0.01075,0.01604,0.64030,0.00330,1,0,0.00000,29
0.18311,-0.07544,5277.27588,0.08691,11835,1,0.27952,-0.05647,1,0.05289,-0.07565,1,0.16621,-0.06606,1,0.23614,0.36836,16.83334,0.94187,1,0.53911,0.40917,16.86440,0.94187,1,-0.06164,0.02328,0.61955,0.00332,1,0.01075,0.01604,0.64030,0.00331,1,0,0.00000,29
0.18179,-0.07552,5277.27588,0.09375,11835,1,0.27964,-0.06479,1,0.04707,-0.08838,1,0.16336,-0.07659,1,0.23609,0.36841,16.84194,0.94187,1,0.53912,0.40902,16.92757,0.94187,1,-0.06164,0.02328,0.61955,0.00332,1,0.01075,0.01604,0.64030,0.00327,1,0,0.00000,29
0.18064,-0.07558,5277.27588,0.10107,11835,1,0.27964,-0.06479,1,0.04707,-0.08838,1,0.16336,-0.07659,1,0.23610,0.36842,16.76962,0.94187,1,0.53914,0.40903,16.87502,0.94187,1,-0.06164,0.02328,0.61955,0.00334,1,0.01081,0.01622,0.64374,0.00329,1,0,0.00000,29
0.18114,-0.07589,5277.27588,0.10791,11835,1,0.30284,-0.07126,1,0.07555,-0.09046,1,0.18919,-0.08086,1,0.23639,0.36839,17.17150,0.94187,1,0.53896,0.40883,16.84276,0.94187,1,-0.06164,0.02328,0.61955,0.00335,1,0.01081,0.01622,0.64374,0.00315,1,0,0.00000,29
0.18135,-0.07681,5277.27588,0.11426,11835,1,0.29223,-0.08113,1,0.07750,-0.10356,1,0.18486,-0.09235,1,0.23633,0.36835,16.82685,0.94187,1,0.53886,0.40862,16.73108,0.94187,1,-0.06164,0.02328,0.61955,0.00335,1,0.01081,0.01622,0.64374,0.00325,1,0,0.00000,29
0.18159,-0.07740,5277.27588,0.12109,11835,1,0.29223,-0.08113,1,0.07974,-0.09508,1,0.18598,-0.08811,1,0.23626,0.36822,16.72936,0.94187,1,0.53878,0.40863,16.88386,0.93543,1,-0.06193,0.02340,0.62150,0.00343,1,0.01027,0.01572,0.62009,0.00326,1,0,0.00000,29
0.18177,-0.07838,5277.27588,0.12744,11835,1,0.29129,-0.07606,1,0.07905,-0.11778,1,0.18517,-0.09692,1,0.23557,0.36814,17.18810,0.93543,1,0.53852,0.40851,17.09021,0.92900,1,-0.06193,0.02340,0.62150,0.00332,1,0.01027,0.01572,0.62009,0.00313,1,0,0.00000,29
0.18008,-0.07835,5277.27588,0.13428,11835,1,0.24135,-0.05338,1,0.05135,-0.10206,1,0.14635,-0.07772,1,0.23533,0.36823,16.89404,0.92900,1,0.53800,0.40864,17.08065,0.92257,1,-0.06193,0.02340,0.62150,0.00338,1,0.01027,0.01572,0.62009,0.00328,1,0,0.00000,29
0.17850,-0.07851,5277.27588,0.14111,11835,1,0.24141,-0.05323,1,0.04895,-0.11053,1,0.14518,-0.08188,1,0.23471,0.36839,16.75735,0.92885,1,0.53780,0.40866,17.21634,0.92885,1,-0.06448,0.02426,0.64559,0.00341,1,0.01046,0.01637,0.64579,0.00327,1,0,0.00000,29
0.17572,-0.07904,5277.27588,0.14795,11835,1,0.23100,-0.05778,1,-0.00192,-0.12359,1,0.11454,-0.09068,1,0.23430,0.36835,17.44088,0.93514,1,0.53697,0.40870,17.63307,0.94157,1,-0.06448,0.02426,0.64559,0.00351,1,0.01046,0.01637,0.64579,0.00323,1,0,0.00000,29
0.17332,-0.07780,5277.27588,0.15430,11835,1,0.23464,-0.08074,1,0.00162,-0.01815,1,0.11813,-0.04945,1,0.23422,0.36808,17.48510,0.94786,1,0.53692,0.40841,16.94841,0.95429,1,-0.06448,0.02426,0.64559,0.00337,1,0.01046,0.01637,0.64579,0.00328,1,0,0.00000,29
0.17100,-0.07697,5277.27588,0.16113,11835,1,0.23184,-0.08775,1,-0.00107,-0.02598,1,0.11538,-0.05686,1,0.23422,0.36808,17.48510,0.95429,1,0.53696,0.40831,16.76846,0.96073,1,-0.06266,0.02357,0.62604,0.00337,1,0.01046,0.01637,0.64579,0.00330,1,0,0.00000,29
0.16895,-0.07707,5277.27588,0.16797,11835,1,0.22532,-0.10699,1,0.00996,-0.05218,1,0.11764,-0.07958,1,0.23412,0.36812,17.38268,0.95444,1,0.53698,0.40870,17.45263,0.95444,1,-0.06266,0.02357,0.62604,0.00337,1,0.01046,0.01637,0.64579,0.00330,1,0,0.00000,29
0.16679,-0.07719,5277.27588,0.17480,11835,1,0.22438,-0.10791,1,-0.00322,-0.05290,1,0.11058,-0.08041,1,0.23410,0.36799,16.93476,0.94815,1,0.53699,0.40854,17.38871,0.94815,1,-0.06266,0.02357,0.62604,0.00339,1,0.01046,0.01637,0.64579,0.00328,1,0,0.00000,29
0.16488,-0.07704,5277.27588,0.18115,11835,1,0.22718,-0.10091,1,-0.00055,-0.04496,1,0.11332,-0.07294,1,0.23414,0.36781,16.83044,0.94187,1,0.53696,0.40852,17.39998,0.94187,1,-0.06266,0.02357,0.62604,0.00344,1,0.01046,0.01637,0.64579,0.00327,1,0,0.00000,29
0.13703,-0.07689,5277.27588,0.18115,11835,0,0.21542,-0.06356,1,-0.00100,-0.04810,1,0.10721,-0.05583,1,0.23431,0.36777,17.01340,0.94187,1,0.53707,0.40851,17.71667,0.94187,1,-0.06266,0.02357,0.62604,0.00347,1,0.01046,0.01637,0.64579,0.00325,1,0,0.00000,29
0.12194,-0.06571,5277.27588,0.18115,11835,0,0.21495,-0.06070,1,-0.00125,-0.04835,1,0.10685,-0.05452,1,0.23400,0.36785,16.66049,0.94187,1,0.53703,0.40848,17.67103,0.94187,1,-0.06266,0.02357,0.62604,0.00342,1,0.01046,0.01637,0.64579,0.00327,1,0,0.00000,29
0.11691,-0.06198,5277.27588,0.18115,11835,0,0.21495,-0.06070,1,-0.00125,-0.04835,1,0.10685,-0.05452,1,0.23407,0.36775,16.92105,0.94187,1,0.53694,0.40845,17.62583,0.94187,1,-0.06266,0.02362,0.62604,0.00342,1,0.01046,0.01637,0.64579,0.00325,1,0,0.00000,29
0.11426,-0.06083,5277.46387,0.02002,11836,1,0.21430,-0.06501,1,-0.00170,-0.04977,1,0.10630,-0.05739,1,0.23411,0.36770,16.91755,0.94187,1,0.53691,0.40833,17.47352,0.94187,1,-0.06266,0.02362,0.62604,0.00343,1,0.01046,0.01637,0.64579,0.00332,1,0,0.00000,29
0.11515,-0.05979,5277.46387,0.02637,11836,1,0.23917,-0.06145,1,-0.00170,-0.04977,1,0.11873,-0.05561,1,0.23407,0.36750,16.63231,0.94187,1,0.53672,0.40838,17.04610,0.94187,1,-0.06266,0.02362,0.62604,0.00349,1,0.01046,0.01637,0.64579,0.00336,1,0,0.00000,29
0.11530,-0.06032,5277.46387,0.03271,11836,1,0.23643,-0.06824,1,-0.00438,-0.05774,1,0.11602,-0.06299,1,0.23407,0.36747,16.56446,0.94815,1,0.53677,0.40850,17.16077,0.94815,1,-0.06438,0.02425,0.64271,0.00350,1,0.01046,0.01637,0.64579,0.00330,1,0,0.00000,29
0.11523,-0.06379,5277.46387,0.04004,11836,1,0.23489,-0.09795,1,-0.00527,-0.07130,1,0.11481,-0.08462,1,0.23419,0.36741,16.57867,0.95444,1,0.53697,0.40843,17.61069,0.95444,1,-0.06438,0.02425,0.64271,0.00361,1,0.01046,0.01637,0.64579,0.00326,1,0,0.00000,29
0.11622,-0.06708,5277.46387,0.04639,11836,1,0.25582,-0.10904,1,-0.00958,-0.07110,1,0.12312,-0.09007,1,0.23419,0.36743,16.58608,0.96073,1,0.53694,0.40849,17.63111,0.96073,1,-0.06438,0.02425,0.64271,0.00360,1,0.01046,0.01637,0.64579,0.00326,1,0,0.00000,29
0.11698,-0.06963,5277.46387,0.05322,11836,1,0.25582,-0.10904,1,-0.00958,-0.07110,1,0.12312,-0.09007,1,0.23418,0.36758,16.67215,0.96073,1,0.53694,0.40849,17.63111,0.96073,1,-0.06266,0.02363,0.62512,0.00354,1,0.01046,0.01637,0.64579,0.00326,1,0,0.00000,29
0.11741,-0.07001,5277.46387,0.06006,11836,1,0.24948,-0.08374,1,-0.00691,-0.06313,1,0.12128,-0.07344,1,0.23422,0.36780,17.08635,0.95444,1,0.53675,0.40855,17.13820,0.95444,1,-0.06266,0.02363,0.62512,0.00347,1,0.01046,0.01637,0.64579,0.00331,1,0,0.00000,29
0.11805,-0.07039,5277.46387,0.06641,11836,1,0.25318,-0.09318,1,-0.00423,-0.05517,1,0.12448,-0.07417,1,0.23429,0.36778,17.21741,0.94815,1,0.53673,0.40857,17.12325,0.94815,1,-0.06266,0.02363,0.62512,0.00346,1,0.01046,0.01637,0.64579,0.00331,1,0,0.00000,29
0.11881,-0.07008,5277.46387,0.07324,11836,1,0.25581,-0.08621,1,-0.00155,-0.04722,1,0.12713,-0.06671,1,0.23413,0.36781,16.86395,0.94187,1,0.53673,0.40857,17.12325,0.94187,1,-0.06266,0.02363,0.62512,0.00348,1,0.01046,0.01637,0.64579,0.00331,1,0,0.00000,29
0.11916,-0.06999,5277.46387,0.08008,11836,1,0.24817,-0.09056,1,-0.00155,-0.04722,1,0.12331,-0.06889,1,0.23399,0.36772,16.82117,0.94187,1,0.53692,0.40852,17.64111,0.94187,1,-0.06266,0.02363,0.62512,0.00350,1,0.01046,0.01637,0.64579,0.00325,1,0,0.00000,29
0.12043,-0.06988,5277.46387,0.08691,11836,1,0.24553,-0.08515,1,0.02836,-0.05157,1,0.13695,-0.06836,1,0.23390,0.36767,16.80336,0.94187,1,0.53688,0.40848,17.27654,0.94187,1,-0.06266,0.02363,0.62512,0.00344,1,0.01046,0.01637,0.64579,0.00329,1,0,0.00000,29
0.12153,-0.06977,5277.46387,0.09326,11836,1,0.24553,-0.08515,1,0.02836,-0.05157,1,0.13695,-0.06836,1,0.23376,0.36780,16.62198,0.94187,1,0.53686,0.40849,17.28026,0.94187,1,-0.06208,0.02336,0.61928,0.00344,1,0.01029,0.01626,0.64133,0.00328,1,0,0.00000,29
0.12214,-0.06977,5277.46387,0.10107,11836,1,0.24024,-0.08409,1,0.02238,-0.05538,1,0.13131,-0.06973,1,0.23342,0.36784,16.76622,0.94187,1,0.53694,0.40833,17.09578,0.94187,1,-0.06208,0.02336,0.61928,0.00341,1,0.01029,0.01626,0.64133,0.00333,1,0,0.00000,29
0.12244,-0.07085,5277.46387,0.10742,11836,1,0.23902,-0.08276,1,0.01534,-0.09339,1,0.12718,-0.08807,1,0.23344,0.36803,17.19362,0.94187,1,0.53695,0.40831,16.98377,0.94187,1,-0.06208,0.02336,0.61928,0.00342,1,0.01029,0.01626,0.64133,0.00332,1,0,0.00000,29
0.12277,-0.07157,5277.46387,0.11426,11836,1,0.23902,-0.08276,1,0.01798,-0.08493,1,0.12850,-0.08385,1,0.23340,0.36803,17.11890,0.94187,1,0.53698,0.40830,16.88420,0.93543,1,-0.06208,0.02333,0.61836,0.00342,1,0.01001,0.01589,0.62695,0.00333,1,0,0.00000,29
0.12315,-0.07312,5277.46387,0.12061,11836,1,0.22516,-0.11847,1,0.03486,-0.08371,1,0.13001,-0.10109,1,0.23325,0.36771,16.72878,0.93543,1,0.53656,0.40848,17.07959,0.92900,1,-0.06208,0.02333,0.61836,0.00340,1,0.01001,0.01589,0.62695,0.00337,1,0,0.00000,29
0.12416,-0.07378,5277.46387,0.12744,11836,1,0.24991,-0.10234,1,0.03660,-0.07011,1,0.14326,-0.08623,1,0.23330,0.36774,16.93532,0.92900,1,0.53616,0.40821,17.01061,0.92257,1,-0.06208,0.02333,0.61836,0.00341,1,0.01001,0.01589,0.62695,0.00326,1,0,0.00000,29
0.12501,-0.07456,5277.46387,0.13428,11836,1,0.24998,-0.10217,1,0.03411,-0.07837,1,0.14204,-0.09027,1,0.23334,0.36770,16.94295,0.92885,1,0.53617,0.40820,17.01966,0.92885,1,-0.06305,0.02363,0.62752,0.00340,1,0.01015,0.01619,0.63849,0.00326,1,0,0.00000,29
0.12561,-0.07559,5277.46387,0.14062,11836,1,0.24819,-0.09805,1,0.02832,-0.09598,1,0.13825,-0.09702,1,0.23353,0.36788,16.70174,0.93514,1,0.53701,0.40842,17.00925,0.94157,1,-0.06305,0.02363,0.62752,0.00331,1,0.01015,0.01619,0.63849,0.00327,1,0,0.00000,29
0.12899,-0.07803,5277.46387,0.14746,11836,1,0.31604,-0.13548,1,0.09049,-0.12797,1,0.20326,-0.13172,1,0.23478,0.36800,16.70213,0.94786,1,0.53768,0.40838,16.83387,0.95429,1,-0.06305,0.02363,0.62752,0.00342,1,0.01015,0.01619,0.63849,0.00321,1,0,0.00000,29
0.13199,-0.08060,5277.46387,0.15381,11836,1,0.31375,-0.14297,1,0.08836,-0.13650,1,0.20106,-0.13973,1,0.23499,0.36802,16.68271,0.95429,1,0.53814,0.40835,16.40000,0.96073,1,-0.06206,0.02343,0.62098,0.00337,1,0.01065,0.01652,0.65169,0.00316,1,0,0.00000,29
0.15713,-0.10040,5277.46387,0.15381,11836,0,0.37417,-0.17307,1,0.15946,-0.18766,1,0.26681,-0.18036,1,0.23646,0.36780,17.87240,0.95444,1,0.53914,0.40843,17.13518,0.95444,1,-0.06206,0.02343,0.62098,0.00341,1,0.01065,0.01652,0.65169,0.00329,1,0,0.00000,29
0.21679,-0.12065,5277.46387,0.15381,11836,0,0.39222,-0.15879,1,0.16065,-0.12301,1,0.27644,-0.14090,1,0.23644,0.36779,17.77108,0.94815,1,0.53935,0.40792,17.15134,0.94815,1,-0.06206,0.02343,0.62098,0.00341,1,0.01065,0.01652,0.65169,0.00334,1,0,0.00000,29
0.23724,-0.12475,5277.46387,0.15381,11836,0,0.39399,-0.15116,1,0.16232,-0.11472,1,0.27816,-0.13294,1,0.23681,0.36792,17.55415,0.94187,1,0.53951,0.40774,16.42307,0.94187,1,-0.06126,0.02316,0.61382,0.00334,1,0.01061,0.01631,0.64349,0.00338,1,0,0.00000,29
0.27185,-0.14857,5277.46387,0.15381,11836,0,0.37121,-0.15212,1,0.15070,-0.19160,1,0.26096,-0.17186,1,0.23646,0.36764,17.63222,0.94187,1,0.53932,0.40796,17.12053,0.94187,1,-0.06126,0.02316,0.61382,0.00339,1,0.01061,0.01631,0.64349,0.00332,1,0,0.00000,29
0.26423,-0.14579,5277.46387,0.15381,11836,0,0.36539,-0.15047,1,0.14783,-0.13557,1,0.25661,-0.14302,1,0.23644,0.36756,17.62185,0.94187,1,0.53931,0.40798,17.03633,0.94187,1,-0.06126,0.02316,0.61382,0.00338,1,0.01061,0.01631,0.64349,0.00333,1,0,0.00000,29
0.26108,-0.14754,5277.46387,0.15381,11836,0,0.36345,-0.15803,1,0.14608,-0.14402,1,0.25477,-0.15103,1,0.23644,0.36756,17.62185,0.94815,1,0.53932,0.40798,17.07224,0.94815,1,-0.06378,0.02414,0.63861,0.00338,1,0.01061,0.01631,0.64349,0.00332,1,0,0.00000,29
0.26282,-0.13928,5277.64453,0.02002,11837,1,0.39123,-0.07609,1,0.14489,-0.15294,1,0.26806,-0.11451,1,0.23639,0.36765,17.74137,0.95444,1,0.53941,0.40781,16.86105,0.95444,1,-0.06378,0.02414,0.63861,0.00345,1,0.01061,0.01631,0.64349,0.00329,1,0,0.00000,29
0.26361,-0.13691,5277.64453,0.02686,11837,1,0.38894,-0.08335,1,0.14460,-0.17145,1,0.26677,-0.12740,1,0.23638,0.36764,17.72929,0.96073,1,0.53945,0.40780,16.80192,0.96073,1,-0.06378,0.02414,0.63861,0.00345,1,0.01061,0.01631,0.64349,0.00330,1,0,0.00000,29
0.26385,-0.13662,5277.64453,0.03369,11837,1,0.38717,-0.09040,1,0.14287,-0.17998,1,0.26502,-0.13519,1,0.23647,0.36751,17.58045,0.96701,1,0.53937,0.40769,16.47369,0.96701,1,-0.06448,0.02445,0.64559,0.00342,1,0.01048,0.01615,0.63526,0.00334,1,0,0.00000,29
0.26490,-0.13891,5277.64453,0.04004,11837,1,0.39590,-0.10730,1,0.14654,-0.19806,1,0.27122,-0.15268,1,0.23651,0.36723,17.34107,0.96701,1,0.53932,0.40776,16.83803,0.96701,1,-0.06448,0.02445,0.64559,0.00334,1,0.01048,0.01615,0.63526,0.00331,1,0,0.00000,29
0.26540,-0.14126,5277.64453,0.04688,11837,1,0.39146,-0.11840,1,0.14635,-0.19695,1,0.26890,-0.15768,1,0.23647,0.36720,17.19460,0.96701,1,0.53956,0.40738,16.43651,0.96701,1,-0.06448,0.02445,0.64559,0.00333,1,0.01048,0.01615,0.63526,0.00307,1,0,0.00000,29
0.26579,-0.14308,5277.64453,0.05371,11837,1,0.39146,-0.11840,1,0.14635,-0.19695,1,0.26890,-0.15768,1,0.23649,0.36717,17.08553,0.96701,1,0.53974,0.40774,16.49674,0.96701,1,-0.06448,0.02445,0.64559,0.00333,1,0.01061,0.01641,0.64349,0.00323,1,0,0.00000,29
0.26673,-0.14590,5277.64453,0.06104,11837,1,0.39364,-0.13498,1,0.15682,-0.20763,1,0.27523,-0.17130,1,0.23644,0.36705,16.93730,0.96701,1,0.53963,0.40742,16.60766,0.96701,1,-0.06448,0.02445,0.64559,0.00338,1,0.01061,0.01641,0.64349,0.00310,1,0,0.00000,29
0.26659,-0.14795,5277.64453,0.06689,11837,1,0.36805,-0.12872,1,0.16224,-0.20818,1,0.26514,-0.16845,1,0.23637,0.36724,16.99795,0.96701,1,0.53959,0.40743,16.59636,0.96701,1,-0.06448,0.02445,0.64559,0.00339,1,0.01061,0.01641,0.64349,0.00307,1,0,0.00000,29
0.26647,-0.14966,5277.64453,0.07373,11837,1,0.36805,-0.12872,1,0.16224,-0.20818,1,0.26514,-0.16845,1,0.23636,0.36725,16.95771,0.96701,1,0.53959,0.40742,16.61678,0.96701,1,-0.06448,0.02445,0.64559,0.00342,1,0.01061,0.01641,0.64349,0.00307,1,0,0.00000,29
0.26693,-0.15108,5277.64453,0.08057,11837,1,0.37853,-0.13637,1,0.16631,-0.19988,1,0.27242,-0.16813,1,0.23655,0.36685,17.63797,0.96701,1,0.53966,0.40725,16.49518,0.96701,1,-0.06448,0.02445,0.64559,0.00329,1,0.01061,0.01641,0.64349,0.00308,1,0,0.00000,29
0.26780,-0.15360,5277.64453,0.08740,11837,1,0.37845,-0.14804,1,0.17987,-0.22473,1,0.27916,-0.18639,1,0.23668,0.36683,17.23223,0.96701,1,0.53973,0.40713,16.36372,0.96701,1,-0.06448,0.02445,0.64559,0.00331,1,0.01061,0.01641,0.64349,0.00307,1,0,0.00000,29
0.26856,-0.15579,5277.64453,0.09375,11837,1,0.37845,-0.14804,1,0.17987,-0.22473,1,0.27916,-0.18639,1,0.23655,0.36681,17.62072,0.96701,1,0.53976,0.40710,16.18533,0.96701,1,-0.06503,0.02471,0.65115,0.00330,1,0.01048,0.01615,0.63526,0.00308,1,0,0.00000,29
0.26918,-0.15777,5277.64453,0.10059,11837,1,0.37396,-0.14852,1,0.18316,-0.22644,1,0.27856,-0.18748,1,0.23663,0.36679,17.42025,0.96701,1,0.53999,0.40735,16.58008,0.96701,1,-0.06503,0.02471,0.65115,0.00330,1,0.01048,0.01615,0.63526,0.00318,1,0,0.00000,29
0.26993,-0.15998,5277.64453,0.10742,11837,1,0.37871,-0.16930,1,0.18496,-0.22151,1,0.28184,-0.19540,1,0.23671,0.36693,18.05196,0.96701,1,0.54010,0.40721,16.51963,0.96701,1,-0.06503,0.02471,0.65115,0.00330,1,0.01048,0.01615,0.63526,0.00316,1,0,0.00000,29
0.27059,-0.16195,5277.64453,0.11426,11837,1,0.37871,-0.16930,1,0.18496,-0.22151,1,0.28184,-0.19540,1,0.23673,0.36695,18.07677,0.96701,1,0.54002,0.40733,16.66961,0.96701,1,-0.06448,0.02445,0.64559,0.00329,1,0.01048,0.01615,0.63526,0.00316,1,0,0.00000,29
0.27127,-0.16347,5277.64453,0.12061,11837,1,0.38177,-0.15980,1,0.18514,-0.22183,1,0.28346,-0.19082,1,0.23663,0.36698,17.99472,0.96701,1,0.54002,0.40731,16.65831,0.96701,1,-0.06448,0.02445,0.64559,0.00334,1,0.01048,0.01615,0.63526,0.00317,1,0,0.00000,29
0.27195,-0.16480,5277.64453,0.12744,11837,1,0.38572,-0.15975,1,0.18422,-0.22025,1,0.28497,-0.19000,1,0.23682,0.36687,17.46211,0.96701,1,0.54002,0.40733,16.66961,0.96701,1,-0.06448,0.02445,0.64559,0.00332,1,0.01048,0.01615,0.63526,0.00316,1,0,0.00000,29
0.27253,-0.16624,5277.64453,0.13379,11837,1,0.38572,-0.15975,1,0.18253,-0.23027,1,0.28412,-0.19501,1,0.23681,0.36689,17.52291,0.96701,1,0.54002,0.40733,16.66961,0.97420,1,-0.06378,0.02414,0.63861,0.00332,1,0.01092,0.01671,0.65922,0.00316,1,0,0.00000,29
0.27245,-0.16824,5277.64453,0.14062,11837,1,0.38881,-0.17756,1,0.15247,-0.24313,1,0.27064,-0.21035,1,0.23681,0.36689,17.52291,0.97420,1,0.53997,0.40731,16.68479,0.98139,1,-0.06378,0.02414,0.63861,0.00332,1,0.01092,0.01671,0.65922,0.00314,1,0,0.00000,29
0.27221,-0.17056,5277.64453,0.14746,11837,1,0.38097,-0.18336,1,0.15301,-0.25992,1,0.26699,-0.22164,1,0.23658,0.36700,18.12414,0.98139,1,0.53997,0.40724,16.52876,0.98858,1,-0.06378,0.02414,0.63861,0.00332,1,0.01092,0.01671,0.65922,0.00313,1,0,0.00000,29
0.27195,-0.17287,5277.64453,0.15430,11837,1,0.37895,-0.19191,1,0.15301,-0.25992,1,0.26598,-0.22592,1,0.23662,0.36698,18.22907,0.98858,1,0.54030,0.40717,16.78264,0.98858,1,-0.06448,0.02445,0.64559,0.00331,1,0.01062,0.01617,0.63791,0.00317,1,0,0.00000,29
0.27586,-0.20134,5277.64453,0.15430,11837,0,0.37787,-0.20344,1,0.12931,-0.25915,1,0.25359,-0.23129,1,0.23680,0.36683,17.70043,0.98858,1,0.54004,0.40744,17.42270,0.98139,1,-0.06448,0.02445,0.64559,0.00335,1,0.01062,0.01617,0.63791,0.00317,1,0,0.00000,29
0.27760,-0.21041,5277.64453,0.15430,11837,0,0.40350,-0.19198,1,0.15517,-0.24699,1,0.27934,-0.21948,1,0.23722,0.36672,17.83881,0.98139,1,0.54024,0.40675,16.35286,0.97420,1,-0.06448,0.02445,0.64559,0.00335,1,0.01062,0.01617,0.63791,0.00307,1,0,0.00000,29
0.27753,-0.21697,5277.64453,0.15430,11837,0,0.40355,-0.19178,1,0.15124,-0.26841,1,0.27739,-0.23010,1,0.23725,0.36669,17.59952,0.98123,1,0.54066,0.40682,16.51552,0.98932,1,-0.06569,0.02506,0.66026,0.00342,1,0.01160,0.01750,0.68434,0.00313,1,0,0.00000,29
0.30631,-0.22728,5277.80566,0.02002,11838,1,0.51363,-0.20739,1,0.27167,-0.30901,1,0.39265,-0.25820,1,0.23981,0.36645,17.60284,0.99634,1,0.54258,0.40710,16.39134,1.01162,1,-0.06569,0.02506,0.66026,0.00337,1,0.01160,0.01750,0.68434,0.00312,1,0,0.00000,29
0.33329,-0.24150,5277.80566,0.02637,11838,1,0.55912,-0.24103,1,0.32335,-0.35567,1,0.44124,-0.29835,1,0.24079,0.36649,17.14613,1.01865,1,0.54355,0.40680,16.25084,1.03392,1,-0.06569,0.02506,0.66026,0.00327,1,0.01160,0.01750,0.68434,0.00309,1,0,0.00000,29
0.35109,-0.25342,5277.80566,0.03271,11838,1,0.55744,-0.26021,1,0.32265,-0.36587,1,0.44005,-0.31304,1,0.24137,0.36652,17.78034,1.03392,1,0.54392,0.40689,17.26234,1.04111,1,-0.06296,0.02426,0.63806,0.00339,1,0.01163,0.01703,0.66594,0.00320,1,0,0.00000,29
0.36026,-0.26421,5277.80566,0.04004,11838,1,0.51939,-0.27179,1,0.31121,-0.38610,1,0.41530,-0.32895,1,0.24158,0.36618,17.44531,1.03409,1,0.54437,0.40665,16.41079,1.02600,1,-0.06296,0.02426,0.63806,0.00330,1,0.01163,0.01703,0.66594,0.00329,1,0,0.00000,29
0.36544,-0.27056,5277.80566,0.04639,11838,1,0.52088,-0.26536,1,0.28256,-0.36467,1,0.40172,-0.31501,1,0.24166,0.36616,17.51133,1.01897,1,0.54437,0.40665,16.41079,1.01088,1,-0.06296,0.02426,0.63806,0.00340,1,0.01163,0.01703,0.66594,0.00329,1,0,0.00000,29
0.36976,-0.27262,5277.80566,0.05371,11838,1,0.52306,-0.24621,1,0.28558,-0.33197,1,0.40432,-0.28909,1,0.24172,0.36601,17.21012,1.00386,1,0.54437,0.40665,16.41079,0.98858,1,-0.06296,0.02426,0.63806,0.00342,1,0.01136,0.01647,0.64199,0.00329,1,0,0.00000,29
0.37549,-0.27017,5277.80566,0.06006,11838,1,0.54462,-0.18461,1,0.30949,-0.31172,1,0.42706,-0.24817,1,0.24164,0.36605,17.29632,0.98858,1,0.54430,0.40624,16.02514,0.98139,1,-0.06296,0.02426,0.63806,0.00339,1,0.01136,0.01647,0.64199,0.00334,1,0,0.00000,29
0.38101,-0.26644,5277.80566,0.06641,11838,1,0.54536,-0.13787,1,0.32712,-0.32024,1,0.43624,-0.22906,1,0.24175,0.36603,17.52817,0.98139,1,0.54427,0.40603,16.00562,0.97420,1,-0.06296,0.02426,0.63806,0.00338,1,0.01136,0.01647,0.64199,0.00339,1,0,0.00000,29
0.38574,-0.26182,5277.80566,0.07324,11838,1,0.54708,-0.12173,1,0.32847,-0.30046,1,0.43778,-0.21109,1,0.24185,0.36619,17.62641,0.96792,1,0.54463,0.40657,16.68822,0.96073,1,-0.05723,0.02215,0.58138,0.00334,1,0.01120,0.01619,0.63294,0.00321,1,0,0.00000,29
0.39017,-0.25770,5277.80566,0.08008,11838,1,0.56737,-0.13075,1,0.31907,-0.28577,1,0.44322,-0.20826,1,0.24201,0.36612,18.24848,0.95444,1,0.54498,0.40639,16.29963,0.95444,1,-0.05723,0.02215,0.58138,0.00333,1,0.01120,0.01619,0.63294,0.00323,1,0,0.00000,29
0.39360,-0.25340,5277.80566,0.08691,11838,1,0.58274,-0.11599,1,0.29369,-0.27897,1,0.43821,-0.19748,1,0.24239,0.36612,17.77850,0.94815,1,0.54501,0.40661,16.46714,0.94815,1,-0.05723,0.02215,0.58138,0.00338,1,0.01120,0.01619,0.63294,0.00314,1,0,0.00000,29
0.42633,-0.25785,5277.80566,0.08691,11838,0,0.58274,-0.11599,1,0.29369,-0.27897,1,0.43821,-0.19748,1,0.24219,0.36595,17.68298,0.94815,1,0.54512,0.40685,16.44820,0.94815,1,-0.06318,0.02447,0.64223,0.00334,1,0.01159,0.01652,0.64401,0.00321,1,0,0.00000,29
0.42849,-0.24341,5277.80566,0.08691,11838,0,0.53340,-0.14676,1,0.32790,-0.31116,1,0.43065,-0.22896,1,0.24250,0.36574,17.41260,0.95444,1,0.54508,0.40644,16.15339,0.95444,1,-0.06318,0.02447,0.64223,0.00330,1,0.01159,0.01652,0.64401,0.00312,1,0,0.00000,29
0.42984,-0.23043,5277.80566,0.08691,11838,0,0.54244,-0.16285,1,0.32264,-0.24614,1,0.43254,-0.20449,1,0.24281,0.36579,17.83851,0.96073,1,0.54532,0.40647,16.72423,0.96073,1,-0.06318,0.02447,0.64223,0.00333,1,0.01159,0.01652,0.64401,0.00315,1,0,0.00000,29
0.43033,-0.22604,5277.89941,0.02002,11839,1,0.54160,-0.17069,1,0.32197,-0.25501,1,0.43179,-0.21285,1,0.24273,0.36551,17.35360,0.96701,1,0.54545,0.40653,16.77616,0.96701,1,-0.06246,0.02428,0.63596,0.00331,1,0.01159,0.01652,0.64401,0.00319,1,0,0.00000,29
0.43223,-0.22343,5277.89941,0.02686,11839,1,0.56364,-0.17617,1,0.31605,-0.24979,1,0.43985,-0.21298,1,0.24295,0.36560,17.71312,0.96701,1,0.54579,0.40652,16.44413,0.96701,1,-0.06246,0.02428,0.63596,0.00339,1,0.01159,0.01652,0.64401,0.00318,1,0,0.00000,29
0.43421,-0.22720,5277.89941,0.03369,11839,1,0.56463,-0.17635,1,0.32352,-0.31575,1,0.44407,-0.24605,1,0.24293,0.36544,17.75116,0.96701,1,0.54579,0.40658,16.43658,0.96701,1,-0.06246,0.02428,0.63596,0.00339,1,0.01159,0.01652,0.64401,0.00315,1,0,0.00000,29
0.43562,-0.22989,5277.89941,0.04053,11839,1,0.56463,-0.17635,1,0.32352,-0.31575,1,0.44407,-0.24605,1,0.24296,0.36537,17.91425,0.96701,1,0.54577,0.40660,16.23879,0.96701,1,-0.06246,0.02437,0.63596,0.00337,1,0.01161,0.01627,0.63447,0.00316,1,0,0.00000,29
0.43641,-0.23432,5277.89941,0.04688,11839,1,0.57390,-0.20213,1,0.31011,-0.32857,1,0.44201,-0.26535,1,0.24307,0.36544,17.64355,0.96701,1,0.54626,0.40682,16.57431,0.96701,1,-0.06246,0.02437,0.63596,0.00337,1,0.01161,0.01627,0.63447,0.00329,1,0,0.00000,29
0.43850,-0.23681,5277.89941,0.05371,11839,1,0.58566,-0.19717,1,0.32462,-0.31617,1,0.45514,-0.25667,1,0.24325,0.36545,17.22961,0.96701,1,0.54583,0.40658,16.13119,0.96701,1,-0.06246,0.02437,0.63596,0.00338,1,0.01161,0.01627,0.63447,0.00315,1,0,0.00000,29
0.44016,-0.23879,5277.89941,0.06055,11839,1,0.58566,-0.19717,1,0.32462,-0.31617,1,0.45514,-0.25667,1,0.24319,0.36546,17.14283,0.96701,1,0.54586,0.40659,16.12053,0.96701,1,-0.06328,0.02473,0.64528,0.00337,1,0.01161,0.01627,0.63447,0.00315,1,0,0.00000,29
0.43898,-0.24118,5277.89941,0.06689,11839,1,0.53137,-0.20139,1,0.32303,-0.32862,1,0.42720,-0.26501,1,0.24358,0.36551,17.86186,0.96701,1,0.54613,0.40629,16.74788,0.96701,1,-0.06328,0.02473,0.64528,0.00347,1,0.01161,0.01627,0.63447,0.00311,1,0,0.00000,29
0.43849,-0.24261,5277.89941,0.07373,11839,1,0.53140,-0.20097,1,0.33465,-0.31577,1,0.43303,-0.25837,1,0.24353,0.36551,17.98059,0.96701,1,0.54618,0.40638,16.74026,0.96701,1,-0.06328,0.02473,0.64528,0.00345,1,0.01161,0.01627,0.63447,0.00317,1,0,0.00000,29
0.43807,-0.24382,5277.89941,0.08057,11839,1,0.53140,-0.20097,1,0.33465,-0.31577,1,0.43303,-0.25837,1,0.24353,0.36549,17.98607,0.96701,1,0.54622,0.40649,16.71970,0.96701,1,-0.06235,0.02441,0.63579,0.00345,1,0.01165,0.01629,0.63685,0.00321,1,0,0.00000,29
0.43725,-0.24626,5277.89941,0.08740,11839,1,0.54415,-0.22664,1,0.30910,-0.32937,1,0.42663,-0.27801,1,0.24321,0.36514,17.41756,0.96701,1,0.54633,0.40645,16.53498,0.96701,1,-0.06235,0.02441,0.63579,0.00329,1,0.01165,0.01629,0.63685,0.00318,1,0,0.00000,29
0.43688,-0.24638,5277.89941,0.09375,11839,1,0.54644,-0.22607,1,0.31703,-0.26990,1,0.43174,-0.24799,1,0.24311,0.36540,17.51450,0.96701,1,0.54657,0.40650,16.42235,0.96701,1,-0.06235,0.02441,0.63579,0.00334,1,0.01165,0.01629,0.63685,0.00318,1,0,0.00000,29
0.43651,-0.24716,5277.89941,0.10107,11839,1,0.54644,-0.22607,1,0.31534,-0.29173,1,0.43089,-0.25890,1,0.24355,0.36554,18.16652,0.96701,1,0.54666,0.40643,16.28785,0.98229,1,-0.06235,0.02441,0.63579,0.00340,1,0.01259,0.01750,0.68232,0.00320,1,0,0.00000,29
0.43605,-0.24920,5277.89941,0.10693,11839,1,0.54494,-0.25685,1,0.31266,-0.30681,1,0.42880,-0.28183,1,0.24362,0.36541,17.53983,0.98229,1,0.54670,0.40631,16.10876,0.99757,1,-0.06235,0.02441,0.63579,0.00345,1,0.01259,0.01750,0.68232,0.00323,1,0,0.00000,29
0.43569,-0.25395,5277.89941,0.11377,11839,1,0.54598,-0.27484,1,0.31300,-0.39459,1,0.42949,-0.33472,1,0.24362,0.36541,17.53983,0.99757,1,0.54665,0.40630,16.30125,1.01285,1,-0.06235,0.02441,0.63579,0.00345,1,0.01259,0.01750,0.68232,0.00322,1,0,0.00000,29
0.43529,-0.25901,5277.89941,0.12109,11839,1,0.54409,-0.29486,1,0.31222,-0.40530,1,0.42815,-0.35008,1,0.24362,0.36541,17.53983,1.01285,1,0.54665,0.40630,16.30125,1.02004,1,-0.06328,0.02473,0.64528,0.00345,1,0.01231,0.01705,0.66486,0.00322,1,0,0.00000,29
0.43512,-0.26330,5277.89941,0.12695,11839,1,0.54289,-0.30461,1,0.32075,-0.38494,1,0.43182,-0.34477,1,0.24367,0.36540,17.68109,1.02004,1,0.54652,0.40645,16.45173,1.01195,1,-0.06328,0.02473,0.64528,0.00345,1,0.01231,0.01705,0.66486,0.00319,1,0,0.00000,29
0.43529,-0.26685,5277.89941,0.13330,11839,1,0.55310,-0.30510,1,0.32425,-0.37085,1,0.43867,-0.33798,1,0.24342,0.36518,17.62359,1.01195,1,0.54662,0.40644,16.45553,1.00386,1,-0.06328,0.02473,0.64528,0.00334,1,0.01231,0.01705,0.66486,0.00314,1,0,0.00000,29
0.43158,-0.29522,5277.89941,0.13330,11839,0,0.55403,-0.29439,1,0.32505,-0.35891,1,0.43954,-0.32665,1,0.24344,0.36516,17.46192,1.00386,1,0.54655,0.40642,16.39767,0.99577,1,-0.06328,0.02473,0.64528,0.00335,1,0.01231,0.01705,0.66486,0.00317,1,0,0.00000,29
0.43296,-0.31036,5277.89941,0.13330,11839,0,0.54308,-0.27391,1,0.32558,-0.37709,1,0.43433,-0.32550,1,0.24344,0.36516,17.72870,0.99577,1,0.54659,0.40635,16.29472,0.99577,1,-0.06328,0.02473,0.64528,0.00334,1,0.01231,0.01705,0.66486,0.00321,1,0,0.00000,29
0.43346,-0.31504,5277.89941,0.13330,11839,0,0.54841,-0.28156,1,0.32055,-0.36726,1,0.43448,-0.32441,1,0.24342,0.36518,17.62359,0.99577,1,0.54662,0.40638,16.11783,0.99577,1,-0.06328,0.02473,0.64528,0.00334,1,0.01231,0.01705,0.66486,0.00316,1,0,0.00000,29
0.43372,-0.31739,5278.03955,0.02051,11840,1,0.54841,-0.28156,1,0.32055,-0.36726,1,0.43448,-0.32441,1,0.24342,0.36518,17.62359,0.99577,1,0.54660,0.40645,16.11330,0.99577,1,-0.06328,0.02473,0.64528,0.00334,1,0.01231,0.01705,0.66486,0.00314,1,0,0.00000,29
0.43345,-0.31799,5278.03955,0.02734,11840,1,0.54394,-0.27144,1,0.32079,-0.36940,1,0.43237,-0.32042,1,0.24366,0.36541,17.41561,0.99577,1,0.54653,0.40633,16.23279,0.99577,1,-0.06328,0.02473,0.64528,0.00347,1,0.01231,0.01705,0.66486,0.00320,1,0,0.00000,29
0.43398,-0.31895,5278.03955,0.03320,11840,1,0.55275,-0.28023,1,0.32055,-0.36726,1,0.43665,-0.32375,1,0.24334,0.36521,17.53351,0.99577,1,0.54664,0.40633,16.18178,0.99577,1,-0.06328,0.02473,0.64528,0.00335,1,0.01231,0.01705,0.66486,0.00319,1,0,0.00000,29
0.43436,-0.31964,5278.03955,0.04053,11840,1,0.55275,-0.28023,1,0.32055,-0.36726,1,0.43665,-0.32375,1,0.24341,0.36519,17.69153,0.99577,1,0.54659,0.40640,16.02145,0.99577,1,-0.06328,0.02473,0.64528,0.00334,1,0.01231,0.01705,0.66486,0.00321,1,0,0.00000,29
0.43677,-0.31928,5278.03955,0.04736,11840,1,0.57595,-0.27695,1,0.33124,-0.35667,1,0.45360,-0.31681,1,0.24360,0.36509,18.11222,0.99577,1,0.54685,0.40641,16.66661,0.99577,1,-0.06328,0.02473,0.64528,0.00331,1,0.01231,0.01705,0.66486,0.00310,1,0,0.00000,29
0.44549,-0.31664,5278.03955,0.05518,11840,1,0.63256,-0.23780,1,0.39790,-0.35315,1,0.51523,-0.29547,1,0.24502,0.36516,17.84111,0.99577,1,0.54787,0.40653,17.06042,0.99577,1,-0.06328,0.02473,0.64528,0.00338,1,0.01231,0.01705,0.66486,0.00317,1,0,0.00000,28
0.45247,-0.31400,5278.03955,0.06055,11840,1,0.63256,-0.23780,1,0.39815,-0.34265,1,0.51535,-0.29023,1,0.24533,0.36506,17.60863,0.99577,1,0.54841,0.40641,17.16693,0.98858,1,-0.06232,0.02454,0.64032,0.00335,1,0.01231,0.01667,0.65165,0.00310,1,0,0.00000,28
0.46865,-0.31172,5278.03955,0.06738,11840,1,0.75395,-0.22166,1,0.50682,-0.35622,1,0.63039,-0.28894,1,0.24757,0.36540,17.37170,0.98858,1,0.55041,0.40618,17.22095,0.98139,1,-0.06232,0.02454,0.64032,0.00327,1,0.01231,0.01667,0.65165,0.00325,1,0,0.00000,28
0.48251,-0.30891,5278.03955,0.07373,11840,1,0.75347,-0.21204,1,0.51650,-0.34405,1,0.63498,-0.27804,1,0.24833,0.36535,17.42121,0.98139,1,0.55078,0.40631,17.07865,0.97420,1,-0.06232,0.02454,0.64032,0.00325,1,0.01231,0.01667,0.65165,0.00321,1,0,0.00000,28
0.49426,-0.30692,5278.03955,0.08057,11840,1,0.75346,-0.21182,1,0.51702,-0.35433,1,0.63524,-0.28308,1,0.24880,0.36544,17.68418,0.98123,1,0.55098,0.40618,17.20400,0.98123,1,-0.06401,0.02529,0.66126,0.00329,1,0.01298,0.01723,0.67354,0.00325,1,0,0.00000,28
0.50369,-0.30643,5278.03955,0.08740,11840,1,0.73882,-0.20382,1,0.51377,-0.39621,1,0.62630,-0.30001,1,0.24875,0.36538,17.83054,0.98825,1,0.55079,0.40609,16.79657,0.99544,1,-0.06401,0.02529,0.66126,0.00326,1,0.01298,0.01723,0.67354,0.00326,1,0,0.00000,28
0.51120,-0.30822,5278.03955,0.09424,11840,1,0.73434,-0.25836,1,0.49832,-0.40824,1,0.61633,-0.33330,1,0.24864,0.36520,17.98440,1.00247,1,0.55043,0.40643,17.06765,1.00966,1,-0.06401,0.02529,0.66126,0.00326,1,0.01298,0.01723,0.67354,0.00341,1,0,0.00000,28
0.54580,-0.30766,5278.03955,0.09424,11840,0,0.73468,-0.26807,1,0.49832,-0.40824,1,0.61650,-0.33816,1,0.24836,0.36524,17.36007,1.00966,1,0.55049,0.40636,16.76841,1.00966,1,-0.06149,0.02428,0.63478,0.00328,1,0.01235,0.01646,0.64353,0.00339,1,0,0.00000,28
0.58157,-0.31385,5278.03955,0.09424,11840,0,0.72194,-0.25305,1,0.51274,-0.38703,1,0.61734,-0.32004,1,0.24847,0.36514,17.41838,1.00263,1,0.55048,0.40641,16.99637,0.99544,1,-0.06149,0.02428,0.63478,0.00330,1,0.01235,0.01646,0.64353,0.00340,1,0,0.00000,28
0.59379,-0.31040,5278.03955,0.09424,11840,0,0.72496,-0.23350,1,0.51153,-0.37350,1,0.61825,-0.30350,1,0.24839,0.36539,17.25491,0.98842,1,0.55048,0.40641,16.99637,0.98123,1,-0.06149,0.02428,0.63478,0.00331,1,0.01235,0.01646,0.64353,0.00340,1,0,0.00000,28
0.59971,-0.30366,5278.14111,0.01904,11841,1,0.72440,-0.21444,1,0.51054,-0.35240,1,0.61747,-0.28342,1,0.24839,0.36539,17.25491,0.97420,1,0.55047,0.40644,16.98726,0.96701,1,-0.06149,0.02428,0.63478,0.00331,1,0.01235,0.01646,0.64353,0.00340,1,0,0.00000,28
0.60473,-0.29819,5278.14111,0.02588,11841,1,0.74006,-0.20838,1,0.50952,-0.34431,1,0.62479,-0.27634,1,0.24835,0.36538,17.57803,0.96701,1,0.55044,0.40645,17.04052,0.96701,1,-0.06149,0.02428,0.63478,0.00329,1,0.01235,0.01646,0.64353,0.00340,1,0,0.00000,28
0.60985,-0.29348,5278.14111,0.03320,11841,1,0.76527,-0.19444,1,0.50566,-0.34537,1,0.63547,-0.26991,1,0.24780,0.36558,17.80713,0.96701,1,0.55048,0.40641,16.99637,0.96701,1,-0.06149,0.02428,0.63478,0.00344,1,0.01235,0.01646,0.64353,0.00339,1,0,0.00000,28
0.61351,-0.29011,5278.14111,0.03955,11841,1,0.76527,-0.19444,1,0.50566,-0.34537,1,0.63547,-0.26991,1,0.24774,0.36550,17.61329,0.96701,1,0.55048,0.40641,16.99637,0.96701,1,-0.06200,0.02444,0.63898,0.00344,1,0.01235,0.01646,0.64353,0.00339,1,0,0.00000,28
0.61815,-0.28903,5278.14111,0.04639,11841,1,0.75973,-0.20012,1,0.54158,-0.36277,1,0.65065,-0.28145,1,0.24775,0.36542,17.69587,0.96701,1,0.55081,0.40612,16.89474,0.96701,1,-0.06200,0.02444,0.63898,0.00344,1,0.01235,0.01646,0.64353,0.00325,1,0,0.00000,28
0.62085,-0.28804,5278.14111,0.05273,11841,1,0.75357,-0.20554,1,0.53129,-0.35468,1,0.64243,-0.28011,1,0.24774,0.36540,17.62073,0.96701,1,0.55081,0.40612,16.89474,0.96701,1,-0.06200,0.02444,0.63898,0.00345,1,0.01235,0.01646,0.64353,0.00324,1,0,0.00000,28
0.62301,-0.28724,5278.14111,0.06104,11841,1,0.75357,-0.20554,1,0.53129,-0.35468,1,0.64243,-0.28011,1,0.24773,0.36542,17.62213,0.96701,1,0.55074,0.40612,16.89130,0.96701,1,-0.06177,0.02431,0.63565,0.00344,1,0.01235,0.01650,0.64323,0.00325,1,0,0.00000,28
0.62459,-0.28722,5278.14111,0.06641,11841,1,0.75042,-0.20786,1,0.53035,-0.36613,1,0.64039,-0.28700,1,0.24776,0.36529,17.88559,0.96701,1,0.55067,0.40604,17.11024,0.96701,1,-0.06177,0.02431,0.63565,0.00342,1,0.01235,0.01650,0.64323,0.00323,1,0,0.00000,28
0.62568,-0.28795,5278.14111,0.07324,11841,1,0.74699,-0.21681,1,0.52848,-0.37503,1,0.63773,-0.29592,1,0.24798,0.36498,17.77207,0.96701,1,0.55070,0.40599,17.00344,0.96701,1,-0.06177,0.02431,0.63565,0.00334,1,0.01235,0.01650,0.64323,0.00323,1,0,0.00000,28
0.62661,-0.28856,5278.14111,0.08008,11841,1,0.74699,-0.21681,1,0.52848,-0.37503,1,0.63773,-0.29592,1,0.24798,0.36499,17.69133,0.96701,1,0.55069,0.40602,16.95950,0.96701,1,-0.06195,0.02443,0.63755,0.00334,1,0.01235,0.01650,0.64323,0.00326,1,0,0.00000,28
0.62743,-0.29016,5278.14111,0.08643,11841,1,0.74860,-0.23443,1,0.52757,-0.38738,1,0.63808,-0.31090,1,0.24771,0.36521,17.67792,0.96701,1,0.55065,0.40606,16.96404,0.96701,1,-0.06195,0.02443,0.63755,0.00344,1,0.01235,0.01650,0.64323,0.00326,1,0,0.00000,28
0.62772,-0.28956,5278.14111,0.09326,11841,1,0.73566,-0.24279,1,0.52802,-0.31953,1,0.63184,-0.28116,1,0.24768,0.36533,17.66836,0.96701,1,0.55096,0.40580,16.51809,0.96701,1,-0.06195,0.02443,0.63755,0.00340,1,0.01235,0.01650,0.64323,0.00344,1,0,0.00000,28
0.62798,-0.28903,5278.14111,0.10010,11841,1,0.73566,-0.24279,1,0.52802,-0.31953,1,0.63184,-0.28116,1,0.24790,0.36513,17.62869,0.96701,1,0.55098,0.40578,16.54543,0.96701,1,-0.06195,0.02443,0.63755,0.00328,1,0.01235,0.01650,0.64323,0.00343,1,0,0.00000,28
0.62770,-0.28781,5278.14111,0.10645,11841,1,0.72770,-0.24939,1,0.51855,-0.28717,1,0.62312,-0.26828,1,0.24752,0.36535,17.11843,0.96701,1,0.55100,0.40562,16.59972,0.96701,1,-0.06195,0.02443,0.63755,0.00341,1,0.01235,0.01650,0.64323,0.00347,1,0,0.00000,28
0.62817,-0.28716,5278.14111,0.11377,11841,1,0.74514,-0.26115,1,0.52742,-0.29118,1,0.63628,-0.27616,1,0.24767,0.36539,17.48821,0.96701,1,0.55095,0.40550,15.93448,0.96701,1,-0.06195,0.02443,0.63755,0.00341,1,0.01235,0.01650,0.64323,0.00349,1,0,0.00000,28
0.62860,-0.28658,5278.14111,0.12012,11841,1,0.74514,-0.26115,1,0.52742,-0.29118,1,0.63628,-0.27616,1,0.24747,0.36531,17.53342,0.96701,1,0.55097,0.40549,15.82819,0.96701,1,-0.06195,0.02443,0.63755,0.00339,1,0.01235,0.01650,0.64323,0.00351,1,0,0.00000,28
0.62868,-0.28610,5278.14111,0.12598,11841,1,0.73286,-0.25971,1,0.52739,-0.29408,1,0.63013,-0.27689,1,0.24746,0.36533,17.59443,0.96701,1,0.55111,0.40600,16.21166,0.96701,1,-0.06195,0.02443,0.63755,0.00340,1,0.01235,0.01650,0.64323,0.00333,1,0,0.00000,28
0.62944,-0.28502,5278.14111,0.13330,11841,1,0.76142,-0.22174,1,0.52787,-0.30525,1,0.64464,-0.26350,1,0.24749,0.36528,17.59480,0.96701,1,0.55104,0.40594,16.02358,0.96701,1,-0.06195,0.02443,0.63755,0.00337,1,0.01235,0.01650,0.64323,0.00334,1,0,0.00000,28
0.63013,-0.28404,5278.14111,0.13965,11841,1,0.76142,-0.22174,1,0.52787,-0.30525,1,0.64464,-0.26350,1,0.24761,0.36511,17.60851,0.96701,1,0.55106,0.40597,16.14275,0.96701,1,-0.06177,0.02441,0.63565,0.00336,1,0.01235,0.01650,0.64323,0.00334,1,0,0.00000,28
0.63030,-0.28266,5278.14111,0.14648,11841,1,0.73506,-0.18040,1,0.53323,-0.32399,1,0.63415,-0.25220,1,0.24767,0.36472,17.52267,0.96701,1,0.55087,0.40516,16.58627,0.96701,1,-0.06177,0.02441,0.63565,0.00335,1,0.01235,0.01650,0.64323,0.00308,1,0,0.00000,28
0.63106,-0.28146,5278.14111,0.15430,11841,1,0.76375,-0.16999,1,0.53324,-0.33789,1,0.64849,-0.25394,1,0.24767,0.36472,17.52267,0.96701,1,0.55098,0.40535,16.17224,0.96701,1,-0.06177,0.02441,0.63565,0.00335,1,0.01235,0.01650,0.64323,0.00315,1,0,0.00000,28
0.63176,-0.28036,5278.14111,0.16016,11841,1,0.76375,-0.16999,1,0.53324,-0.33789,1,0.64849,-0.25394,1,0.24774,0.36456,17.67836,0.96701,1,0.55080,0.40537,16.96401,0.96701,1,-0.06177,0.02441,0.63565,0.00334,1,0.01235,0.01650,0.64323,0.00310,1,0,0.00000,28
0.63247,-0.27964,5278.14111,0.16650,11841,1,0.76441,-0.19381,1,0.53618,-0.32942,1,0.65030,-0.26161,1,0.24752,0.36457,17.16316,0.96701,1,0.55090,0.40527,16.68894,0.96701,1,-0.06177,0.02441,0.63565,0.00334,1,0.01235,0.01650,0.64323,0.00316,1,0,0.00000,28
0.63325,-0.27921,5278.14111,0.17334,11841,1,0.76718,-0.21077,1,0.53959,-0.32504,1,0.65339,-0.26791,1,0.24774,0.36441,17.00371,0.96701,1,0.55090,0.40527,16.58005,0.96701,1,-0.06177,0.02441,0.63565,0.00339,1,0.01235,0.01650,0.64323,0.00319,1,0,0.00000,28
0.63396,-0.27880,5278.14111,0.18018,11841,1,0.76718,-0.21077,1,0.53959,-0.32504,1,0.65339,-0.26791,1,0.24772,0.36425,16.93290,0.96701,1,0.55073,0.40527,16.71461,0.96701,1,-0.06177,0.02441,0.63565,0.00347,1,0.01235,0.01655,0.64353,0.00326,1,0,0.00000,28
0.63480,-0.27865,5278.14111,0.18701,11841,1,0.77805,-0.22048,1,0.53817,-0.32820,1,0.65811,-0.27434,1,0.24791,0.36433,17.42080,0.96701,1,0.55079,0.40538,16.70832,0.96701,1,-0.06177,0.02441,0.63565,0.00343,1,0.01235,0.01655,0.64353,0.00325,1,0,0.00000,28
0.63552,-0.27869,5278.14111,0.19336,11841,1,0.77214,-0.22278,1,0.54084,-0.33678,1,0.65649,-0.27978,1,0.24790,0.36446,17.45056,0.96701,1,0.55094,0.40524,16.22220,0.96701,1,-0.06177,0.02441,0.63565,0.00337,1,0.01235,0.01655,0.64353,0.00326,1,0,0.00000,28
0.63621,-0.27889,5278.14111,0.20020,11841,1,0.77214,-0.22278,1,0.54154,-0.34730,1,0.65684,-0.28504,1,0.24763,0.36465,17.64444,0.96701,1,0.55094,0.40524,16.22220,0.97420,1,-0.06177,0.02441,0.63565,0.00340,1,0.01270,0.01690,0.65903,0.00326,1,0,0.00000,28
0.63705,-0.27930,5278.14111,0.20703,11841,1,0.77870,-0.23036,1,0.54740,-0.35342,1,0.66305,-0.29189,1,0.24756,0.36444,17.23859,0.97420,1,0.55103,0.40549,16.11835,0.98139,1,-0.06177,0.02441,0.63565,0.00350,1,0.01270,0.01690,0.65903,0.00321,1,0,0.00000,28
0.63779,-0.28009,5278.14111,0.21338,11841,1,0.77011,-0.23911,1,0.55306,-0.37192,1,0.66159,-0.30551,1,0.24767,0.36444,17.46844,0.98139,1,0.55127,0.40435,15.90250,0.98858,1,-0.06177,0.02441,0.63565,0.00348,1,0.01270,0.01690,0.65903,0.00288,1,0,0.00000,28
0.63851,-0.28114,5278.14111,0.22070,11841,1,0.77070,-0.24897,1,0.55383,-0.38245,1,0.66227,-0.31571,1,0.24753,0.36459,17.33604,0.98858,1,0.55132,0.40434,16.05508,0.99577,1,-0.06177,0.02441,0.63565,0.00342,1,0.01270,0.01690,0.65903,0.00283,1,0,0.00000,28
0.63874,-0.28204,5278.14111,0.22705,11841,1,0.77673,-0.25733,1,0.51610,-0.36770,1,0.64642,-0.31251,1,0.24754,0.36465,17.32803,0.99577,1,0.55134,0.40438,15.94307,0.99577,1,-0.06177,0.02441,0.63565,0.00341,1,0.01270,0.01690,0.65903,0.00284,1,0,0.00000,28
0.63892,-0.28300,5278.14111,0.23389,11841,1,0.77187,-0.25941,1,0.51869,-0.37411,1,0.64528,-0.31676,1,0.24748,0.36446,17.29918,0.99577,1,0.55134,0.40438,15.94307,0.99577,1,-0.06177,0.02441,0.63565,0.00344,1,0.01270,0.01690,0.65903,0.00284,1,0,0.00000,28
0.63909,-0.28391,5278.14111,0.24121,11841,1,0.77187,-0.25941,1,0.51869,-0.37411,1,0.64528,-0.31676,1,0.24751,0.36447,17.29541,0.99577,1,0.55134,0.40440,15.88766,0.99577,1,-0.06177,0.02441,0.63565,0.00344,1,0.01270,0.01690,0.65903,0.00284,1,0,0.00000,28
0.63891,-0.28460,5278.14111,0.24756,11841,1,0.76300,-0.25188,1,0.50132,-0.36826,1,0.63216,-0.31007,1,0.24830,0.36454,17.07035,0.99577,1,0.55153,0.40459,16.02523,0.99577,1,-0.06177,0.02441,0.63565,0.00348,1,0.01270,0.01690,0.65903,0.00282,1,0,0.00000,28
0.64014,-0.28564,5278.14111,0.25439,11841,1,0.80365,-0.27504,1,0.57058,-0.37538,1,0.68711,-0.32521,1,0.24919,0.36479,16.99508,0.99577,1,0.55238,0.40466,15.72582,0.99577,1,-0.06177,0.02441,0.63565,0.00340,1,0.01270,0.01690,0.65903,0.00283,1,0,0.00000,28
0.64131,-0.28650,5278.14111,0.26074,11841,1,0.80365,-0.27504,1,0.56971,-0.36492,1,0.68668,-0.31998,1,0.24974,0.36504,17.05750,0.99577,1,0.55296,0.40474,15.74146,0.98858,1,-0.06171,0.02449,0.63902,0.00342,1,0.01257,0.01624,0.63488,0.00281,1,0,0.00000,28
0.67295,-0.31084,5278.14111,0.26074,11841,0,0.93746,-0.28700,1,0.72703,-0.41477,1,0.83225,-0.35088,1,0.25223,0.36529,17.21853,0.98858,1,0.55513,0.40476,15.44728,0.98139,1,-0.06171,0.02449,0.63902,0.00343,1,0.01257,0.01624,0.63488,0.00282,1,0,0.00000,28
0.76277,-0.33329,5278.14111,0.26074,11841,0,0.97827,-0.27958,1,0.72691,-0.43190,1,0.85259,-0.35574,1,0.25256,0.36533,16.91757,0.98139,1,0.55548,0.40455,15.50313,0.97420,1,-0.06171,0.02449,0.63902,0.00352,1,0.01257,0.01624,0.63488,0.00283,1,0,0.00000,28
0.79149,-0.33403,5278.14111,0.26074,11841,0,0.97456,-0.25960,1,0.72332,-0.41142,1,0.84894,-0.33551,1,0.25294,0.36552,17.04443,0.96792,1,0.55596,0.40445,15.99743,0.96073,1,-0.05930,0.02362,0.61746,0.00345,1,0.01301,0.01651,0.64729,0.00282,1,0,0.00000,28
0.84367,-0.33733,5278.14111,0.26074,11841,0,0.95480,-0.23060,1,0.70418,-0.41087,1,0.82949,-0.32074,1,0.25287,0.36543,17.19172,0.95444,1,0.55577,0.40443,15.95833,0.95444,1,-0.05930,0.02362,0.61746,0.00347,1,0.01301,0.01651,0.64729,0.00274,1,0,0.00000,28
0.83040,-0.32406,5278.14111,0.26074,11841,0,0.93498,-0.22787,1,0.69926,-0.39369,1,0.81712,-0.31078,1,0.25268,0.36557,17.63665,0.94815,1,0.55573,0.40459,15.48462,0.94815,1,-0.05930,0.02362,0.61746,0.00352,1,0.01301,0.01651,0.64729,0.00276,1,0,0.00000,28
0.82597,-0.31963,5278.14111,0.26074,11841,0,0.93498,-0.22787,1,0.69926,-0.39369,1,0.81712,-0.31078,1,0.25261,0.36530,17.31514,0.94815,1,0.55573,0.40459,15.48462,0.94815,1,-0.06143,0.02444,0.63907,0.00358,1,0.01301,0.01651,0.64729,0.00275,1,0,0.00000,28
0.82560,-0.31838,5278.42871,0.02002,11842,1,0.94058,-0.23009,1,0.70837,-0.39920,1,0.82447,-0.31465,1,0.25270,0.36554,17.50166,0.95444,1,0.55573,0.40459,15.48417,0.95444,1,-0.06143,0.02444,0.63907,0.00352,1,0.01301,0.01651,0.64729,0.00275,1,0,0.00000,28
0.82659,-0.31859,5278.42871,0.02686,11842,1,0.94132,-0.23392,1,0.71981,-0.40494,1,0.83056,-0.31943,1,0.25272,0.36553,17.64564,0.96073,1,0.55573,0.40459,15.48417,0.96073,1,-0.06143,0.02444,0.63907,0.00336,1,0.01301,0.01651,0.64729,0.00275,1,0,0.00000,28
0.82752,-0.32029,5278.42871,0.03418,11842,1,0.94287,-0.24305,1,0.72147,-0.41446,1,0.83217,-0.32876,1,0.25251,0.36523,17.19908,0.96701,1,0.55577,0.40444,15.95149,0.96701,1,-0.06070,0.02407,0.63051,0.00333,1,0.01301,0.01651,0.64729,0.00274,1,0,0.00000,28
0.82757,-0.32148,5278.42871,0.04199,11842,1,0.93652,-0.24241,1,0.71917,-0.41483,1,0.82784,-0.32862,1,0.25228,0.36511,16.56921,0.96701,1,0.55580,0.40456,15.68531,0.96701,1,-0.06070,0.02407,0.63051,0.00333,1,0.01301,0.01651,0.64729,0.00273,1,0,0.00000,28
0.82765,-0.32333,5278.42871,0.04736,11842,1,0.93828,-0.25868,1,0.71814,-0.41391,1,0.82821,-0.33630,1,0.25249,0.36527,16.84602,0.96701,1,0.55581,0.40461,15.82655,0.96701,1,-0.06070,0.02407,0.63051,0.00333,1,0.01301,0.01651,0.64729,0.00273,1,0,0.00000,28
0.82771,-0.32477,5278.42871,0.05371,11842,1,0.93828,-0.25868,1,0.71814,-0.41391,1,0.82821,-0.33630,1,0.25226,0.36522,16.98679,0.96701,1,0.55576,0.40466,15.36400,0.96701,1,-0.06070,0.02407,0.63051,0.00330,1,0.01301,0.01651,0.64729,0.00274,1,0,0.00000,28
0.82772,-0.32533,5278.42871,0.06201,11842,1,0.93968,-0.25545,1,0.71585,-0.40522,1,0.82776,-0.33034,1,0.25199,0.36543,17.12163,0.96701,1,0.55583,0.40477,15.47743,0.96701,1,-0.06070,0.02407,0.63051,0.00343,1,0.01301,0.01651,0.64729,0.00277,1,0,0.00000,28
0.82787,-0.32587,5278.42871,0.06641,11842,1,0.93947,-0.25496,1,0.71946,-0.40762,1,0.82947,-0.33129,1,0.25223,0.36514,17.18584,0.96701,1,0.55583,0.40477,15.47743,0.96701,1,-0.06070,0.02407,0.63051,0.00330,1,0.01301,0.01651,0.64729,0.00277,1,0,0.00000,28
0.82801,-0.32632,5278.42871,0.07324,11842,1,0.93947,-0.25496,1,0.71946,-0.40762,1,0.82947,-0.33129,1,0.25225,0.36516,17.06226,0.96701,1,0.55583,0.40477,15.47743,0.96701,1,-0.06070,0.02407,0.63051,0.00331,1,0.01301,0.01651,0.64729,0.00277,1,0,0.00000,28
0.82837,-0.32602,5278.42871,0.08008,11842,1,0.94092,-0.25549,1,0.72443,-0.38928,1,0.83267,-0.32239,1,0.25222,0.36513,17.04126,0.96701,1,0.55583,0.40477,15.47743,0.96701,1,-0.06070,0.02407,0.63051,0.00332,1,0.01301,0.01651,0.64729,0.00277,1,0,0.00000,28
0.82890,-0.32643,5278.42871,0.08691,11842,1,0.94270,-0.25354,1,0.72897,-0.41008,1,0.83583,-0.33181,1,0.25239,0.36500,16.67663,0.96701,1,0.55593,0.40483,15.52136,0.96701,1,-0.06070,0.02407,0.63051,0.00330,1,0.01301,0.01651,0.64729,0.00275,1,0,0.00000,28
0.82936,-0.32679,5278.42871,0.09375,11842,1,0.94270,-0.25354,1,0.72897,-0.41008,1,0.83583,-0.33181,1,0.25253,0.36519,16.76961,0.96701,1,0.55596,0.40477,15.48260,0.96701,1,-0.06070,0.02407,0.63051,0.00337,1,0.01301,0.01651,0.64729,0.00272,1,0,0.00000,28
0.82997,-0.32731,5278.42871,0.10059,11842,1,0.94713,-0.26743,1,0.73104,-0.40262,1,0.83909,-0.33502,1,0.25265,0.36516,16.95345,0.96701,1,0.55609,0.40458,15.91798,0.96701,1,-0.06070,0.02407,0.63051,0.00348,1,0.01301,0.01651,0.64729,0.00276,1,0,0.00000,28
0.82972,-0.32839,5278.42871,0.10693,11842,1,0.95087,-0.27718,1,0.70067,-0.41447,1,0.82577,-0.34583,1,0.25265,0.36514,17.01350,0.96701,1,0.55609,0.40460,15.41809,0.96701,1,-0.06070,0.02407,0.63051,0.00350,1,0.01301,0.01651,0.64729,0.00276,1,0,0.00000,28
0.82946,-0.32909,5278.42871,0.11377,11842,1,0.95087,-0.27718,1,0.69910,-0.40471,1,0.82498,-0.34095,1,0.25264,0.36510,16.96380,0.96701,1,0.55610,0.40455,15.34344,0.96058,1,-0.06224,0.02473,0.64651,0.00349,1,0.01269,0.01604,0.62907,0.00275,1,0,0.00000,28
0.82941,-0.33021,5278.42871,0.12061,11842,1,0.94537,-0.28686,1,0.71163,-0.41379,1,0.82850,-0.35032,1,0.25275,0.36538,17.08995,0.96058,1,0.55615,0.40449,15.52497,0.95415,1,-0.06224,0.02473,0.64651,0.00345,1,0.01269,0.01604,0.62907,0.00274,1,0,0.00000,28
0.82880,-0.33122,5278.42871,0.12695,11842,1,0.94813,-0.28059,1,0.68636,-0.42020,1,0.81724,-0.35039,1,0.25284,0.36525,16.99786,0.95415,1,0.55625,0.40441,15.30753,0.94771,1,-0.06224,0.02473,0.64651,0.00341,1,0.01269,0.01604,0.62907,0.00272,1,0,0.00000,28
0.82810,-0.33120,5278.42871,0.13379,11842,1,0.94489,-0.26131,1,0.68336,-0.40039,1,0.81412,-0.33085,1,0.25285,0.36519,16.99845,0.94143,1,0.55630,0.40438,15.39908,0.93500,1,-0.05930,0.02362,0.61746,0.00342,1,0.01253,0.01572,0.61645,0.00274,1,0,0.00000,28
0.82823,-0.33069,5278.42871,0.14062,11842,1,0.96063,-0.25164,1,0.70108,-0.38817,1,0.83085,-0.31990,1,0.25273,0.36479,16.95387,0.92871,1,0.55638,0.40421,15.39456,0.92871,1,-0.05930,0.02362,0.61746,0.00346,1,0.01253,0.01572,0.61645,0.00275,1,0,0.00000,28
0.82796,-0.33090,5278.42871,0.14746,11842,1,0.93755,-0.26007,1,0.70663,-0.41110,1,0.82209,-0.33558,1,0.25273,0.36493,17.17284,0.92242,1,0.55646,0.40432,15.45766,0.92242,1,-0.05930,0.02362,0.61746,0.00346,1,0.01253,0.01572,0.61645,0.00276,1,0,0.00000,28
0.82775,-0.33131,5278.42871,0.15381,11842,1,0.93755,-0.26007,1,0.70831,-0.42130,1,0.82293,-0.34068,1,0.25283,0.36501,16.96126,0.92242,1,0.55650,0.40429,15.40652,0.92885,1,-0.06211,0.02485,0.64719,0.00347,1,0.01294,0.01623,0.63444,0.00277,1,0,0.00000,28
0.82742,-0.33208,5278.42871,0.16064,11842,1,0.91514,-0.28323,1,0.72394,-0.41809,1,0.81954,-0.35066,1,0.25292,0.36492,16.90244,0.93514,1,0.55664,0.40430,15.60815,0.94157,1,-0.06211,0.02485,0.64719,0.00349,1,0.01294,0.01623,0.63444,0.00273,1,0,0.00000,28
0.82761,-0.33244,5278.42871,0.16699,11842,1,0.92745,-0.25452,1,0.73728,-0.42844,1,0.83237,-0.34148,1,0.25297,0.36481,16.81202,0.94786,1,0.55668,0.40430,15.57772,0.95429,1,-0.06211,0.02485,0.64719,0.00356,1,0.01294,0.01623,0.63444,0.00273,1,0,0.00000,28
0.82788,-0.33331,5278.42871,0.17432,11842,1,0.93046,-0.27349,1,0.73904,-0.43815,1,0.83475,-0.35582,1,0.25360,0.36335,15.91242,0.96058,1,0.55676,0.40431,15.49784,0.96058,1,-0.06211,0.02485,0.64719,0.00285,1,0.01269,0.01586,0.61998,0.00273,1,0,0.00000,28
0.82798,-0.33388,5278.42871,0.18066,11842,1,0.94219,-0.26872,1,0.71922,-0.42990,1,0.83070,-0.34931,1,0.25388,0.36322,15.76064,0.96058,1,0.55689,0.40427,15.22395,0.95415,1,-0.06211,0.02485,0.64719,0.00294,1,0.01269,0.01586,0.61998,0.00276,1,0,0.00000,28
0.82811,-0.33497,5278.42871,0.18701,11842,1,0.94310,-0.32012,1,0.72071,-0.41056,1,0.83191,-0.36534,1,0.25389,0.36326,15.67268,0.95415,1,0.55700,0.40438,15.30523,0.94771,1,-0.06211,0.02485,0.64719,0.00293,1,0.01269,0.01586,0.61998,0.00271,1,0,0.00000,28
0.82818,-0.33565,5278.42871,0.19434,11842,1,0.94150,-0.31010,1,0.71899,-0.40065,1,0.83024,-0.35537,1,0.25385,0.36323,15.80690,0.94771,1,0.55703,0.40428,15.07599,0.94128,1,-0.06211,0.02485,0.64719,0.00289,1,0.01267,0.01567,0.61466,0.00273,1,0,0.00000,28
0.82803,-0.33618,5278.42871,0.20068,11842,1,0.95004,-0.29246,1,0.69668,-0.41179,1,0.82336,-0.35212,1,0.25398,0.36332,15.73927,0.94128,1,0.55711,0.40438,15.10675,0.94128,1,-0.06211,0.02485,0.64719,0.00286,1,0.01267,0.01567,0.61466,0.00276,1,0,0.00000,28
0.82804,-0.33630,5278.42871,0.20752,11842,1,0.95548,-0.29434,1,0.70147,-0.38613,1,0.82847,-0.34024,1,0.25399,0.36335,15.86539,0.94128,1,0.55719,0.40441,15.24414,0.94128,1,-0.06211,0.02485,0.64719,0.00287,1,0.01267,0.01567,0.61466,0.00269,1,0,0.00000,28
0.82803,-0.33628,5278.42871,0.21387,11842,1,0.95381,-0.28456,1,0.70150,-0.38636,1,0.82766,-0.33546,1,0.25403,0.36333,15.86430,0.93500,1,0.55728,0.40434,15.75960,0.94143,1,-0.05977,0.02397,0.62427,0.00292,1,0.01331,0.01641,0.64337,0.00272,1,0,0.00000,28
0.82783,-0.33638,5278.42871,0.22070,11842,1,0.93342,-0.29120,1,0.70931,-0.38800,1,0.82137,-0.33960,1,0.25362,0.36481,16.78897,0.93514,1,0.55741,0.40427,15.56838,0.94157,1,-0.05977,0.02397,0.62427,0.00346,1,0.01331,0.01641,0.64337,0.00273,1,0,0.00000,28
0.82757,-0.33630,5278.42871,0.22754,11842,1,0.91197,-0.28328,1,0.72537,-0.38417,1,0.81867,-0.33373,1,0.25429,0.36338,15.78667,0.93529,1,0.55745,0.40430,15.62614,0.94172,1,-0.05977,0.02397,0.62427,0.00286,1,0.01331,0.01641,0.64337,0.00272,1,0,0.00000,28
0.82735,-0.33637,5278.42871,0.23438,11842,1,0.91341,-0.29318,1,0.72537,-0.38417,1,0.81939,-0.33867,1,0.25433,0.36336,15.95147,0.94172,1,0.55754,0.40444,15.37037,0.94172,1,-0.06165,0.02470,0.64440,0.00287,1,0.01300,0.01597,0.62616,0.00268,1,0,0.00000,28
0.82854,-0.33597,5278.42871,0.24121,11842,1,0.98904,-0.27692,1,0.75390,-0.36660,1,0.87147,-0.32176,1,0.25548,0.36348,15.46728,0.94801,1,0.55842,0.40465,15.18335,0.94157,1,-0.06165,0.02470,0.64440,0.00289,1,0.01300,0.01597,0.62616,0.00278,1,0,0.00000,28
0.83097,-0.33514,5278.42871,0.24805,11842,1,1.02926,-0.25112,1,0.81282,-0.35766,1,0.92104,-0.30439,1,0.25618,0.36363,15.25235,0.94786,1,0.55918,0.40468,15.10571,0.94143,1,-0.06165,0.02470,0.64440,0.00282,1,0.01300,0.01597,0.62616,0.00274,1,0,0.00000,28
0.83325,-0.33423,5278.42871,0.25488,11842,1,1.02711,-0.24134,1,0.81282,-0.35766,1,0.91996,-0.29950,1,0.25665,0.36372,15.26113,0.94143,1,0.55962,0.40482,15.37409,0.94143,1,-0.05946,0.02390,0.62496,0.00281,1,0.01336,0.01611,0.63169,0.00274,1,0,0.00000,28
0.83480,-0.33364,5278.42871,0.26123,11842,1,1.00826,-0.23932,1,0.78167,-0.38230,1,0.89497,-0.31081,1,0.25704,0.36368,15.45012,0.93514,1,0.55981,0.40454,15.11168,0.94157,1,-0.05946,0.02390,0.62496,0.00282,1,0.01336,0.01611,0.63169,0.00271,1,0,0.00000,28
0.83590,-0.33371,5278.42871,0.26807,11842,1,0.98878,-0.26408,1,0.77107,-0.40910,1,0.87993,-0.33659,1,0.25695,0.36353,15.14802,0.93529,1,0.55974,0.40423,15.48810,0.94172,1,-0.05946,0.02390,0.62496,0.00287,1,0.01336,0.01611,0.63169,0.00271,1,0,0.00000,28
0.83697,-0.33390,5278.42871,0.27441,11842,1,0.99071,-0.27401,1,0.77107,-0.40910,1,0.88089,-0.34156,1,0.25695,0.36353,15.14802,0.94172,1,0.55977,0.40435,15.19906,0.94172,1,-0.05669,0.02285,0.59633,0.00287,1,0.01303,0.01565,0.61389,0.00271,1,0,0.00000,28
0.86446,-0.32981,5278.42871,0.27441,11842,0,1.00083,-0.30205,1,0.77869,-0.40874,1,0.88976,-0.35539,1,0.25698,0.36347,15.30794,0.94801,1,0.55985,0.40418,14.91848,0.94157,1,-0.05669,0.02285,0.59633,0.00285,1,0.01303,0.01565,0.61389,0.00273,1,0,0.00000,28
0.88297,-0.34065,5278.42871,0.27441,11842,0,1.01140,-0.28900,1,0.79154,-0.41398,1,0.90147,-0.35149,1,0.25698,0.36344,15.23935,0.94786,1,0.55996,0.40415,15.02703,0.94143,1,-0.05669,0.02285,0.59633,0.00285,1,0.01303,0.01565,0.61389,0.00273,1,0,0.00000,28
0.88948,-0.34584,5278.42871,0.27441,11842,0,1.01136,-0.28877,1,0.79365,-0.42367,1,0.90250,-0.35622,1,0.25718,0.36336,14.99131,0.94771,1,0.55993,0.40418,14.94630,0.94771,1,-0.05669,0.02290,0.59633,0.00291,1,0.01385,0.01663,0.65031,0.00274,1,0,0.00000,28
0.89414,-0.35292,5278.70996,0.02002,11843,1,1.00593,-0.30296,1,0.81029,-0.44536,1,0.90811,-0.37416,1,0.25714,0.36329,15.25537,0.94771,1,0.56020,0.40422,15.00752,0.95415,1,-0.05669,0.02290,0.59633,0.00284,1,0.01385,0.01663,0.65031,0.00275,1,0,0.00000,28
0.89899,-0.36134,5278.70996,0.02686,11843,1,1.02058,-0.33486,1,0.81622,-0.45520,1,0.91840,-0.39503,1,0.25720,0.36329,15.31012,0.95415,1,0.56014,0.40428,15.22883,0.96058,1,-0.05669,0.02290,0.59633,0.00280,1,0.01385,0.01663,0.65031,0.00275,1,0,0.00000,28
0.90240,-0.36782,5278.70996,0.03320,11843,1,1.02265,-0.34518,1,0.81622,-0.45520,1,0.91944,-0.40019,1,0.25724,0.36324,15.34632,0.96058,1,0.56026,0.40418,15.15536,0.96058,1,-0.05669,0.02290,0.59633,0.00282,1,0.01324,0.01585,0.61965,0.00273,1,0,0.00000,28
0.90482,-0.36258,5278.70996,0.04004,11843,1,1.03732,-0.22619,1,0.80134,-0.43611,1,0.91933,-0.33115,1,0.25729,0.36324,15.60768,0.96058,1,0.56048,0.40403,15.15201,0.95415,1,-0.05669,0.02290,0.59633,0.00281,1,0.01324,0.01585,0.61965,0.00269,1,0,0.00000,28
0.90518,-0.35924,5278.70996,0.04639,11843,1,1.03672,-0.22054,1,0.77865,-0.45120,1,0.90768,-0.33587,1,0.25742,0.36310,15.31667,0.95415,1,0.56048,0.40405,15.02909,0.94771,1,-0.05669,0.02290,0.59633,0.00280,1,0.01324,0.01585,0.61965,0.00268,1,0,0.00000,28
0.90522,-0.35555,5278.70996,0.05566,11843,1,1.03453,-0.21104,1,0.77658,-0.44108,1,0.90555,-0.32606,1,0.25757,0.36312,15.05052,0.94771,1,0.56047,0.40407,15.05468,0.94128,1,-0.06007,0.02435,0.63285,0.00288,1,0.01339,0.01592,0.62230,0.00266,1,0,0.00000,28
0.90613,-0.35247,5278.70996,0.06055,11843,1,1.04554,-0.21241,1,0.78319,-0.43697,1,0.91437,-0.32469,1,0.25760,0.36309,15.21710,0.94128,1,0.56062,0.40402,15.05092,0.94128,1,-0.06007,0.02435,0.63285,0.00285,1,0.01339,0.01592,0.62230,0.00269,1,0,0.00000,28
0.90822,-0.35055,5278.70996,0.06689,11843,1,1.06620,-0.22034,1,0.79208,-0.44231,1,0.92914,-0.33133,1,0.25778,0.36304,15.20782,0.94128,1,0.56068,0.40398,14.96389,0.94128,1,-0.06007,0.02435,0.63285,0.00288,1,0.01339,0.01592,0.62230,0.00271,1,0,0.00000,28
0.91006,-0.34936,5278.70996,0.07373,11843,1,1.06620,-0.22034,1,0.79424,-0.45241,1,0.93022,-0.33638,1,0.25776,0.36295,15.34383,0.94128,1,0.56074,0.40394,14.87668,0.94771,1,-0.06159,0.02500,0.64989,0.00283,1,0.01391,0.01648,0.64428,0.00273,1,0,0.00000,28
0.91092,-0.34916,5278.70996,0.08008,11843,1,1.03875,-0.23323,1,0.80385,-0.46010,1,0.92130,-0.34667,1,0.25783,0.36285,15.02273,0.94771,1,0.56089,0.40394,15.03804,0.95415,1,-0.06159,0.02500,0.64989,0.00290,1,0.01391,0.01648,0.64428,0.00269,1,0,0.00000,28
0.91085,-0.35048,5278.70996,0.08691,11843,1,1.01993,-0.26063,1,0.79993,-0.47462,1,0.90993,-0.36763,1,0.25769,0.36289,14.94760,0.95415,1,0.56078,0.40381,15.05307,0.96058,1,-0.06159,0.02500,0.64989,0.00285,1,0.01391,0.01648,0.64428,0.00272,1,0,0.00000,28
0.91086,-0.35195,5278.70996,0.09375,11843,1,1.02201,-0.27041,1,0.79993,-0.47462,1,0.91097,-0.37252,1,0.25732,0.36271,15.25393,0.96058,1,0.56070,0.40394,15.19034,0.96058,1,-0.05669,0.02294,0.59633,0.00281,1,0.01340,0.01609,0.62732,0.00267,1,0,0.00000,28
0.90079,-0.35279,5278.70996,0.10059,11843,1,0.87653,-0.28871,1,0.62302,-0.44227,1,0.74978,-0.36549,1,0.25461,0.36260,15.29345,0.96058,1,0.55800,0.40376,14.76542,0.95415,1,-0.05669,0.02294,0.59633,0.00294,1,0.01340,0.01609,0.62732,0.00273,1,0,0.00000,28
0.88613,-0.35266,5278.70996,0.10742,11843,1,0.76092,-0.30217,1,0.54231,-0.39908,1,0.65161,-0.35062,1,0.25195,0.36245,15.01612,0.95415,1,0.55528,0.40374,14.66948,0.94771,1,-0.05669,0.02294,0.59633,0.00301,1,0.01340,0.01609,0.62732,0.00281,1,0,0.00000,28
0.87308,-0.35207,5278.70996,0.11377,11843,1,0.75996,-0.28342,1,0.54241,-0.40048,1,0.65118,-0.34195,1,0.25074,0.36351,17.11712,0.94143,1,0.55416,0.40362,15.10785,0.94862,1,-0.05985,0.02395,0.62117,0.00318,1,0.01318,0.01701,0.66313,0.00282,1,0,0.00000,28
0.82079,-0.34480,5278.70996,0.11377,11843,0,0.58412,-0.28023,1,0.35129,-0.39661,1,0.46771,-0.33842,1,0.24681,0.36237,15.66425,0.94233,1,0.54952,0.40380,15.03140,0.95595,1,-0.05985,0.02395,0.62117,0.00299,1,0.01318,0.01701,0.66313,0.00276,1,0,0.00000,28
0.60117,-0.33847,5278.70996,0.11377,11843,0,0.50032,-0.29039,1,0.26277,-0.37390,1,0.38155,-0.33214,1,0.24462,0.36253,15.44250,0.94967,1,0.54713,0.40392,14.72121,0.96329,1,-0.05985,0.02395,0.62117,0.00295,1,0.01318,0.01701,0.66313,0.00275,1,0,0.00000,28
0.52740,-0.34115,5278.70996,0.11377,11843,0,0.49796,-0.30912,1,0.26175,-0.38388,1,0.37985,-0.34650,1,0.24389,0.36258,15.83146,0.96329,1,0.54609,0.40428,15.10585,0.96972,1,-0.06202,0.02435,0.63534,0.00292,1,0.01161,0.01627,0.63447,0.00273,1,0,0.00000,28
0.32875,-0.34958,5278.70996,0.11377,11843,0,0.33988,-0.34367,1,0.10982,-0.39650,1,0.22485,-0.37009,1,0.24078,0.36306,15.76513,0.97601,1,0.54277,0.40478,14.82573,0.96882,1,-0.06202,0.02435,0.63534,0.00287,1,0.01161,0.01627,0.63447,0.00275,1,0,0.00000,28
0.26100,-0.33766,5278.70996,0.11377,11843,0,0.31184,-0.31028,1,0.07468,-0.34121,1,0.19326,-0.32575,1,0.23962,0.36324,15.32988,0.97511,1,0.54166,0.40527,14.55501,0.96792,1,-0.06202,0.02435,0.63534,0.00282,1,0.01161,0.01627,0.63447,0.00266,1,0,0.00000,28
0.23924,-0.33030,5278.70996,0.11377,11843,0,0.31432,-0.30098,1,0.07708,-0.33015,1,0.19570,-0.31557,1,0.23917,0.36346,15.48649,0.96792,1,0.54107,0.40549,14.86723,0.96073,1,-0.06045,0.02348,0.61499,0.00286,1,0.01131,0.01638,0.64441,0.00271,1,0,0.00000,28
0.18672,-0.29057,5278.70996,0.11377,11843,0,0.27749,-0.22853,1,0.06492,-0.23228,1,0.17121,-0.23041,1,0.23828,0.36391,15.50417,0.95444,1,0.54032,0.40598,14.94049,0.95444,1,-0.06045,0.02348,0.61499,0.00284,1,0.01131,0.01638,0.64441,0.00277,1,0,0.00000,28
0.17818,-0.25753,5278.70996,0.11377,11843,0,0.27145,-0.21861,1,0.06782,-0.23036,1,0.16963,-0.22449,1,0.23823,0.36396,15.46328,0.94815,1,0.54034,0.40598,14.96153,0.94815,1,-0.06045,0.02348,0.61499,0.00282,1,0.01131,0.01638,0.64441,0.00276,1,0,0.00000,28
0.17720,-0.23963,5278.70996,0.11377,11843,0,0.27618,-0.20391,1,0.07429,-0.20374,1,0.17523,-0.20382,1,0.23796,0.36392,15.73771,0.93621,1,0.54026,0.40599,14.81981,0.92978,1,-0.05795,0.02241,0.58823,0.00279,1,0.01094,0.01587,0.62612,0.00281,1,0,0.00000,28
0.17716,-0.23086,5278.87061,0.02197,11844,1,0.27302,-0.20050,1,0.08108,-0.20862,1,0.17705,-0.20456,1,0.23792,0.36385,15.71951,0.92412,1,0.54043,0.40576,14.92554,0.91769,1,-0.05795,0.02241,0.58823,0.00279,1,0.01094,0.01587,0.62612,0.00280,1,0,0.00000,28
0.17540,-0.22259,5278.87061,0.02637,11844,1,0.26131,-0.18245,1,0.07537,-0.19657,1,0.16834,-0.18951,1,0.23784,0.36380,15.36702,0.91203,1,0.54031,0.40580,14.71759,0.90559,1,-0.05795,0.02241,0.58823,0.00284,1,0.01094,0.01587,0.62612,0.00280,1,0,0.00000,28
0.17423,-0.21704,5278.87061,0.03320,11844,1,0.26137,-0.18227,1,0.07542,-0.19636,1,0.16839,-0.18931,1,0.23763,0.36390,15.50994,0.91188,1,0.54030,0.40577,14.75145,0.90545,1,-0.06296,0.02436,0.63806,0.00290,1,0.01094,0.01587,0.62612,0.00276,1,0,0.00000,28
0.17361,-0.21527,5278.87061,0.04004,11844,1,0.27011,-0.18771,1,0.06967,-0.22150,1,0.16989,-0.20461,1,0.23747,0.36390,15.61568,0.91739,1,0.54012,0.40559,14.90689,0.91739,1,-0.06296,0.02436,0.63806,0.00284,1,0.01094,0.01587,0.62612,0.00281,1,0,0.00000,28
0.17377,-0.21707,5278.87061,0.04688,11844,1,0.28297,-0.20735,1,0.06684,-0.25204,1,0.17490,-0.22969,1,0.23744,0.36374,15.68366,0.92934,1,0.54018,0.40558,14.93651,0.92934,1,-0.06296,0.02436,0.63806,0.00280,1,0.01094,0.01587,0.62612,0.00278,1,0,0.00000,28
0.17377,-0.21901,5278.87061,0.05273,11844,1,0.28297,-0.20735,1,0.06453,-0.26171,1,0.17375,-0.23453,1,0.23746,0.36391,15.80949,0.92934,1,0.54015,0.40561,15.00576,0.93577,1,-0.06034,0.02331,0.61065,0.00283,1,0.01122,0.01644,0.64483,0.00275,1,0,0.00000,28
0.17274,-0.22027,5278.87061,0.06006,11844,1,0.27110,-0.20686,1,0.05596,-0.25637,1,0.16353,-0.23161,1,0.23716,0.36374,15.36702,0.92383,1,0.54004,0.40562,14.97533,0.93026,1,-0.06034,0.02331,0.61065,0.00283,1,0.01122,0.01644,0.64483,0.00276,1,0,0.00000,28
0.17162,-0.22064,5278.87061,0.06689,11844,1,0.27055,-0.19771,1,0.05020,-0.25086,1,0.16038,-0.22429,1,0.23711,0.36377,15.43060,0.91831,1,0.53994,0.40554,14.68215,0.92475,1,-0.06034,0.02331,0.61065,0.00280,1,0.01122,0.01644,0.64483,0.00275,1,0,0.00000,28
0.17068,-0.22096,5278.87061,0.07324,11844,1,0.27049,-0.19789,1,0.05015,-0.25108,1,0.16032,-0.22449,1,0.23711,0.36377,15.43060,0.91846,1,0.53994,0.40554,14.68215,0.92489,1,-0.06261,0.02417,0.63306,0.00280,1,0.01122,0.01644,0.64483,0.00275,1,0,0.00000,28
0.16960,-0.22236,5278.87061,0.08105,11844,1,0.27030,-0.21600,1,0.04301,-0.26237,1,0.15666,-0.23919,1,0.23674,0.36389,15.44347,0.93055,1,0.53990,0.40552,14.64235,0.93055,1,-0.06261,0.02417,0.63306,0.00286,1,0.01122,0.01644,0.64483,0.00273,1,0,0.00000,28
0.16910,-0.22399,5278.87061,0.08691,11844,1,0.29431,-0.21582,1,0.03097,-0.27466,1,0.16264,-0.24524,1,0.23671,0.36383,15.47154,0.93621,1,0.53996,0.40547,14.61791,0.93621,1,-0.06261,0.02417,0.63306,0.00283,1,0.01122,0.01644,0.64483,0.00277,1,0,0.00000,28
0.16853,-0.22593,5278.87061,0.09375,11844,1,0.29217,-0.22288,1,0.02877,-0.28327,1,0.16047,-0.25308,1,0.23673,0.36382,15.92753,0.94187,1,0.53979,0.40558,14.65820,0.94187,1,-0.06161,0.02375,0.62206,0.00280,1,0.01122,0.01644,0.64483,0.00273,1,0,0.00000,28
0.16723,-0.22760,5278.87061,0.10059,11844,1,0.27236,-0.22628,1,0.02304,-0.27904,1,0.14770,-0.25266,1,0.23647,0.36364,15.36425,0.94187,1,0.53958,0.40560,14.58952,0.94187,1,-0.06161,0.02375,0.62206,0.00287,1,0.01122,0.01644,0.64483,0.00277,1,0,0.00000,28
0.16658,-0.22930,5278.87061,0.10693,11844,1,0.25986,-0.22045,1,0.05266,-0.29246,1,0.15626,-0.25646,1,0.23633,0.36377,15.43060,0.94187,1,0.53965,0.40556,14.73771,0.94187,1,-0.06161,0.02375,0.62206,0.00279,1,0.01122,0.01644,0.64483,0.00267,1,0,0.00000,28
0.16607,-0.23054,5278.87061,0.11426,11844,1,0.25986,-0.22045,1,0.05502,-0.28262,1,0.15744,-0.25153,1,0.23633,0.36377,15.43060,0.94187,1,0.53961,0.40551,14.80136,0.93543,1,-0.06249,0.02405,0.63000,0.00280,1,0.01068,0.01586,0.62214,0.00267,1,0,0.00000,28
0.16610,-0.23142,5278.87061,0.12061,11844,1,0.26111,-0.21668,1,0.07219,-0.27819,1,0.16665,-0.24744,1,0.23624,0.36385,15.55923,0.93543,1,0.53951,0.40548,14.84479,0.92900,1,-0.06249,0.02405,0.63000,0.00278,1,0.01068,0.01586,0.62214,0.00270,1,0,0.00000,28
0.16631,-0.23173,5278.87061,0.12744,11844,1,0.27406,-0.20478,1,0.06633,-0.27030,1,0.17019,-0.23754,1,0.23600,0.36390,15.49257,0.92900,1,0.53941,0.40540,14.70160,0.92257,1,-0.06249,0.02405,0.63000,0.00287,1,0.01068,0.01586,0.62214,0.00271,1,0,0.00000,28
0.16655,-0.23182,5278.87061,0.13428,11844,1,0.27665,-0.19679,1,0.06633,-0.27030,1,0.17149,-0.23354,1,0.23595,0.36402,15.53961,0.92257,1,0.53924,0.40540,14.69600,0.92257,1,-0.06161,0.02368,0.62020,0.00282,1,0.01076,0.01605,0.62961,0.00268,1,0,0.00000,28
0.16457,-0.23337,5278.87061,0.14014,11844,1,0.22334,-0.23262,1,0.02249,-0.29945,1,0.12292,-0.26604,1,0.23513,0.36383,15.08616,0.92257,1,0.53818,0.40523,14.98100,0.92900,1,-0.06161,0.02368,0.62020,0.00281,1,0.01076,0.01605,0.62961,0.00270,1,0,0.00000,28
0.16175,-0.23495,5278.87061,0.14746,11844,1,0.20140,-0.24622,1,-0.00214,-0.29305,1,0.09963,-0.26963,1,0.23474,0.36388,15.12374,0.92900,1,0.53795,0.40528,14.62366,0.93543,1,-0.06161,0.02368,0.62020,0.00278,1,0.01076,0.01605,0.62961,0.00275,1,0,0.00000,28
0.15904,-0.23677,5278.87061,0.15332,11844,1,0.19837,-0.25429,1,-0.00484,-0.30302,1,0.09676,-0.27865,1,0.23454,0.36388,14.68556,0.93543,1,0.53779,0.40526,14.66552,0.94187,1,-0.06164,0.02360,0.61955,0.00279,1,0.01075,0.01638,0.64030,0.00276,1,0,0.00000,28
0.15801,-0.23915,5278.87061,0.16064,11844,1,0.25985,-0.27457,1,0.00693,-0.31817,1,0.13339,-0.29637,1,0.23470,0.36385,15.04937,0.94187,1,0.53796,0.40522,14.68276,0.94187,1,-0.06164,0.02360,0.61955,0.00278,1,0.01075,0.01638,0.64030,0.00272,1,0,0.00000,28
0.14233,-0.26351,5278.87061,0.16064,11844,0,0.25162,-0.32370,1,-0.00150,-0.31474,1,0.12506,-0.31922,1,0.23458,0.36373,15.08016,0.94187,1,0.53781,0.40527,14.66127,0.94187,1,-0.06164,0.02360,0.61955,0.00274,1,0.01075,0.01638,0.64030,0.00273,1,0,0.00000,28
0.13487,-0.28728,5278.87061,0.16064,11844,0,0.25396,-0.31618,1,0.00086,-0.30590,1,0.12741,-0.31104,1,0.23454,0.36377,15.06185,0.93621,1,0.53781,0.40527,14.66127,0.93621,1,-0.05977,0.02284,0.59936,0.00272,1,0.01075,0.01638,0.64030,0.00273,1,0,0.00000,28
0.12829,-0.28476,5278.87061,0.16064,11844,0,0.24114,-0.25081,1,-0.01088,-0.30863,1,0.11513,-0.27972,1,0.23429,0.36387,15.08937,0.93055,1,0.53769,0.40523,14.85166,0.93055,1,-0.05977,0.02284,0.59936,0.00284,1,0.01075,0.01638,0.64030,0.00269,1,0,0.00000,28
0.12746,-0.28282,5279.03760,0.02051,11845,1,0.23279,-0.25527,1,0.01714,-0.29876,1,0.12496,-0.27702,1,0.23421,0.36386,15.02867,0.92489,1,0.53761,0.40523,14.83373,0.92489,1,-0.05977,0.02284,0.59936,0.00280,1,0.01075,0.01638,0.64030,0.00266,1,0,0.00000,28
0.12744,-0.28005,5279.03760,0.02734,11845,1,0.23529,-0.24802,1,0.01944,-0.28988,1,0.12737,-0.26895,1,0.23416,0.36383,15.12439,0.91924,1,0.53759,0.40509,14.66449,0.91924,1,-0.06004,0.02289,0.60209,0.00274,1,0.01068,0.01641,0.64163,0.00266,1,0,0.00000,28
0.12578,-0.27866,5279.03760,0.03418,11845,1,0.22065,-0.24436,1,0.01430,-0.29901,1,0.11748,-0.27169,1,0.23413,0.36388,15.05904,0.91924,1,0.53742,0.40513,14.60058,0.91924,1,-0.06004,0.02289,0.60209,0.00277,1,0.01068,0.01641,0.64163,0.00271,1,0,0.00000,28
0.12437,-0.28167,5279.03760,0.04053,11845,1,0.21546,-0.29134,1,0.01637,-0.30816,1,0.11591,-0.29975,1,0.23411,0.36388,15.10303,0.91924,1,0.53734,0.40516,14.53233,0.91924,1,-0.06004,0.02289,0.60209,0.00278,1,0.01068,0.01641,0.64163,0.00274,1,0,0.00000,28
0.12317,-0.28432,5279.03760,0.04688,11845,1,0.21285,-0.29878,1,0.01669,-0.30692,1,0.11477,-0.30285,1,0.23404,0.36389,15.11948,0.92489,1,0.53739,0.40509,14.60620,0.91846,1,-0.06126,0.02339,0.61382,0.00275,1,0.01042,0.01608,0.62868,0.00271,1,0,0.00000,28
0.12368,-0.28693,5279.03760,0.05469,11845,1,0.24273,-0.30071,1,0.01279,-0.31495,1,0.12776,-0.30783,1,0.23400,0.36382,15.35248,0.92412,1,0.53739,0.40509,14.60620,0.91769,1,-0.06126,0.02339,0.61382,0.00275,1,0.01042,0.01608,0.62868,0.00271,1,0,0.00000,28
0.12405,-0.28868,5279.03760,0.06055,11845,1,0.24167,-0.29925,1,0.01300,-0.30966,1,0.12733,-0.30446,1,0.23397,0.36384,15.02396,0.92334,1,0.53735,0.40513,14.60549,0.91691,1,-0.06126,0.02339,0.61382,0.00276,1,0.01042,0.01608,0.62868,0.00274,1,0,0.00000,28
0.12438,-0.29001,5279.03760,0.06738,11845,1,0.24200,-0.29822,1,0.01332,-0.30843,1,0.12766,-0.30333,1,0.23391,0.36375,14.76972,0.92257,1,0.53747,0.40504,14.66856,0.91614,1,-0.06126,0.02339,0.61382,0.00278,1,0.01042,0.01608,0.62868,0.00266,1,0,0.00000,28
0.12518,-0.28981,5279.03760,0.07373,11845,1,0.25201,-0.24872,1,0.01604,-0.32649,1,0.13402,-0.28760,1,0.23393,0.36364,15.01617,0.91614,1,0.53747,0.40504,14.66856,0.91614,1,-0.06126,0.02339,0.61382,0.00275,1,0.01042,0.01608,0.62868,0.00266,1,0,0.00000,28
0.12567,-0.28952,5279.03760,0.08105,11845,1,0.24535,-0.25277,1,0.01782,-0.31919,1,0.13158,-0.28598,1,0.23397,0.36360,15.08137,0.91614,1,0.53753,0.40508,14.60197,0.91614,1,-0.06126,0.02339,0.61382,0.00272,1,0.01042,0.01608,0.62868,0.00265,1,0,0.00000,28
0.12609,-0.28926,5279.03760,0.08740,11845,1,0.24535,-0.25277,1,0.01782,-0.31919,1,0.13158,-0.28598,1,0.23397,0.36360,15.08137,0.91614,1,0.53753,0.40508,14.60197,0.91614,1,-0.06126,0.02339,0.61382,0.00272,1,0.01039,0.01590,0.62164,0.00265,1,0,0.00000,28
0.12533,-0.28883,5279.03760,0.09424,11845,1,0.23089,-0.25989,1,-0.00159,-0.30548,1,0.11465,-0.28269,1,0.23401,0.36353,15.06595,0.91614,1,0.53761,0.40492,14.38319,0.91614,1,-0.06126,0.02339,0.61382,0.00272,1,0.01039,0.01590,0.62164,0.00271,1,0,0.00000,28
0.12461,-0.28908,5279.03760,0.10059,11845,1,0.23037,-0.26569,1,-0.00294,-0.32020,1,0.11372,-0.29295,1,0.23401,0.36353,15.06595,0.91614,1,0.53759,0.40499,14.51312,0.91614,1,-0.06126,0.02339,0.61382,0.00272,1,0.01039,0.01590,0.62164,0.00265,1,0,0.00000,28
0.12403,-0.28913,5279.03760,0.10742,11845,1,0.23291,-0.25832,1,-0.00327,-0.32146,1,0.11482,-0.28989,1,0.23406,0.36359,14.89605,0.91048,1,0.53769,0.40501,14.59152,0.91691,1,-0.06004,0.02289,0.60209,0.00272,1,0.01075,0.01638,0.64030,0.00268,1,0,0.00000,28
0.12367,-0.28879,5279.03760,0.11377,11845,1,0.23448,-0.26083,1,0.00055,-0.30512,1,0.11752,-0.28297,1,0.23411,0.36361,14.88630,0.91125,1,0.53780,0.40496,14.53383,0.91769,1,-0.06004,0.02289,0.60209,0.00273,1,0.01075,0.01638,0.64030,0.00271,1,0,0.00000,28
0.12349,-0.28876,5279.03760,0.12061,11845,1,0.23498,-0.26123,1,0.00557,-0.31514,1,0.12027,-0.28819,1,0.23416,0.36361,14.77114,0.91203,1,0.53785,0.40494,14.59546,0.91846,1,-0.06004,0.02289,0.60209,0.00276,1,0.01075,0.01638,0.64030,0.00267,1,0,0.00000,28
0.12331,-0.28879,5279.03760,0.12744,11845,1,0.23463,-0.26224,1,0.00525,-0.31639,1,0.11994,-0.28931,1,0.23428,0.36354,14.75294,0.91280,1,0.53786,0.40491,14.62165,0.91924,1,-0.06004,0.02289,0.60209,0.00283,1,0.01075,0.01638,0.64030,0.00268,1,0,0.00000,28
0.12373,-0.28917,5279.03760,0.13428,11845,1,0.23941,-0.27104,1,0.02459,-0.32266,1,0.13200,-0.29685,1,0.23425,0.36348,15.01927,0.91924,1,0.53787,0.40491,14.64051,0.91924,1,-0.06004,0.02289,0.60209,0.00278,1,0.01075,0.01638,0.64030,0.00268,1,0,0.00000,28
0.12402,-0.28976,5279.03760,0.14111,11845,1,0.23452,-0.27636,1,0.02589,-0.32818,1,0.13020,-0.30227,1,0.23421,0.36338,15.06587,0.91924,1,0.53795,0.40491,14.43357,0.91924,1,-0.06004,0.02289,0.60209,0.00278,1,0.01075,0.01638,0.64030,0.00264,1,0,0.00000,28
0.12429,-0.29031,5279.03760,0.14844,11845,1,0.23452,-0.27636,1,0.02589,-0.32818,1,0.13020,-0.30227,1,0.23437,0.36337,14.84420,0.91924,1,0.53791,0.40495,14.41031,0.91924,1,-0.05977,0.02284,0.59936,0.00275,1,0.01075,0.01638,0.64030,0.00267,1,0,0.00000,28
0.12466,-0.28943,5279.03760,0.15430,11845,1,0.23664,-0.21335,1,0.02963,-0.32531,1,0.13313,-0.26933,1,0.23442,0.36338,14.93743,0.91924,1,0.53798,0.40496,14.48596,0.91924,1,-0.05977,0.02284,0.59936,0.00272,1,0.01075,0.01638,0.64030,0.00267,1,0,0.00000,28
0.12549,-0.28917,5279.03760,0.16113,11845,1,0.25618,-0.23817,1,0.03491,-0.32734,1,0.14555,-0.28276,1,0.23442,0.36334,14.92418,0.91924,1,0.53808,0.40483,14.38391,0.91924,1,-0.05977,0.02284,0.59936,0.00272,1,0.01075,0.01638,0.64030,0.00267,1,0,0.00000,28
0.12622,-0.28904,5279.03760,0.16797,11845,1,0.25379,-0.24541,1,0.03521,-0.32609,1,0.14450,-0.28575,1,0.23441,0.36332,14.93129,0.92489,1,0.53808,0.40483,14.38391,0.91846,1,-0.06193,0.02368,0.62150,0.00276,1,0.01043,0.01582,0.61852,0.00267,1,0,0.00000,28
0.12662,-0.28905,5279.03760,0.17480,11845,1,0.25847,-0.25417,1,0.01524,-0.32476,1,0.13686,-0.28947,1,0.23444,0.36323,15.01391,0.92412,1,0.53824,0.40486,14.34459,0.91769,1,-0.06193,0.02368,0.62150,0.00281,1,0.01043,0.01582,0.61852,0.00266,1,0,0.00000,28
0.12660,-0.28917,5279.03760,0.18164,11845,1,0.23387,-0.24692,1,0.01856,-0.33777,1,0.12622,-0.29235,1,0.23453,0.36334,15.35908,0.92334,1,0.53834,0.40484,14.55699,0.91691,1,-0.06193,0.02368,0.62150,0.00280,1,0.01043,0.01582,0.61852,0.00266,1,0,0.00000,28
0.12664,-0.28914,5279.03760,0.18750,11845,1,0.23672,-0.23871,1,0.01856,-0.33777,1,0.12764,-0.28824,1,0.23474,0.36343,15.19547,0.91691,1,0.53843,0.40484,14.36916,0.91691,1,-0.06004,0.02297,0.60299,0.00275,1,0.01076,0.01610,0.62960,0.00270,1,0,0.00000,28
0.12671,-0.28857,5279.03760,0.19434,11845,1,0.24878,-0.23367,1,0.00890,-0.31062,1,0.12884,-0.27215,1,0.23480,0.36328,14.97217,0.91125,1,0.53858,0.40491,14.66093,0.91769,1,-0.06004,0.02297,0.60299,0.00275,1,0.01076,0.01610,0.62960,0.00269,1,0,0.00000,28
0.12653,-0.28794,5279.03760,0.20117,11845,1,0.22805,-0.23419,1,0.01430,-0.30362,1,0.12118,-0.26891,1,0.23479,0.36332,15.03502,0.91203,1,0.53859,0.40494,14.63867,0.91846,1,-0.06004,0.02297,0.60299,0.00275,1,0.01076,0.01610,0.62960,0.00268,1,0,0.00000,28
0.12640,-0.28722,5279.03760,0.20801,11845,1,0.22770,-0.23518,1,0.01664,-0.29464,1,0.12217,-0.26491,1,0.23489,0.36328,14.93483,0.91280,1,0.53863,0.40484,14.76389,0.91280,1,-0.06115,0.02343,0.61504,0.00279,1,0.01077,0.01595,0.62730,0.00268,1,0,0.00000,28
0.12680,-0.28657,5279.03760,0.21484,11845,1,0.26099,-0.24269,1,0.01865,-0.28931,1,0.13982,-0.26600,1,0.23526,0.36316,14.94104,0.91280,1,0.53903,0.40498,14.51601,0.90637,1,-0.06115,0.02343,0.61504,0.00279,1,0.01077,0.01595,0.62730,0.00267,1,0,0.00000,28
0.12835,-0.28587,5279.03760,0.22119,11845,1,0.28483,-0.24146,1,0.07359,-0.28394,1,0.17921,-0.26270,1,0.23610,0.36316,15.13799,0.90637,1,0.53975,0.40492,14.32875,0.89994,1,-0.06115,0.02343,0.61504,0.00282,1,0.01077,0.01595,0.62730,0.00260,1,0,0.00000,28
0.12977,-0.28532,5279.03760,0.22803,11845,1,0.28514,-0.24045,1,0.07154,-0.29293,1,0.17834,-0.26669,1,0.23669,0.36307,15.27480,0.90559,1,0.54039,0.40495,14.22769,0.90559,1,-0.06261,0.02421,0.63306,0.00283,1,0.01140,0.01638,0.64441,0.00265,1,0,0.00000,28
0.13332,-0.28597,5279.03760,0.23486,11845,1,0.36050,-0.27979,1,0.15461,-0.33704,1,0.25756,-0.30841,1,0.23836,0.36298,15.62042,0.91125,1,0.54180,0.40473,14.37974,0.91769,1,-0.06261,0.02421,0.63306,0.00281,1,0.01140,0.01638,0.64441,0.00267,1,0,0.00000,28
0.13586,-0.28713,5279.03760,0.24121,11845,1,0.34591,-0.28919,1,0.10865,-0.36893,1,0.22728,-0.32906,1,0.23867,0.36279,15.43060,0.92334,1,0.54206,0.40466,14.41748,0.92978,1,-0.06261,0.02421,0.63306,0.00279,1,0.01140,0.01638,0.64441,0.00262,1,0,0.00000,28
0.16404,-0.28800,5279.03760,0.24121,11845,0,0.34191,-0.30558,1,0.10486,-0.38861,1,0.22339,-0.34709,1,0.23889,0.36292,15.20012,0.93543,1,0.54227,0.40457,14.49523,0.94187,1,-0.05723,0.02219,0.58138,0.00287,1,0.01161,0.01640,0.64520,0.00261,1,0,0.00000,28
0.20271,-0.32226,5279.03760,0.24121,11845,0,0.35898,-0.32839,1,0.12378,-0.38467,1,0.24138,-0.35653,1,0.23904,0.36296,15.53849,0.94187,1,0.54263,0.40466,14.48201,0.94187,1,-0.05723,0.02219,0.58138,0.00284,1,0.01161,0.01640,0.64520,0.00264,1,0,0.00000,28
0.21421,-0.32897,5279.03760,0.24121,11845,0,0.34132,-0.31712,1,0.13310,-0.36762,1,0.23721,-0.34237,1,0.23914,0.36294,15.55426,0.94187,1,0.54259,0.40477,14.40146,0.94187,1,-0.05723,0.02219,0.58138,0.00287,1,0.01161,0.01640,0.64520,0.00268,1,0,0.00000,28
0.21971,-0.33335,5279.28564,0.02051,11846,1,0.33926,-0.32563,1,0.13314,-0.36739,1,0.23620,-0.34651,1,0.23917,0.36293,15.55302,0.94815,1,0.54257,0.40476,14.41729,0.94172,1,-0.06318,0.02452,0.64223,0.00287,1,0.01126,0.01580,0.62311,0.00268,1,0,0.00000,28
0.22163,-0.33875,5279.28564,0.02686,11846,1,0.34298,-0.33622,1,0.11569,-0.38448,1,0.22933,-0.36035,1,0.23931,0.36279,15.37002,0.94801,1,0.54282,0.40473,14.27896,0.94157,1,-0.06318,0.02452,0.64223,0.00287,1,0.01126,0.01580,0.62311,0.00264,1,0,0.00000,28
0.22005,-0.34214,5279.28564,0.03320,11846,1,0.32106,-0.34235,1,0.10319,-0.37580,1,0.21213,-0.35907,1,0.23945,0.36279,15.43060,0.94786,1,0.54289,0.40476,14.20366,0.94143,1,-0.06318,0.02452,0.64223,0.00279,1,0.01126,0.01580,0.62311,0.00266,1,0,0.00000,28
0.21878,-0.34527,5279.28564,0.04053,11846,1,0.32111,-0.34215,1,0.10121,-0.38595,1,0.21116,-0.36405,1,0.23950,0.36276,15.36702,0.94771,1,0.54315,0.40466,14.25913,0.94771,1,-0.06318,0.02452,0.64223,0.00282,1,0.01161,0.01608,0.63448,0.00264,1,0,0.00000,28
0.21974,-0.34715,5279.28564,0.04688,11846,1,0.33707,-0.33748,1,0.11583,-0.38319,1,0.22645,-0.36034,1,0.23960,0.36279,15.37002,0.94771,1,0.54335,0.40477,14.51003,0.95415,1,-0.06318,0.02452,0.64223,0.00287,1,0.01161,0.01608,0.63448,0.00267,1,0,0.00000,28
0.22074,-0.34945,5279.28564,0.05371,11846,1,0.33948,-0.33835,1,0.11803,-0.39733,1,0.22876,-0.36784,1,0.23964,0.36286,15.46581,0.95415,1,0.54337,0.40480,14.52591,0.96058,1,-0.06318,0.02452,0.64223,0.00284,1,0.01161,0.01608,0.63448,0.00264,1,0,0.00000,28
0.22154,-0.35131,5279.28564,0.06055,11846,1,0.33943,-0.33855,1,0.11799,-0.39756,1,0.22871,-0.36805,1,0.23968,0.36292,15.20012,0.95429,1,0.54334,0.40482,14.48550,0.96073,1,-0.06100,0.02368,0.62157,0.00287,1,0.01161,0.01608,0.63448,0.00267,1,0,0.00000,28
0.22334,-0.35391,5279.28564,0.06738,11846,1,0.35064,-0.33025,1,0.13209,-0.42948,1,0.24137,-0.37987,1,0.23979,0.36297,15.46403,0.95444,1,0.54350,0.40495,14.22994,0.95444,1,-0.06100,0.02368,0.62157,0.00278,1,0.01161,0.01608,0.63448,0.00264,1,0,0.00000,28
0.22534,-0.35545,5279.28564,0.07373,11846,1,0.35702,-0.32728,1,0.13764,-0.41751,1,0.24733,-0.37239,1,0.23983,0.36296,15.40247,0.94815,1,0.54352,0.40495,14.20692,0.94815,1,-0.06100,0.02368,0.62157,0.00281,1,0.01161,0.01608,0.63448,0.00265,1,0,0.00000,28
0.22724,-0.35562,5279.28564,0.08057,11846,1,0.35898,-0.31871,1,0.14120,-0.39660,1,0.25009,-0.35766,1,0.23981,0.36300,15.43549,0.94187,1,0.54359,0.40489,14.30130,0.93543,1,-0.06100,0.02368,0.62157,0.00283,1,0.01150,0.01588,0.62630,0.00260,1,0,0.00000,28
0.22881,-0.35558,5279.28564,0.08740,11846,1,0.37182,-0.30881,1,0.12649,-0.40124,1,0.24916,-0.35503,1,0.23997,0.36288,15.53292,0.93543,1,0.54368,0.40485,14.30058,0.92900,1,-0.06100,0.02368,0.62157,0.00285,1,0.01150,0.01588,0.62630,0.00266,1,0,0.00000,28
0.23018,-0.35376,5279.28564,0.09375,11846,1,0.37295,-0.29730,1,0.12584,-0.35927,1,0.24940,-0.32829,1,0.23999,0.36299,15.43364,0.92900,1,0.54375,0.40491,14.46172,0.92257,1,-0.06100,0.02368,0.62157,0.00284,1,0.01150,0.01588,0.62630,0.00266,1,0,0.00000,28
0.23144,-0.35189,5279.28564,0.10059,11846,1,0.37490,-0.28850,1,0.12584,-0.35927,1,0.25037,-0.32389,1,0.23996,0.36295,15.54538,0.92257,1,0.54375,0.40491,14.46172,0.92257,1,-0.06077,0.02359,0.61921,0.00287,1,0.01187,0.01631,0.64345,0.00266,1,0,0.00000,28
0.23236,-0.35164,5279.28564,0.10693,11846,1,0.35652,-0.29713,1,0.13773,-0.39823,1,0.24712,-0.34768,1,0.23998,0.36293,15.54755,0.92257,1,0.54376,0.40495,14.40383,0.92900,1,-0.06077,0.02359,0.61921,0.00288,1,0.01187,0.01631,0.64345,0.00265,1,0,0.00000,28
0.23297,-0.35174,5279.28564,0.11523,11846,1,0.35253,-0.30157,1,0.13402,-0.40507,1,0.24327,-0.35332,1,0.24009,0.36279,15.37002,0.92900,1,0.54380,0.40500,14.31570,0.93543,1,-0.06077,0.02359,0.61921,0.00287,1,0.01187,0.01631,0.64345,0.00264,1,0,0.00000,28
0.23341,-0.35233,5279.28564,0.12109,11846,1,0.35046,-0.31033,1,0.13218,-0.41571,1,0.24132,-0.36302,1,0.24009,0.36279,15.37002,0.93543,1,0.54380,0.40497,14.39488,0.94187,1,-0.06077,0.02368,0.61921,0.00287,1,0.01186,0.01616,0.63766,0.00263,1,0,0.00000,28
0.23333,-0.35293,5279.28564,0.12793,11846,1,0.35232,-0.31929,1,0.11147,-0.40929,1,0.23189,-0.36429,1,0.24022,0.36289,15.63868,0.94187,1,0.54396,0.40497,14.47281,0.94187,1,-0.06077,0.02368,0.61921,0.00281,1,0.01186,0.01616,0.63766,0.00267,1,0,0.00000,28
0.23358,-0.35320,5279.28564,0.13428,11846,1,0.35734,-0.31260,1,0.11953,-0.40456,1,0.23844,-0.35858,1,0.24027,0.36287,15.71951,0.94187,1,0.54406,0.40495,14.40878,0.94187,1,-0.06077,0.02368,0.61921,0.00278,1,0.01186,0.01616,0.63766,0.00264,1,0,0.00000,28
0.23371,-0.35387,5279.28564,0.14062,11846,1,0.35538,-0.32112,1,0.11766,-0.41490,1,0.23652,-0.36801,1,0.24049,0.36296,15.64503,0.94815,1,0.54409,0.40492,14.45705,0.94815,1,-0.06328,0.02459,0.64528,0.00287,1,0.01178,0.01601,0.63355,0.00260,1,0,0.00000,28
0.23336,-0.35546,5279.28564,0.14795,11846,1,0.33469,-0.33294,1,0.11681,-0.44800,1,0.22575,-0.39047,1,0.24041,0.36288,15.46624,0.95444,1,0.54400,0.40506,14.43250,0.95444,1,-0.06328,0.02459,0.64528,0.00285,1,0.01178,0.01601,0.63355,0.00267,1,0,0.00000,28
0.23383,-0.35715,5279.28564,0.15527,11846,1,0.36456,-0.35148,1,0.12439,-0.44049,1,0.24448,-0.39598,1,0.24080,0.36291,15.57019,0.96073,1,0.54451,0.40498,14.35288,0.96073,1,-0.06328,0.02459,0.64528,0.00286,1,0.01178,0.01601,0.63355,0.00266,1,0,0.00000,28
0.23425,-0.35870,5279.28564,0.16211,11846,1,0.36456,-0.35148,1,0.12439,-0.44049,1,0.24448,-0.39598,1,0.24115,0.36278,15.35421,0.96073,1,0.54487,0.40492,14.46340,0.96073,1,-0.06141,0.02403,0.62956,0.00286,1,0.01218,0.01634,0.64439,0.00260,1,0,0.00000,28
0.23858,-0.36056,5279.28564,0.16797,11846,1,0.46437,-0.37962,1,0.22894,-0.43423,1,0.34666,-0.40693,1,0.24350,0.36256,15.73277,0.95444,1,0.54681,0.40454,14.62475,0.95444,1,-0.06141,0.02403,0.62956,0.00289,1,0.01218,0.01634,0.64439,0.00273,1,0,0.00000,28
0.24418,-0.36256,5279.28564,0.17480,11846,1,0.48751,-0.37476,1,0.29217,-0.45456,1,0.38984,-0.41466,1,0.24444,0.36245,15.68379,0.94815,1,0.54743,0.40431,14.55704,0.94815,1,-0.06141,0.02403,0.62956,0.00288,1,0.01218,0.01634,0.64439,0.00267,1,0,0.00000,28
0.27338,-0.38032,5279.28564,0.17480,11846,0,0.48868,-0.36559,1,0.29301,-0.44414,1,0.39084,-0.40487,1,0.24486,0.36240,15.70266,0.94187,1,0.54789,0.40416,14.83120,0.94187,1,-0.05992,0.02369,0.61811,0.00290,1,0.01251,0.01627,0.64168,0.00273,1,0,0.00000,28
0.34123,-0.39646,5279.28564,0.17480,11846,0,0.52855,-0.37388,1,0.28960,-0.45134,1,0.40908,-0.41261,1,0.24558,0.36230,15.95275,0.94187,1,0.54850,0.40409,15.02047,0.94187,1,-0.05992,0.02369,0.61811,0.00290,1,0.01251,0.01627,0.64168,0.00265,1,0,0.00000,28
0.35721,-0.40238,5279.28564,0.17480,11846,0,0.48952,-0.37315,1,0.28882,-0.45528,1,0.38917,-0.41421,1,0.24562,0.36240,15.68746,0.94187,1,0.54853,0.40406,14.60186,0.94187,1,-0.05992,0.02369,0.61811,0.00291,1,0.01251,0.01627,0.64168,0.00269,1,0,0.00000,28
0.39547,-0.41697,5279.28564,0.17480,11846,0,0.48836,-0.38237,1,0.28795,-0.46578,1,0.38816,-0.42408,1,0.24562,0.36245,15.77928,0.94815,1,0.54853,0.40406,14.60186,0.94815,1,-0.06256,0.02470,0.64582,0.00290,1,0.01251,0.01627,0.64168,0.00269,1,0,0.00000,28
0.40446,-0.42336,5279.28564,0.17480,11846,0,0.54615,-0.38366,1,0.28075,-0.47585,1,0.41345,-0.42976,1,0.24541,0.36250,16.07762,0.95444,1,0.54852,0.40422,15.10358,0.95444,1,-0.06256,0.02470,0.64582,0.00290,1,0.01251,0.01627,0.64168,0.00267,1,0,0.00000,28
0.40329,-0.42553,5279.28564,0.17480,11846,0,0.51545,-0.38832,1,0.28648,-0.47144,1,0.40096,-0.42988,1,0.24545,0.36256,15.88957,0.96073,1,0.54861,0.40412,14.86008,0.96073,1,-0.06256,0.02470,0.64582,0.00291,1,0.01251,0.01627,0.64168,0.00270,1,0,0.00000,28
0.40248,-0.42907,5279.48682,0.02002,11847,1,0.51446,-0.39752,1,0.28562,-0.48185,1,0.40004,-0.43968,1,0.24554,0.36252,15.83905,0.96701,1,0.54864,0.40416,14.87929,0.96701,1,-0.06182,0.02436,0.63813,0.00294,1,0.01251,0.01627,0.64168,0.00271,1,0,0.00000,28
0.40610,-0.43199,5279.48682,0.02686,11847,1,0.54341,-0.40231,1,0.29775,-0.48499,1,0.42058,-0.44365,1,0.24545,0.36256,15.88957,0.96701,1,0.54874,0.40419,14.86039,0.96701,1,-0.06182,0.02436,0.63813,0.00290,1,0.01251,0.01627,0.64168,0.00270,1,0,0.00000,28
0.40791,-0.43043,5279.48682,0.03369,11847,1,0.53573,-0.38198,1,0.29822,-0.46336,1,0.41697,-0.42267,1,0.24547,0.36258,15.85264,0.96701,1,0.54872,0.40431,14.80051,0.96701,1,-0.06182,0.02436,0.63813,0.00290,1,0.01251,0.01627,0.64168,0.00272,1,0,0.00000,28
0.40926,-0.42878,5279.48682,0.04053,11847,1,0.53659,-0.37283,1,0.29810,-0.46484,1,0.41735,-0.41883,1,0.24542,0.36262,15.78551,0.96073,1,0.54873,0.40436,14.65708,0.96792,1,-0.05992,0.02360,0.61811,0.00290,1,0.01291,0.01672,0.65969,0.00273,1,0,0.00000,28
0.40817,-0.43091,5279.48682,0.04736,11847,1,0.53569,-0.37600,1,0.26543,-0.51562,1,0.40056,-0.44581,1,0.24542,0.36263,15.74710,0.96163,1,0.54881,0.40448,14.89810,0.96882,1,-0.05992,0.02360,0.61811,0.00290,1,0.01291,0.01672,0.65969,0.00274,1,0,0.00000,28
0.40831,-0.43284,5279.48682,0.05322,11847,1,0.53700,-0.38041,1,0.28190,-0.51629,1,0.40945,-0.44835,1,0.24544,0.36260,15.79374,0.96253,1,0.54878,0.40439,15.23177,0.96972,1,-0.05992,0.02360,0.61811,0.00291,1,0.01291,0.01672,0.65969,0.00272,1,0,0.00000,28
0.40847,-0.43393,5279.48682,0.06006,11847,1,0.53688,-0.38173,1,0.28278,-0.50567,1,0.40983,-0.44370,1,0.24544,0.36260,15.79374,0.96344,1,0.54888,0.40438,14.71531,0.96344,1,-0.05992,0.02360,0.61811,0.00291,1,0.01284,0.01657,0.65356,0.00271,1,0,0.00000,28
0.40808,-0.43438,5279.48682,0.06689,11847,1,0.53546,-0.38818,1,0.27292,-0.48968,1,0.40419,-0.43893,1,0.24542,0.36263,15.74710,0.96344,1,0.54890,0.40439,14.76020,0.95625,1,-0.05992,0.02360,0.61811,0.00290,1,0.01284,0.01657,0.65356,0.00271,1,0,0.00000,28
0.40829,-0.43419,5279.48682,0.07373,11847,1,0.53786,-0.37122,1,0.28334,-0.49280,1,0.41060,-0.43201,1,0.24542,0.36263,15.74710,0.95625,1,0.54891,0.40454,15.07373,0.94906,1,-0.05992,0.02360,0.61811,0.00290,1,0.01284,0.01657,0.65356,0.00272,1,0,0.00000,28
0.40850,-0.43362,5279.48682,0.08057,11847,1,0.53884,-0.36071,1,0.28334,-0.49280,1,0.41109,-0.42676,1,0.24542,0.36263,15.74710,0.94906,1,0.54892,0.40449,14.96345,0.94906,1,-0.05992,0.02355,0.61808,0.00290,1,0.01303,0.01675,0.66066,0.00272,1,0,0.00000,28
0.40880,-0.43232,5279.48682,0.08691,11847,1,0.53900,-0.35375,1,0.28629,-0.47719,1,0.41264,-0.41547,1,0.24556,0.36277,16.02306,0.94906,1,0.54895,0.40451,14.96770,0.95625,1,-0.05992,0.02355,0.61808,0.00294,1,0.01303,0.01675,0.66066,0.00273,1,0,0.00000,28
0.40870,-0.43446,5279.48682,0.09375,11847,1,0.53278,-0.37131,1,0.28172,-0.55748,1,0.40725,-0.46440,1,0.24542,0.36263,15.74710,0.95625,1,0.54898,0.40450,14.99827,0.96344,1,-0.05992,0.02355,0.61808,0.00290,1,0.01303,0.01675,0.66066,0.00271,1,0,0.00000,28
0.40854,-0.43705,5279.48682,0.10059,11847,1,0.53176,-0.38181,1,0.28072,-0.57001,1,0.40624,-0.47591,1,0.24542,0.36263,15.74710,0.96344,1,0.54892,0.40450,14.98975,0.97062,1,-0.05992,0.02360,0.61811,0.00290,1,0.01303,0.01675,0.66066,0.00272,1,0,0.00000,28
0.40855,-0.43966,5279.48682,0.10693,11847,1,0.53283,-0.39634,1,0.28437,-0.56664,1,0.40860,-0.48149,1,0.24542,0.36262,15.78551,0.97062,1,0.54895,0.40451,14.96770,0.97062,1,-0.05992,0.02360,0.61811,0.00290,1,0.01303,0.01675,0.66066,0.00273,1,0,0.00000,28
0.40883,-0.44205,5279.48682,0.11377,11847,1,0.54163,-0.39647,1,0.28562,-0.56879,1,0.41362,-0.48263,1,0.24542,0.36262,15.78551,0.97062,1,0.54895,0.40451,14.96770,0.97062,1,-0.05992,0.02360,0.61811,0.00290,1,0.01303,0.01675,0.66066,0.00273,1,0,0.00000,28
0.40908,-0.44419,5279.48682,0.12061,11847,1,0.54163,-0.39647,1,0.28562,-0.56879,1,0.41362,-0.48263,1,0.24542,0.36262,15.78551,0.97062,1,0.54903,0.40446,15.02464,0.97062,1,-0.05992,0.02360,0.61811,0.00290,1,0.01303,0.01675,0.66066,0.00269,1,0,0.00000,28
0.40895,-0.44489,5279.48682,0.12744,11847,1,0.53403,-0.39270,1,0.27910,-0.52371,1,0.40656,-0.45820,1,0.24541,0.36250,16.07762,0.97062,1,0.54905,0.40439,14.71792,0.97062,1,-0.05992,0.02360,0.61811,0.00289,1,0.01303,0.01675,0.66066,0.00277,1,0,0.00000,28
0.40867,-0.44584,5279.48682,0.13330,11847,1,0.52885,-0.40578,1,0.27720,-0.52425,1,0.40302,-0.46502,1,0.24541,0.36250,16.07762,0.97062,1,0.54893,0.40442,14.84941,0.97062,1,-0.05992,0.02360,0.61811,0.00290,1,0.01303,0.01675,0.66066,0.00272,1,0,0.00000,28
0.40841,-0.44672,5279.48682,0.14062,11847,1,0.52885,-0.40578,1,0.27720,-0.52425,1,0.40302,-0.46502,1,0.24542,0.36251,16.06079,0.97062,1,0.54889,0.40428,15.11620,0.97062,1,-0.05992,0.02360,0.61811,0.00289,1,0.01303,0.01675,0.66066,0.00271,1,0,0.00000,28
0.40830,-0.44798,5279.48682,0.14697,11847,1,0.53255,-0.41736,1,0.27914,-0.53413,1,0.40585,-0.47574,1,0.24538,0.36250,16.03729,0.97062,1,0.54897,0.40430,14.98588,0.97062,1,-0.05992,0.02360,0.61811,0.00291,1,0.01303,0.01675,0.66066,0.00276,1,0,0.00000,28
0.40820,-0.44875,5279.48682,0.15381,11847,1,0.53051,-0.39986,1,0.28110,-0.53332,1,0.40580,-0.46659,1,0.24538,0.36250,16.03729,0.97062,1,0.54907,0.40417,15.27659,0.97062,1,-0.05992,0.02360,0.61811,0.00291,1,0.01303,0.01675,0.66066,0.00278,1,0,0.00000,28
0.40812,-0.44922,5279.48682,0.16064,11847,1,0.53051,-0.39986,1,0.28210,-0.52106,1,0.40631,-0.46046,1,0.24535,0.36247,16.04980,0.97062,1,0.54907,0.40417,15.27659,0.96344,1,-0.05992,0.02360,0.61811,0.00292,1,0.01284,0.01657,0.65356,0.00278,1,0,0.00000,28
0.40750,-0.44968,5279.48682,0.16748,11847,1,0.51313,-0.41209,1,0.27068,-0.51032,1,0.39190,-0.46121,1,0.24524,0.36235,15.81383,0.96344,1,0.54886,0.40433,15.20691,0.95625,1,-0.05992,0.02360,0.61811,0.00291,1,0.01284,0.01657,0.65356,0.00272,1,0,0.00000,28
0.40709,-0.44980,5279.48682,0.17383,11847,1,0.51427,-0.40143,1,0.27836,-0.50422,1,0.39631,-0.45283,1,0.24514,0.36238,15.87244,0.95625,1,0.54883,0.40431,15.12586,0.94906,1,-0.05992,0.02360,0.61811,0.00293,1,0.01284,0.01657,0.65356,0.00271,1,0,0.00000,28
0.40674,-0.44950,5279.48682,0.18213,11847,1,0.51540,-0.39077,1,0.27940,-0.49191,1,0.39740,-0.44134,1,0.24514,0.36238,15.87244,0.94906,1,0.54881,0.40424,15.15278,0.94187,1,-0.06022,0.02363,0.62025,0.00293,1,0.01284,0.01657,0.65356,0.00270,1,0,0.00000,28
0.40687,-0.44908,5279.48682,0.18799,11847,1,0.51734,-0.38158,1,0.30368,-0.49316,1,0.41051,-0.43737,1,0.24513,0.36246,15.96024,0.94187,1,0.54879,0.40433,15.27934,0.94187,1,-0.06022,0.02363,0.62025,0.00291,1,0.01284,0.01657,0.65356,0.00274,1,0,0.00000,28
0.40690,-0.44852,5279.48682,0.19434,11847,1,0.51009,-0.37613,1,0.30532,-0.48826,1,0.40771,-0.43220,1,0.24507,0.36239,15.78697,0.94187,1,0.54873,0.40432,15.29067,0.94187,1,-0.06022,0.02363,0.62025,0.00293,1,0.01284,0.01657,0.65356,0.00274,1,0,0.00000,28
0.40688,-0.44851,5279.48682,0.20117,11847,1,0.50906,-0.38542,1,0.30368,-0.51123,1,0.40637,-0.44833,1,0.24498,0.36240,15.83273,0.94815,1,0.54873,0.40435,15.36277,0.95534,1,-0.06177,0.02422,0.63565,0.00290,1,0.01291,0.01672,0.65969,0.00274,1,0,0.00000,28
0.40701,-0.44968,5279.48682,0.20752,11847,1,0.53300,-0.40528,1,0.28878,-0.56632,1,0.41089,-0.48580,1,0.24494,0.36234,15.93560,0.96163,1,0.54856,0.40426,15.02430,0.96882,1,-0.06177,0.02422,0.63565,0.00295,1,0.01291,0.01672,0.65969,0.00279,1,0,0.00000,28
0.40684,-0.45166,5279.48682,0.21387,11847,1,0.52111,-0.44107,1,0.28217,-0.58941,1,0.40164,-0.51524,1,0.24494,0.36234,15.93560,0.97511,1,0.54857,0.40417,15.19114,0.98229,1,-0.06177,0.02422,0.63565,0.00295,1,0.01291,0.01672,0.65969,0.00281,1,0,0.00000,28
0.40665,-0.45399,5279.48682,0.22070,11847,1,0.51912,-0.46121,1,0.28132,-0.60037,1,0.40022,-0.53079,1,0.24493,0.36234,15.92395,0.98858,1,0.54844,0.40413,15.29497,0.98858,1,-0.06195,0.02434,0.63755,0.00296,1,0.01251,0.01627,0.64168,0.00283,1,0,0.00000,28
0.40613,-0.45616,5279.48682,0.22754,11847,1,0.50526,-0.46796,1,0.27159,-0.59179,1,0.38842,-0.52988,1,0.24477,0.36230,15.97452,0.98858,1,0.54830,0.40418,15.33531,0.98139,1,-0.06195,0.02434,0.63755,0.00292,1,0.01251,0.01627,0.64168,0.00276,1,0,0.00000,28
0.40638,-0.45796,5279.48682,0.23389,11847,1,0.52850,-0.46277,1,0.30220,-0.57954,1,0.41535,-0.52115,1,0.24472,0.36220,15.76784,0.98139,1,0.54836,0.40414,15.40029,0.97420,1,-0.06195,0.02434,0.63755,0.00294,1,0.01251,0.01627,0.64168,0.00274,1,0,0.00000,28
0.40668,-0.45893,5279.48682,0.24072,11847,1,0.53039,-0.44241,1,0.30459,-0.54484,1,0.41749,-0.49362,1,0.24462,0.36223,15.81834,0.96792,1,0.54829,0.40413,15.44615,0.95429,1,-0.06038,0.02370,0.62086,0.00298,1,0.01251,0.01627,0.64168,0.00274,1,0,0.00000,28
0.40681,-0.45858,5279.48682,0.24756,11847,1,0.52957,-0.41600,1,0.29326,-0.47580,1,0.41141,-0.44590,1,0.24447,0.36210,16.09574,0.94801,1,0.54826,0.40393,15.32447,0.94157,1,-0.06038,0.02370,0.62086,0.00288,1,0.01251,0.01627,0.64168,0.00275,1,0,0.00000,28
0.40708,-0.45808,5279.48682,0.25439,11847,1,0.52044,-0.41611,1,0.31409,-0.46149,1,0.41726,-0.43880,1,0.24440,0.36202,15.93048,0.93529,1,0.54813,0.40373,15.49480,0.92885,1,-0.06038,0.02370,0.62086,0.00292,1,0.01251,0.01627,0.64168,0.00274,1,0,0.00000,28
0.40733,-0.45762,5279.48682,0.26221,11847,1,0.52144,-0.40624,1,0.31326,-0.47369,1,0.41735,-0.43997,1,0.24433,0.36203,15.85248,0.92885,1,0.54812,0.40375,15.48919,0.93604,1,-0.06222,0.02447,0.63836,0.00296,1,0.01270,0.01671,0.65903,0.00273,1,0,0.00000,28
0.40731,-0.45787,5279.48682,0.26807,11847,1,0.51680,-0.42638,1,0.29586,-0.50913,1,0.40633,-0.46776,1,0.24421,0.36210,16.01638,0.94233,1,0.54805,0.40381,15.42636,0.95595,1,-0.06222,0.02447,0.63836,0.00293,1,0.01270,0.01671,0.65903,0.00277,1,0,0.00000,28
0.40816,-0.48445,5279.48682,0.26807,11847,0,0.52220,-0.44686,1,0.28819,-0.54535,1,0.40519,-0.49611,1,0.24426,0.36214,15.94387,0.96224,1,0.54799,0.40384,15.47053,0.97586,1,-0.06222,0.02447,0.63836,0.00301,1,0.01270,0.01671,0.65903,0.00277,1,0,0.00000,28
0.40552,-0.50327,5279.48682,0.26807,11847,0,0.51924,-0.47713,1,0.28651,-0.56707,1,0.40287,-0.52210,1,0.24411,0.36209,15.86802,0.98215,1,0.54792,0.40383,15.45424,0.98858,1,-0.06222,0.02437,0.63836,0.00293,1,0.01235,0.01636,0.64353,0.00278,1,0,0.00000,28
0.40424,-0.50980,5279.48682,0.26807,11847,0,0.53228,-0.48603,1,0.27107,-0.55969,1,0.40167,-0.52286,1,0.24390,0.36202,16.05666,0.98858,1,0.54764,0.40377,15.11178,0.98139,1,-0.06222,0.02437,0.63836,0.00294,1,0.01235,0.01636,0.64353,0.00281,1,0,0.00000,28
0.40351,-0.51036,5279.76172,0.02002,11848,1,0.52766,-0.46905,1,0.27505,-0.55504,1,0.40135,-0.51204,1,0.24389,0.36214,15.77223,0.98139,1,0.54768,0.40361,15.54595,0.97420,1,-0.06222,0.02437,0.63836,0.00296,1,0.01235,0.01636,0.64353,0.00278,1,0,0.00000,28
0.40356,-0.50523,5279.76172,0.02686,11848,1,0.52956,-0.44861,1,0.27793,-0.52076,1,0.40375,-0.48468,1,0.24391,0.36212,15.79417,0.96792,1,0.54768,0.40361,15.54595,0.95429,1,-0.06085,0.02377,0.62386,0.00297,1,0.01235,0.01636,0.64353,0.00278,1,0,0.00000,28
0.41654,-0.49321,5279.76172,0.03320,11848,1,0.59085,-0.40764,1,0.37206,-0.45866,1,0.48146,-0.43315,1,0.24510,0.36238,15.84607,0.94801,1,0.54872,0.40389,15.29727,0.94157,1,-0.06085,0.02377,0.62386,0.00297,1,0.01235,0.01636,0.64353,0.00281,1,0,0.00000,28
0.42923,-0.48148,5279.76172,0.04004,11848,1,0.64639,-0.36712,1,0.36436,-0.45503,1,0.50538,-0.41108,1,0.24572,0.36235,15.93395,0.93529,1,0.54932,0.40384,15.54030,0.92885,1,-0.06085,0.02377,0.62386,0.00295,1,0.01235,0.01636,0.64353,0.00281,1,0,0.00000,28
0.43877,-0.47206,5279.76172,0.04688,11848,1,0.64661,-0.35727,1,0.36436,-0.45503,1,0.50549,-0.40615,1,0.24599,0.36246,16.04612,0.92885,1,0.54970,0.40374,15.28831,0.92885,1,-0.06085,0.02377,0.62386,0.00299,1,0.01257,0.01640,0.64501,0.00282,1,0,0.00000,28
0.44584,-0.46992,5279.76172,0.05371,11848,1,0.64140,-0.38802,1,0.36344,-0.51761,1,0.50242,-0.45281,1,0.24595,0.36235,16.29404,0.93514,1,0.54951,0.40354,15.45708,0.94157,1,-0.06085,0.02377,0.62386,0.00300,1,0.01257,0.01640,0.64501,0.00282,1,0,0.00000,28
0.45175,-0.47124,5279.76172,0.06006,11848,1,0.62806,-0.41273,1,0.38191,-0.55334,1,0.50499,-0.48303,1,0.24590,0.36235,16.37396,0.94786,1,0.54951,0.40354,15.45708,0.95429,1,-0.06085,0.02377,0.62386,0.00296,1,0.01257,0.01640,0.64501,0.00282,1,0,0.00000,28
0.45654,-0.47421,5279.76172,0.06641,11848,1,0.62741,-0.43247,1,0.38129,-0.57544,1,0.50435,-0.50395,1,0.24585,0.36232,16.28424,0.96058,1,0.54948,0.40350,15.31016,0.96701,1,-0.06085,0.02377,0.62386,0.00296,1,0.01235,0.01636,0.64353,0.00282,1,0,0.00000,28
0.45946,-0.47587,5279.76172,0.07324,11848,1,0.61891,-0.42358,1,0.36444,-0.56468,1,0.49168,-0.49413,1,0.24570,0.36232,16.00974,0.96701,1,0.54925,0.40335,15.70233,0.96701,1,-0.06085,0.02377,0.62386,0.00295,1,0.01235,0.01636,0.64353,0.00281,1,0,0.00000,28
0.46074,-0.47703,5279.76172,0.07959,11848,1,0.59838,-0.41497,1,0.35377,-0.56706,1,0.47607,-0.49102,1,0.24556,0.36242,16.13586,0.96701,1,0.54908,0.40349,15.75319,0.96701,1,-0.06085,0.02377,0.62386,0.00299,1,0.01235,0.01636,0.64353,0.00285,1,0,0.00000,28
0.46184,-0.47803,5279.76172,0.08643,11848,1,0.59838,-0.41497,1,0.35377,-0.56706,1,0.47607,-0.49102,1,0.24553,0.36239,16.15015,0.96701,1,0.54916,0.40349,15.78821,0.96701,1,-0.06085,0.02377,0.62386,0.00301,1,0.01235,0.01636,0.64353,0.00281,1,0,0.00000,28
0.46249,-0.47877,5279.76172,0.09326,11848,1,0.58675,-0.41838,1,0.35647,-0.55971,1,0.47161,-0.48904,1,0.24553,0.36239,16.14902,0.96701,1,0.54917,0.40343,15.86360,0.96701,1,-0.06085,0.02377,0.62386,0.00301,1,0.01235,0.01636,0.64353,0.00283,1,0,0.00000,28
0.46410,-0.47888,5279.76172,0.10010,11848,1,0.62298,-0.41881,1,0.35364,-0.54249,1,0.48831,-0.48065,1,0.24553,0.36239,16.14902,0.96701,1,0.54917,0.40346,15.82861,0.96701,1,-0.06085,0.02377,0.62386,0.00301,1,0.01235,0.01636,0.64353,0.00283,1,0,0.00000,28
0.49134,-0.46806,5279.76172,0.10010,11848,0,0.62298,-0.41881,1,0.35364,-0.54249,1,0.48831,-0.48065,1,0.24535,0.36240,16.23758,0.96701,1,0.54915,0.40344,15.88108,0.96701,1,-0.06085,0.02377,0.62386,0.00292,1,0.01235,0.01636,0.64353,0.00282,1,0,0.00000,28
0.50145,-0.48171,5279.76172,0.10010,11848,0,0.64907,-0.41999,1,0.37404,-0.57075,1,0.51155,-0.49537,1,0.24517,0.36235,16.29404,0.96701,1,0.54910,0.40340,15.56624,0.96701,1,-0.06085,0.02377,0.62386,0.00300,1,0.01235,0.01636,0.64353,0.00283,1,0,0.00000,28
0.50450,-0.49294,5279.76172,0.10010,11848,0,0.62959,-0.44537,1,0.39160,-0.58540,1,0.51059,-0.51538,1,0.24515,0.36235,16.33354,0.96701,1,0.54908,0.40340,15.56285,0.96701,1,-0.06085,0.02377,0.62386,0.00298,1,0.01235,0.01636,0.64353,0.00285,1,0,0.00000,28
0.50602,-0.49855,5279.86865,0.02002,11849,1,0.62959,-0.44537,1,0.39160,-0.58540,1,0.51059,-0.51538,1,0.24511,0.36227,16.02203,0.96701,1,0.54908,0.40340,15.56285,0.96701,1,-0.06085,0.02377,0.62386,0.00302,1,0.01227,0.01630,0.63905,0.00285,1,0,0.00000,28
0.50722,-0.50134,5279.86865,0.02686,11849,1,0.64394,-0.43746,1,0.38006,-0.58752,1,0.51200,-0.51249,1,0.24515,0.36231,16.14913,0.96701,1,0.54909,0.40336,15.51587,0.96701,1,-0.06085,0.02377,0.62386,0.00301,1,0.01227,0.01630,0.63905,0.00280,1,0,0.00000,28
0.50751,-0.50153,5279.86865,0.03369,11849,1,0.63677,-0.44266,1,0.38112,-0.56232,1,0.50895,-0.50249,1,0.24515,0.36231,16.14913,0.96701,1,0.54909,0.40339,15.63241,0.96701,1,-0.06085,0.02377,0.62386,0.00301,1,0.01227,0.01630,0.63905,0.00280,1,0,0.00000,28
0.50771,-0.50167,5279.86865,0.04053,11849,1,0.63677,-0.44266,1,0.38112,-0.56232,1,0.50895,-0.50249,1,0.24517,0.36235,16.29404,0.96701,1,0.54909,0.40339,15.63241,0.96701,1,-0.06085,0.02377,0.62386,0.00300,1,0.01227,0.01630,0.63905,0.00280,1,0,0.00000,28
0.50854,-0.50081,5279.86865,0.04688,11849,1,0.64636,-0.42509,1,0.38230,-0.56454,1,0.51433,-0.49481,1,0.24517,0.36235,16.29404,0.96701,1,0.54908,0.40341,15.79303,0.96701,1,-0.06085,0.02377,0.62386,0.00300,1,0.01227,0.01630,0.63905,0.00279,1,0,0.00000,28
0.50861,-0.49997,5279.86865,0.05371,11849,1,0.63599,-0.42194,1,0.38230,-0.56454,1,0.50915,-0.49324,1,0.24517,0.36235,16.29404,0.96701,1,0.54912,0.40340,15.84769,0.96701,1,-0.06085,0.02377,0.62386,0.00300,1,0.01227,0.01630,0.63905,0.00279,1,0,0.00000,28
0.50866,-0.49930,5279.86865,0.06006,11849,1,0.63599,-0.42194,1,0.38230,-0.56454,1,0.50915,-0.49324,1,0.24515,0.36239,16.16743,0.96701,1,0.54912,0.40340,15.84769,0.96701,1,-0.06085,0.02377,0.62386,0.00301,1,0.01235,0.01636,0.64353,0.00279,1,0,0.00000,28
0.50990,-0.49928,5279.86865,0.06689,11849,1,0.63901,-0.43262,1,0.40558,-0.56561,1,0.52229,-0.49911,1,0.24517,0.36235,16.29404,0.96701,1,0.54919,0.40337,15.55570,0.96701,1,-0.06085,0.02377,0.62386,0.00300,1,0.01235,0.01636,0.64353,0.00280,1,0,0.00000,28
0.51059,-0.50041,5279.86865,0.07373,11849,1,0.63984,-0.43865,1,0.39649,-0.58707,1,0.51816,-0.51286,1,0.24514,0.36232,16.19981,0.96701,1,0.54925,0.40335,15.57207,0.96701,1,-0.06085,0.02377,0.62386,0.00300,1,0.01235,0.01636,0.64353,0.00278,1,0,0.00000,28
0.51117,-0.50137,5279.86865,0.08008,11849,1,0.63984,-0.43865,1,0.39649,-0.58707,1,0.51816,-0.51286,1,0.24523,0.36223,16.08560,0.96701,1,0.54928,0.40332,15.59525,0.96701,1,-0.06085,0.02377,0.62386,0.00295,1,0.01227,0.01630,0.63905,0.00279,1,0,0.00000,28
0.51029,-0.50352,5279.86865,0.08691,11849,1,0.62166,-0.46346,1,0.37588,-0.59947,1,0.49877,-0.53147,1,0.24533,0.36202,16.13608,0.96701,1,0.54930,0.40328,15.46681,0.96701,1,-0.06085,0.02377,0.62386,0.00297,1,0.01227,0.01630,0.63905,0.00283,1,0,0.00000,28
0.50979,-0.50549,5279.86865,0.09375,11849,1,0.62848,-0.46897,1,0.37733,-0.59732,1,0.50291,-0.53315,1,0.24538,0.36197,16.21084,0.96701,1,0.54931,0.40324,15.35411,0.96701,1,-0.06085,0.02377,0.62386,0.00298,1,0.01227,0.01630,0.63905,0.00283,1,0,0.00000,28
0.50936,-0.50722,5279.86865,0.10059,11849,1,0.62848,-0.46897,1,0.37733,-0.59732,1,0.50291,-0.53315,1,0.24538,0.36197,16.21084,0.96701,1,0.54930,0.40326,15.67315,0.96701,1,-0.06085,0.02377,0.62386,0.00298,1,0.01235,0.01646,0.64353,0.00284,1,0,0.00000,28
0.50868,-0.50702,5279.86865,0.10693,11849,1,0.60529,-0.44439,1,0.39022,-0.56333,1,0.49776,-0.50386,1,0.24557,0.36221,16.17394,0.96701,1,0.54932,0.40341,15.33049,0.96701,1,-0.06085,0.02377,0.62386,0.00301,1,0.01235,0.01646,0.64353,0.00289,1,0,0.00000,28
0.51032,-0.50712,5279.86865,0.11377,11849,1,0.66184,-0.47378,1,0.41470,-0.54360,1,0.53827,-0.50869,1,0.24616,0.36274,16.37610,0.96701,1,0.55008,0.40406,15.92530,0.96701,1,-0.06085,0.02377,0.62386,0.00297,1,0.01235,0.01646,0.64353,0.00281,1,0,0.00000,28
0.51180,-0.50665,5279.86865,0.12061,11849,1,0.66196,-0.46374,1,0.41481,-0.53293,1,0.53838,-0.49833,1,0.24642,0.36312,16.58849,0.96073,1,0.55039,0.40451,15.68330,0.96073,1,-0.05992,0.02336,0.61808,0.00297,1,0.01206,0.01543,0.61413,0.00276,1,0,0.00000,28
0.51816,-0.49428,5279.86865,0.12744,11849,1,0.75731,-0.23760,1,0.52085,-0.28073,1,0.63908,-0.25917,1,0.24858,0.36689,17.56569,0.95444,1,0.55216,0.40727,16.54374,0.95444,1,-0.05992,0.02336,0.61808,0.00334,1,0.01206,0.01543,0.61413,0.00320,1,0,0.00000,28
0.52394,-0.47879,5279.86865,0.13379,11849,1,0.76371,-0.12491,1,0.51505,-0.21299,1,0.63938,-0.16895,1,0.24942,0.36798,17.00675,0.94815,1,0.55255,0.40861,15.88319,0.94815,1,-0.05992,0.02336,0.61808,0.00330,1,0.01206,0.01543,0.61413,0.00339,1,0,0.00000,28
0.54629,-0.43588,5279.86865,0.13379,11849,0,0.76371,-0.12491,1,0.51505,-0.21299,1,0.63938,-0.16895,1,0.24977,0.36856,17.32383,0.94815,1,0.55321,0.40921,16.53138,0.94815,1,-0.06224,0.02415,0.64651,0.00336,1,0.01287,0.01585,0.64045,0.00317,1,0,0.00000,28
0.61496,-0.24840,5279.86865,0.13379,11849,0,0.80022,0.00725,1,0.56706,-0.12909,1,0.68364,-0.06092,1,0.25054,0.36963,16.48221,0.95444,1,0.55365,0.41018,16.10348,0.95444,1,-0.06224,0.02415,0.64651,0.00349,1,0.01287,0.01585,0.64045,0.00305,1,0,0.00000,28
0.64054,-0.18253,5279.86865,0.13379,11849,0,0.81387,0.01254,1,0.56953,-0.11409,1,0.69170,-0.05078,1,0.25078,0.37028,17.34098,0.96073,1,0.55377,0.41041,15.77195,0.96073,1,-0.06224,0.02415,0.64651,0.00321,1,0.01287,0.01585,0.64045,0.00307,1,0,0.00000,28
0.68928,-0.05666,5279.86865,0.13379,11849,0,0.81467,0.00534,1,0.57033,-0.12188,1,0.69250,-0.05827,1,0.25077,0.37037,16.88345,0.96701,1,0.55371,0.41068,16.03641,0.96701,1,-0.06086,0.02351,0.63315,0.00326,1,0.01287,0.01575,0.64045,0.00298,1,0,0.00000,28
0.68172,-0.06359,5279.86865,0.13379,11849,0,0.80013,0.00197,1,0.54819,-0.14300,1,0.67416,-0.07051,1,0.25072,0.37025,17.40013,0.96701,1,0.55377,0.41054,15.98610,0.96701,1,-0.06086,0.02351,0.63315,0.00321,1,0.01287,0.01575,0.64045,0.00304,1,0,0.00000,28
0.68123,-0.07815,5279.86865,0.13379,11849,0,0.79638,-0.04079,1,0.56414,-0.17376,1,0.68026,-0.10727,1,0.25072,0.37025,17.40013,0.96701,1,0.55397,0.41056,16.55769,0.96701,1,-0.06086,0.02351,0.63315,0.00321,1,0.01287,0.01575,0.64045,0.00307,1,0,0.00000,28
0.68110,-0.08659,5280.02881,0.02051,11850,1,0.79638,-0.04079,1,0.56501,-0.18306,1,0.68069,-0.11192,1,0.25067,0.37021,17.21669,0.96701,1,0.55401,0.41054,16.55434,0.97420,1,-0.06224,0.02405,0.64651,0.00323,1,0.01332,0.01617,0.65543,0.00307,1,0,0.00000,28
0.67922,-0.08780,5280.02881,0.02734,11850,1,0.80243,-0.01877,1,0.54095,-0.16651,1,0.67169,-0.09264,1,0.25070,0.37035,17.43012,0.97420,1,0.55400,0.41045,15.93430,0.98139,1,-0.06224,0.02405,0.64651,0.00318,1,0.01332,0.01617,0.65543,0.00306,1,0,0.00000,28
0.67817,-0.08998,5280.02881,0.03369,11850,1,0.79423,-0.03418,1,0.55161,-0.16757,1,0.67292,-0.10087,1,0.25071,0.37030,17.41133,0.98139,1,0.55400,0.41045,15.93430,0.98858,1,-0.06224,0.02405,0.64651,0.00320,1,0.01332,0.01617,0.65543,0.00306,1,0,0.00000,28
0.67747,-0.09213,5280.02881,0.04102,11850,1,0.79499,-0.04254,1,0.55161,-0.16757,1,0.67330,-0.10506,1,0.25075,0.37034,17.33868,0.98858,1,0.55402,0.41054,15.77911,0.98858,1,-0.06070,0.02341,0.63051,0.00318,1,0.01309,0.01579,0.64204,0.00306,1,0,0.00000,28
0.67743,-0.09666,5280.02881,0.04736,11850,1,0.79840,-0.07541,1,0.55592,-0.18126,1,0.67716,-0.12834,1,0.25066,0.37020,17.18688,0.98858,1,0.55415,0.41059,16.13083,0.98139,1,-0.06070,0.02341,0.63051,0.00323,1,0.01309,0.01579,0.64204,0.00307,1,0,0.00000,28
0.67775,-0.10002,5280.02881,0.05371,11850,1,0.79749,-0.06697,1,0.56314,-0.18687,1,0.68032,-0.12692,1,0.25067,0.37021,17.21669,0.98139,1,0.55422,0.41034,16.04411,0.97420,1,-0.06070,0.02341,0.63051,0.00323,1,0.01309,0.01579,0.64204,0.00309,1,0,0.00000,28
0.67793,-0.10181,5280.02881,0.06104,11850,1,0.79670,-0.05835,1,0.56229,-0.17754,1,0.67950,-0.11794,1,0.25064,0.37015,17.29380,0.97420,1,0.55432,0.41013,16.04015,0.96701,1,-0.06224,0.02405,0.64651,0.00321,1,0.01294,0.01565,0.63444,0.00310,1,0,0.00000,28
0.67686,-0.10868,5280.02881,0.06738,11850,1,0.78949,-0.13941,1,0.54288,-0.21517,1,0.66618,-0.17729,1,0.25058,0.36913,17.41380,0.96701,1,0.55403,0.40933,16.20921,0.96701,1,-0.06224,0.02405,0.64651,0.00323,1,0.01294,0.01565,0.63444,0.00324,1,0,0.00000,28
0.67629,-0.12069,5280.02881,0.07422,11850,1,0.78610,-0.15773,1,0.55386,-0.34808,1,0.66998,-0.25290,1,0.25045,0.36843,16.90723,0.96701,1,0.55401,0.40858,16.18264,0.96701,1,-0.06224,0.02405,0.64651,0.00340,1,0.01294,0.01565,0.63444,0.00319,1,0,0.00000,28
0.67589,-0.13202,5280.02881,0.08105,11850,1,0.78680,-0.16694,1,0.55542,-0.36902,1,0.67111,-0.26798,1,0.25067,0.36775,17.28964,0.97404,1,0.55396,0.40835,16.00611,0.98123,1,-0.06340,0.02481,0.65904,0.00334,1,0.01337,0.01661,0.66299,0.00322,1,0,0.00000,28
0.67588,-0.14749,5280.02881,0.08740,11850,1,0.80046,-0.31689,1,0.55114,-0.38030,1,0.67580,-0.34859,1,0.25082,0.36691,16.78860,0.98825,1,0.55389,0.40631,15.63590,0.99544,1,-0.06340,0.02481,0.65904,0.00332,1,0.01337,0.01661,0.66299,0.00279,1,0,0.00000,28
0.67504,-0.16431,5280.02881,0.09424,11850,1,0.81247,-0.33876,1,0.51392,-0.46069,1,0.66319,-0.39973,1,0.25045,0.36688,17.07308,1.00247,1,0.55406,0.40722,16.44819,1.00966,1,-0.06340,0.02481,0.65904,0.00347,1,0.01337,0.01661,0.66299,0.00320,1,0,0.00000,28
0.67209,-0.21073,5280.02881,0.09424,11850,0,0.81332,-0.34925,1,0.51441,-0.47168,1,0.66387,-0.41047,1,0.25065,0.36648,17.00123,1.00966,1,0.55403,0.40576,15.65886,1.01685,1,-0.06143,0.02416,0.63907,0.00346,1,0.01337,0.01666,0.66299,0.00275,1,0,0.00000,27
0.67675,-0.30649,5280.02881,0.09424,11850,0,0.82367,-0.31597,1,0.53914,-0.48852,1,0.68141,-0.40225,1,0.25133,0.36595,16.86512,1.00982,1,0.55423,0.40553,15.68567,1.00982,1,-0.06143,0.02416,0.63907,0.00344,1,0.01337,0.01666,0.66299,0.00274,1,0,0.00000,27
0.68122,-0.32906,5280.02881,0.09424,11850,0,0.82710,-0.30158,1,0.55324,-0.44686,1,0.69017,-0.37422,1,0.25120,0.36590,16.89571,1.00280,1,0.55439,0.40547,15.67270,1.00280,1,-0.06143,0.02416,0.63907,0.00337,1,0.01337,0.01666,0.66299,0.00281,1,0,0.00000,27
0.68685,-0.37830,5280.02881,0.09424,11850,0,0.82617,-0.29157,1,0.55175,-0.42527,1,0.68896,-0.35842,1,0.25121,0.36606,16.80407,0.99577,1,0.55441,0.40581,15.27961,0.98858,1,-0.06143,0.02416,0.63907,0.00348,1,0.01294,0.01594,0.63444,0.00276,1,0,0.00000,27
0.69060,-0.36778,5280.02881,0.09424,11850,0,0.81768,-0.29877,1,0.57101,-0.41576,1,0.69435,-0.35726,1,0.25126,0.36577,17.15333,0.98858,1,0.55455,0.40579,15.61153,0.98139,1,-0.06143,0.02416,0.63907,0.00338,1,0.01294,0.01594,0.63444,0.00275,1,0,0.00000,27
0.69394,-0.35925,5280.02881,0.09424,11850,0,0.83513,-0.28687,1,0.56612,-0.39753,1,0.70063,-0.34220,1,0.25079,0.36640,17.78625,0.98139,1,0.55454,0.40576,15.64658,0.97420,1,-0.06143,0.02416,0.63907,0.00341,1,0.01294,0.01594,0.63444,0.00276,1,0,0.00000,27
0.69517,-0.35001,5280.15039,0.01953,11851,1,0.83321,-0.26743,1,0.56451,-0.37717,1,0.69886,-0.32230,1,0.25104,0.36604,17.76231,0.96792,1,0.55468,0.40576,15.64536,0.96073,1,-0.05856,0.02309,0.60971,0.00328,1,0.01312,0.01611,0.64310,0.00274,1,0,0.00000,27
0.69413,-0.34487,5280.15039,0.02588,11851,1,0.82615,-0.27603,1,0.55374,-0.37251,1,0.68995,-0.32427,1,0.25134,0.36590,17.38826,0.95444,1,0.55490,0.40571,15.50759,0.95444,1,-0.05856,0.02309,0.60971,0.00333,1,0.01312,0.01611,0.64310,0.00277,1,0,0.00000,27
0.69406,-0.33862,5280.15039,0.03320,11851,1,0.82641,-0.26284,1,0.56102,-0.35191,1,0.69371,-0.30738,1,0.25138,0.36590,17.36713,0.94815,1,0.55490,0.40571,15.50759,0.94815,1,-0.05856,0.02309,0.60971,0.00333,1,0.01312,0.01611,0.64310,0.00277,1,0,0.00000,27
0.69414,-0.33564,5280.15039,0.03955,11851,1,0.82738,-0.27313,1,0.56185,-0.36249,1,0.69462,-0.31781,1,0.25138,0.36590,17.36713,0.95518,1,0.55490,0.40572,15.51300,0.95518,1,-0.06278,0.02471,0.65361,0.00333,1,0.01331,0.01611,0.64307,0.00277,1,0,0.00000,27
0.69125,-0.33566,5280.15039,0.04639,11851,1,0.80782,-0.28997,1,0.53430,-0.38159,1,0.67106,-0.33578,1,0.25139,0.36588,17.49647,0.96849,1,0.55500,0.40586,15.68766,0.96849,1,-0.06278,0.02471,0.65361,0.00333,1,0.01331,0.01611,0.64307,0.00280,1,0,0.00000,27
0.68813,-0.34107,5280.15039,0.05273,11851,1,0.78141,-0.32934,1,0.54489,-0.43928,1,0.66315,-0.38431,1,0.25132,0.36590,16.72659,0.98180,1,0.55521,0.40547,15.73673,0.98180,1,-0.06278,0.02471,0.65361,0.00346,1,0.01331,0.01611,0.64307,0.00279,1,0,0.00000,27
0.68569,-0.34634,5280.15039,0.05957,11851,1,0.78199,-0.33857,1,0.54552,-0.44899,1,0.66375,-0.39378,1,0.25177,0.36432,15.88303,0.98809,1,0.55515,0.40559,15.58615,0.98809,1,-0.06068,0.02398,0.63324,0.00294,1,0.01330,0.01615,0.64272,0.00274,1,0,0.00000,27
0.68737,-0.36097,5280.15039,0.06689,11851,1,0.83002,-0.46461,1,0.57837,-0.55007,1,0.70420,-0.50734,1,0.25227,0.36341,15.64414,0.98107,1,0.55549,0.40479,15.58676,0.98107,1,-0.06068,0.02398,0.63324,0.00293,1,0.01330,0.01615,0.64272,0.00277,1,0,0.00000,27
0.68907,-0.37235,5280.15039,0.07275,11851,1,0.82927,-0.45664,1,0.58617,-0.53841,1,0.70772,-0.49753,1,0.25236,0.36336,15.71686,0.97404,1,0.55565,0.40468,15.38568,0.97404,1,-0.06068,0.02398,0.63324,0.00292,1,0.01330,0.01615,0.64272,0.00275,1,0,0.00000,27
0.69036,-0.38030,5280.15039,0.07959,11851,1,0.82746,-0.43490,1,0.58435,-0.51644,1,0.70590,-0.47567,1,0.25243,0.36334,15.76519,0.96073,1,0.55564,0.40469,15.40000,0.96073,1,-0.06352,0.02523,0.66344,0.00291,1,0.01330,0.01615,0.64272,0.00275,1,0,0.00000,27
0.69109,-0.38484,5280.15039,0.08643,11851,1,0.81756,-0.40023,1,0.58350,-0.48753,1,0.70053,-0.44388,1,0.25227,0.36355,15.92952,0.95444,1,0.55569,0.40468,15.33329,0.95444,1,-0.06352,0.02523,0.66344,0.00289,1,0.01330,0.01615,0.64272,0.00277,1,0,0.00000,27
0.69150,-0.38805,5280.15039,0.09326,11851,1,0.81333,-0.38514,1,0.58108,-0.48061,1,0.69720,-0.43288,1,0.25222,0.36353,15.91657,0.94815,1,0.55565,0.40474,15.53923,0.94815,1,-0.06352,0.02523,0.66344,0.00290,1,0.01330,0.01615,0.64272,0.00275,1,0,0.00000,27
0.69191,-0.39156,5280.15039,0.10010,11851,1,0.81421,-0.39634,1,0.58204,-0.49211,1,0.69812,-0.44423,1,0.25212,0.36355,15.89558,0.95518,1,0.55561,0.40482,15.41526,0.95518,1,-0.06278,0.02480,0.65466,0.00295,1,0.01330,0.01615,0.64272,0.00277,1,0,0.00000,27
0.69213,-0.39517,5280.15039,0.10596,11851,1,0.80770,-0.41400,1,0.58360,-0.49189,1,0.69565,-0.45295,1,0.25204,0.36365,15.61636,0.96849,1,0.55556,0.40494,15.23695,0.96849,1,-0.06278,0.02480,0.65466,0.00296,1,0.01330,0.01615,0.64272,0.00276,1,0,0.00000,27
0.69186,-0.43084,5280.15039,0.10596,11851,0,0.81189,-0.43005,1,0.58891,-0.53779,1,0.70040,-0.48392,1,0.25210,0.36365,15.55936,0.98180,1,0.55553,0.40495,15.24949,0.98180,1,-0.06278,0.02480,0.65466,0.00300,1,0.01330,0.01615,0.64272,0.00275,1,0,0.00000,27
0.69653,-0.46244,5280.15039,0.10596,11851,0,0.81263,-0.44002,1,0.58978,-0.54808,1,0.70120,-0.49405,1,0.25210,0.36365,15.55936,0.98809,1,0.55550,0.40495,15.30903,0.98809,1,-0.06211,0.02451,0.64718,0.00300,1,0.01330,0.01615,0.64272,0.00273,1,0,0.00000,27
0.69788,-0.46637,5280.15039,0.10596,11851,0,0.81237,-0.42600,1,0.58878,-0.52244,1,0.70057,-0.47422,1,0.25202,0.36362,15.80169,0.98107,1,0.55551,0.40495,15.29539,0.98107,1,-0.06211,0.02451,0.64718,0.00291,1,0.01330,0.01615,0.64272,0.00273,1,0,0.00000,27
0.69612,-0.46490,5280.26416,0.01953,11852,1,0.79577,-0.40754,1,0.58595,-0.51344,1,0.69086,-0.46049,1,0.25195,0.36364,15.69613,0.97404,1,0.55551,0.40495,15.29539,0.97404,1,-0.06211,0.02451,0.64718,0.00289,1,0.01330,0.01615,0.64272,0.00273,1,0,0.00000,27
0.69490,-0.46177,5280.26416,0.02637,11852,1,0.79503,-0.39652,1,0.58499,-0.50202,1,0.69001,-0.44927,1,0.25198,0.36367,15.55663,0.96701,1,0.55551,0.40495,15.29539,0.96701,1,-0.06211,0.02451,0.64718,0.00296,1,0.01331,0.01611,0.64307,0.00273,1,0,0.00000,27
0.69557,-0.46063,5280.26416,0.03320,11852,1,0.82457,-0.41103,1,0.57320,-0.49875,1,0.69889,-0.45489,1,0.25189,0.36364,15.63202,0.96701,1,0.55551,0.40495,15.29539,0.96701,1,-0.06211,0.02451,0.64718,0.00292,1,0.01331,0.01611,0.64307,0.00273,1,0,0.00000,27
0.69518,-0.45945,5280.26416,0.03955,11852,1,0.82209,-0.41072,1,0.56366,-0.49413,1,0.69288,-0.45242,1,0.25191,0.36362,15.59135,0.96701,1,0.55551,0.40495,15.29947,0.96701,1,-0.06211,0.02451,0.64718,0.00292,1,0.01331,0.01611,0.64307,0.00273,1,0,0.00000,27
0.69489,-0.45858,5280.26416,0.04736,11852,1,0.82209,-0.41072,1,0.56366,-0.49413,1,0.69288,-0.45242,1,0.25190,0.36359,15.70387,0.96701,1,0.55551,0.40495,15.29947,0.96701,1,-0.06211,0.02451,0.64718,0.00291,1,0.01331,0.01611,0.64307,0.00273,1,0,0.00000,27
0.69503,-0.45832,5280.26416,0.05273,11852,1,0.81880,-0.40363,1,0.57339,-0.50900,1,0.69610,-0.45631,1,0.25188,0.36359,15.75590,0.96701,1,0.55549,0.40490,15.33549,0.96701,1,-0.06211,0.02451,0.64718,0.00291,1,0.01331,0.01611,0.64307,0.00272,1,0,0.00000,27
0.69515,-0.45849,5280.26416,0.05957,11852,1,0.82115,-0.41236,1,0.57137,-0.50763,1,0.69626,-0.45999,1,0.25190,0.36359,15.70387,0.96701,1,0.55557,0.40486,15.01158,0.96701,1,-0.06211,0.02451,0.64718,0.00291,1,0.01331,0.01611,0.64307,0.00276,1,0,0.00000,27
0.69518,-0.45771,5280.26416,0.06641,11852,1,0.82034,-0.40233,1,0.57059,-0.49736,1,0.69546,-0.44984,1,0.25186,0.36358,15.69475,0.96073,1,0.55547,0.40489,15.12836,0.96073,1,-0.05930,0.02343,0.61746,0.00291,1,0.01331,0.01611,0.64307,0.00279,1,0,0.00000,27
0.69436,-0.45654,5280.26416,0.07324,11852,1,0.81252,-0.39409,1,0.55824,-0.49331,1,0.68538,-0.44370,1,0.25181,0.36351,15.76854,0.95444,1,0.55536,0.40480,15.21902,0.95444,1,-0.05930,0.02343,0.61746,0.00290,1,0.01331,0.01611,0.64307,0.00274,1,0,0.00000,27
0.69368,-0.45556,5280.26416,0.08008,11852,1,0.80790,-0.39635,1,0.56306,-0.49125,1,0.68548,-0.44380,1,0.25180,0.36346,15.66593,0.94815,1,0.55540,0.40474,15.11256,0.94815,1,-0.05930,0.02343,0.61746,0.00292,1,0.01331,0.01611,0.64307,0.00275,1,0,0.00000,27
0.69304,-0.45399,5280.26416,0.08643,11852,1,0.80715,-0.38627,1,0.56231,-0.48088,1,0.68473,-0.43357,1,0.25188,0.36356,15.82474,0.94187,1,0.55536,0.40472,14.99116,0.94187,1,-0.05930,0.02343,0.61746,0.00295,1,0.01330,0.01615,0.64272,0.00275,1,0,0.00000,27
0.69259,-0.45296,5280.26416,0.09326,11852,1,0.81311,-0.38826,1,0.55956,-0.48899,1,0.68634,-0.43862,1,0.25182,0.36348,15.66008,0.94187,1,0.55536,0.40466,14.91055,0.94187,1,-0.05930,0.02343,0.61746,0.00291,1,0.01330,0.01615,0.64272,0.00274,1,0,0.00000,27
0.69188,-0.45158,5280.26416,0.09961,11852,1,0.80006,-0.39109,1,0.56220,-0.47056,1,0.68113,-0.43082,1,0.25182,0.36348,15.66008,0.94187,1,0.55532,0.40469,14.92958,0.94187,1,-0.05930,0.02343,0.61746,0.00291,1,0.01330,0.01615,0.64272,0.00275,1,0,0.00000,27
0.69124,-0.45036,5280.26416,0.10693,11852,1,0.80006,-0.39109,1,0.56220,-0.47056,1,0.68113,-0.43082,1,0.25180,0.36346,15.66936,0.94187,1,0.55535,0.40467,14.93976,0.94187,1,-0.05930,0.02343,0.61746,0.00292,1,0.01330,0.01615,0.64272,0.00275,1,0,0.00000,27
0.69155,-0.45021,5280.26416,0.11328,11852,1,0.83569,-0.39686,1,0.55769,-0.49850,1,0.69669,-0.44768,1,0.25165,0.36338,15.68470,0.94187,1,0.55534,0.40465,14.86682,0.94187,1,-0.05930,0.02343,0.61746,0.00288,1,0.01330,0.01615,0.64272,0.00276,1,0,0.00000,27
0.69184,-0.44991,5280.26416,0.12012,11852,1,0.83806,-0.39172,1,0.55634,-0.49716,1,0.69720,-0.44444,1,0.25161,0.36342,15.60785,0.94187,1,0.55536,0.40461,15.07053,0.94187,1,-0.05930,0.02343,0.61746,0.00287,1,0.01330,0.01615,0.64272,0.00271,1,0,0.00000,27
0.69215,-0.45015,5280.26416,0.12646,11852,1,0.83900,-0.40192,1,0.55706,-0.50765,1,0.69803,-0.45478,1,0.25161,0.36342,15.60785,0.94815,1,0.55538,0.40463,14.77191,0.94815,1,-0.06143,0.02425,0.63907,0.00287,1,0.01351,0.01645,0.65278,0.00273,1,0,0.00000,27
0.69270,-0.45053,5280.26416,0.13330,11852,1,0.82912,-0.40998,1,0.57809,-0.50643,1,0.70361,-0.45820,1,0.25156,0.36343,15.64538,0.95444,1,0.55531,0.40430,15.55283,0.95444,1,-0.06143,0.02425,0.63907,0.00289,1,0.01351,0.01645,0.65278,0.00268,1,0,0.00000,27
0.69298,-0.45171,5280.26416,0.14062,11852,1,0.82227,-0.41248,1,0.57558,-0.54018,1,0.69892,-0.47633,1,0.25153,0.36345,15.63538,0.96073,1,0.55524,0.40449,14.98234,0.96073,1,-0.06143,0.02425,0.63907,0.00288,1,0.01351,0.01645,0.65278,0.00268,1,0,0.00000,27
0.69332,-0.45373,5280.26416,0.14697,11852,1,0.82401,-0.43387,1,0.57729,-0.56250,1,0.70065,-0.49818,1,0.25146,0.36346,15.43386,0.97404,1,0.55515,0.40452,14.86948,0.97404,1,-0.06378,0.02511,0.66302,0.00288,1,0.01294,0.01594,0.63444,0.00268,1,0,0.00000,27
0.69349,-0.45590,5280.26416,0.15332,11852,1,0.82333,-0.44293,1,0.57150,-0.56869,1,0.69742,-0.50581,1,0.25150,0.36351,15.27533,0.98107,1,0.55509,0.40445,14.91189,0.98107,1,-0.06378,0.02511,0.66302,0.00293,1,0.01294,0.01594,0.63444,0.00268,1,0,0.00000,27
0.69411,-0.45860,5280.26416,0.16064,11852,1,0.81427,-0.46587,1,0.60388,-0.58095,1,0.70907,-0.52341,1,0.25140,0.36351,15.40956,0.98809,1,0.55509,0.40443,14.81408,0.98809,1,-0.06378,0.02511,0.66302,0.00286,1,0.01294,0.01594,0.63444,0.00269,1,0,0.00000,27
0.69469,-0.46109,5280.26416,0.16748,11852,1,0.81427,-0.46587,1,0.60388,-0.58095,1,0.70907,-0.52341,1,0.25140,0.36347,15.55891,0.98809,1,0.55509,0.40445,14.88967,0.98809,1,-0.06070,0.02388,0.63051,0.00285,1,0.01283,0.01585,0.62909,0.00268,1,0,0.00000,27
0.69498,-0.46296,5280.26416,0.17383,11852,1,0.80497,-0.45546,1,0.60051,-0.56781,1,0.70274,-0.51164,1,0.25132,0.36343,15.22631,0.98107,1,0.55507,0.40444,14.92712,0.98107,1,-0.06070,0.02388,0.63051,0.00288,1,0.01283,0.01585,0.62909,0.00267,1,0,0.00000,27
0.69515,-0.46454,5280.26416,0.18066,11852,1,0.80704,-0.44433,1,0.59210,-0.56972,1,0.69957,-0.50703,1,0.25132,0.36339,15.33584,0.97404,1,0.55504,0.40441,14.94216,0.97404,1,-0.06070,0.02388,0.63051,0.00288,1,0.01283,0.01585,0.62909,0.00265,1,0,0.00000,27
0.69527,-0.46560,5280.26416,0.18701,11852,1,0.80622,-0.43301,1,0.59110,-0.55791,1,0.69866,-0.49546,1,0.25132,0.36343,15.22631,0.96701,1,0.55500,0.40439,14.86184,0.96701,1,-0.06070,0.02388,0.63051,0.00288,1,0.01283,0.01585,0.62909,0.00268,1,0,0.00000,27
0.70073,-0.49161,5280.26416,0.18701,11852,0,0.80167,-0.43908,1,0.58590,-0.56223,1,0.69379,-0.50066,1,0.25124,0.36340,15.35025,0.96701,1,0.55497,0.40434,14.77673,0.96701,1,-0.06070,0.02388,0.63051,0.00283,1,0.01283,0.01585,0.62909,0.00268,1,0,0.00000,27
0.69779,-0.49051,5280.26416,0.18701,11852,0,0.79456,-0.42351,1,0.59513,-0.55532,1,0.69485,-0.48942,1,0.25124,0.36341,15.18553,0.96701,1,0.55492,0.40438,14.91859,0.96701,1,-0.06070,0.02388,0.63051,0.00285,1,0.01283,0.01585,0.62909,0.00266,1,0,0.00000,27
0.69681,-0.49015,5280.26416,0.18701,11852,0,0.79456,-0.42351,1,0.59513,-0.55532,1,0.69485,-0.48942,1,0.25127,0.36337,15.33943,0.96701,1,0.55494,0.40435,14.83754,0.96701,1,-0.06070,0.02388,0.63051,0.00285,1,0.01283,0.01585,0.62909,0.00266,1,0,0.00000,27
0.69679,-0.49368,5280.45752,0.02051,11853,1,0.80521,-0.43953,1,0.58824,-0.56904,1,0.69672,-0.50428,1,0.25127,0.36337,15.33943,0.96701,1,0.55492,0.40438,14.91859,0.96701,1,-0.06070,0.02388,0.63051,0.00285,1,0.01283,0.01585,0.62909,0.00266,1,0,0.00000,27
0.69715,-0.49468,5280.45752,0.02734,11853,1,0.80426,-0.43476,1,0.59292,-0.56255,1,0.69859,-0.49866,1,0.25124,0.36333,15.25411,0.96701,1,0.55498,0.40425,15.19382,0.96701,1,-0.06070,0.02388,0.63051,0.00285,1,0.01283,0.01585,0.62909,0.00264,1,0,0.00000,27
0.69739,-0.49534,5280.45752,0.03418,11853,1,0.80426,-0.43476,1,0.59292,-0.56255,1,0.69859,-0.49866,1,0.25133,0.36334,15.17421,0.96701,1,0.55494,0.40415,14.99365,0.96701,1,-0.06070,0.02388,0.63051,0.00291,1,0.01283,0.01585,0.62909,0.00265,1,0,0.00000,27
0.69704,-0.49828,5280.45752,0.04297,11853,1,0.80949,-0.45207,1,0.58049,-0.57974,1,0.69499,-0.51591,1,0.25139,0.36330,15.17391,0.96701,1,0.55508,0.40406,14.72945,0.96701,1,-0.06070,0.02388,0.63051,0.00289,1,0.01283,0.01585,0.62909,0.00266,1,0,0.00000,27
0.69721,-0.50084,5280.45752,0.04883,11853,1,0.81619,-0.44761,1,0.58058,-0.58992,1,0.69839,-0.51876,1,0.25135,0.36342,15.44413,0.96701,1,0.55511,0.40408,14.74527,0.96701,1,-0.06070,0.02388,0.63051,0.00286,1,0.01283,0.01585,0.62909,0.00264,1,0,0.00000,27
0.69740,-0.50352,5280.45752,0.05371,11853,1,0.81619,-0.44761,1,0.58153,-0.60225,1,0.69886,-0.52493,1,0.25140,0.36335,15.53288,0.96701,1,0.55512,0.40414,14.91270,0.97420,1,-0.06070,0.02388,0.63051,0.00289,1,0.01338,0.01647,0.65365,0.00264,1,0,0.00000,27
0.69823,-0.50802,5280.45752,0.06055,11853,1,0.82818,-0.48348,1,0.58336,-0.61359,1,0.70577,-0.54853,1,0.25156,0.36313,15.15906,0.97420,1,0.55512,0.40416,14.76030,0.98139,1,-0.06070,0.02388,0.63051,0.00286,1,0.01338,0.01647,0.65365,0.00264,1,0,0.00000,27
0.69860,-0.51265,5280.45752,0.06738,11853,1,0.82563,-0.48687,1,0.57889,-0.63098,1,0.70226,-0.55892,1,0.25156,0.36313,15.15906,0.98139,1,0.55519,0.40411,14.81542,0.98858,1,-0.06070,0.02388,0.63051,0.00286,1,0.01338,0.01647,0.65365,0.00260,1,0,0.00000,27
0.69891,-0.51654,5280.45752,0.07422,11853,1,0.82657,-0.49875,1,0.57807,-0.61991,1,0.70232,-0.55933,1,0.25157,0.36309,15.25077,0.98858,1,0.55521,0.40403,14.75670,0.98215,1,-0.06143,0.02425,0.63907,0.00285,1,0.01267,0.01549,0.61466,0.00262,1,0,0.00000,27
0.69830,-0.51881,5280.45752,0.08105,11853,1,0.83074,-0.49547,1,0.55129,-0.59682,1,0.69101,-0.54614,1,0.25159,0.36309,15.28169,0.98215,1,0.55529,0.40405,14.67891,0.96853,1,-0.06143,0.02425,0.63907,0.00283,1,0.01267,0.01549,0.61466,0.00267,1,0,0.00000,27
0.69817,-0.51963,5280.45752,0.08789,11853,1,0.83556,-0.48985,1,0.55741,-0.57069,1,0.69649,-0.53027,1,0.25169,0.36301,15.03442,0.96853,1,0.55531,0.40401,14.52564,0.95490,1,-0.06143,0.02425,0.63907,0.00289,1,0.01267,0.01549,0.61466,0.00268,1,0,0.00000,27
0.69791,-0.51845,5280.45752,0.09424,11853,1,0.83272,-0.45641,1,0.55589,-0.54748,1,0.69431,-0.50194,1,0.25177,0.36295,14.88599,0.94862,1,0.55531,0.40396,14.43304,0.94143,1,-0.05856,0.02318,0.60971,0.00289,1,0.01351,0.01645,0.65278,0.00267,1,0,0.00000,27
0.69804,-0.51728,5280.45752,0.10107,11853,1,0.83562,-0.43937,1,0.56428,-0.56002,1,0.69995,-0.49970,1,0.25165,0.36288,15.12067,0.93514,1,0.55532,0.40399,14.39993,0.94157,1,-0.05856,0.02318,0.60971,0.00280,1,0.01351,0.01645,0.65278,0.00267,1,0,0.00000,27
0.69827,-0.51691,5280.45752,0.10742,11853,1,0.83702,-0.45129,1,0.56690,-0.57078,1,0.70196,-0.51103,1,0.25169,0.36283,15.00858,0.93529,1,0.55544,0.40401,14.46737,0.94172,1,-0.05856,0.02318,0.60971,0.00279,1,0.01351,0.01645,0.65278,0.00262,1,0,0.00000,27
0.69846,-0.51629,5280.45752,0.11475,11853,1,0.83704,-0.45153,1,0.56613,-0.55981,1,0.70158,-0.50567,1,0.25173,0.36279,15.11003,0.93543,1,0.55535,0.40401,14.38939,0.93543,1,-0.05856,0.02318,0.60971,0.00280,1,0.01290,0.01581,0.62559,0.00268,1,0,0.00000,27
0.69803,-0.51577,5280.45752,0.12109,11853,1,0.80958,-0.46176,1,0.57119,-0.55113,1,0.69039,-0.50645,1,0.25168,0.36274,15.19573,0.93543,1,0.55555,0.40390,14.90161,0.92900,1,-0.05856,0.02318,0.60971,0.00281,1,0.01290,0.01581,0.62559,0.00259,1,0,0.00000,27
0.69763,-0.51494,5280.45752,0.12744,11853,1,0.81060,-0.45824,1,0.56945,-0.53996,1,0.69002,-0.49910,1,0.25168,0.36274,15.19573,0.92900,1,0.55554,0.40387,14.83423,0.92257,1,-0.05856,0.02318,0.60971,0.00281,1,0.01290,0.01581,0.62559,0.00258,1,0,0.00000,27
0.69727,-0.51417,5280.45752,0.13428,11853,1,0.81058,-0.45799,1,0.56943,-0.53971,1,0.69000,-0.49885,1,0.25168,0.36274,15.19573,0.92886,1,0.55551,0.40399,14.46984,0.92242,1,-0.06211,0.02466,0.64718,0.00281,1,0.01290,0.01581,0.62559,0.00259,1,0,0.00000,27
0.69680,-0.51386,5280.45752,0.14111,11853,1,0.80254,-0.45972,1,0.57156,-0.55511,1,0.68705,-0.50742,1,0.25171,0.36269,15.05830,0.92871,1,0.55551,0.40400,14.33675,0.92871,1,-0.06211,0.02466,0.64718,0.00283,1,0.01290,0.01581,0.62559,0.00260,1,0,0.00000,27
0.69671,-0.51273,5280.45752,0.14795,11853,1,0.81477,-0.40928,1,0.57430,-0.56610,1,0.69454,-0.48769,1,0.25169,0.36269,15.08526,0.93500,1,0.55551,0.40397,14.38972,0.93500,1,-0.06211,0.02466,0.64718,0.00282,1,0.01290,0.01581,0.62559,0.00259,1,0,0.00000,27
0.69667,-0.51236,5280.45752,0.15430,11853,1,0.81557,-0.41961,1,0.57597,-0.58837,1,0.69577,-0.50399,1,0.25185,0.36272,15.03099,0.94128,1,0.55552,0.40394,14.27256,0.94771,1,-0.06211,0.02461,0.64718,0.00275,1,0.01330,0.01624,0.64272,0.00260,1,0,0.00000,27
0.69687,-0.51266,5280.45752,0.16113,11853,1,0.82837,-0.42683,1,0.57510,-0.61295,1,0.70174,-0.51989,1,0.25167,0.36264,15.18882,0.94771,1,0.55554,0.40386,14.50084,0.95415,1,-0.06211,0.02461,0.64718,0.00281,1,0.01330,0.01624,0.64272,0.00260,1,0,0.00000,27
0.69701,-0.51205,5280.45752,0.16797,11853,1,0.83144,-0.43457,1,0.56955,-0.55883,1,0.70049,-0.49670,1,0.25163,0.36260,15.12635,0.95415,1,0.55541,0.40380,14.49938,0.96058,1,-0.06211,0.02461,0.64718,0.00280,1,0.01330,0.01624,0.64272,0.00258,1,0,0.00000,27
0.69714,-0.51149,5280.45752,0.17480,11853,1,0.83146,-0.43482,1,0.56957,-0.55908,1,0.70051,-0.49695,1,0.25168,0.36263,15.23028,0.95429,1,0.55539,0.40384,14.41044,0.96073,1,-0.05930,0.02353,0.61746,0.00279,1,0.01330,0.01624,0.64272,0.00259,1,0,0.00000,27
0.69716,-0.51148,5280.45752,0.18164,11853,1,0.83410,-0.46891,1,0.56128,-0.55364,1,0.69769,-0.51127,1,0.25163,0.36259,15.17666,0.95444,1,0.55535,0.40374,14.32354,0.95444,1,-0.05930,0.02353,0.61746,0.00277,1,0.01330,0.01624,0.64272,0.00261,1,0,0.00000,27
0.69700,-0.51288,5280.45752,0.18799,11853,1,0.83453,-0.49236,1,0.55089,-0.61178,1,0.69271,-0.55207,1,0.25172,0.36264,15.12077,0.94815,1,0.55527,0.40380,14.28012,0.94815,1,-0.05930,0.02353,0.61746,0.00287,1,0.01330,0.01624,0.64272,0.00264,1,0,0.00000,27
0.69686,-0.51419,5280.45752,0.19482,11853,1,0.83453,-0.49236,1,0.55089,-0.61178,1,0.69271,-0.55207,1,0.25148,0.36267,14.90101,0.94815,1,0.55524,0.40382,14.25153,0.94815,1,-0.06070,0.02398,0.63051,0.00279,1,0.01294,0.01604,0.63444,0.00263,1,0,0.00000,27
0.69508,-0.51340,5280.45752,0.20166,11853,1,0.76474,-0.42441,1,0.51828,-0.55480,1,0.64151,-0.48961,1,0.25065,0.36311,14.80102,0.95444,1,0.55424,0.40420,14.45263,0.95444,1,-0.06070,0.02398,0.63051,0.00283,1,0.01294,0.01604,0.63444,0.00263,1,0,0.00000,27
0.69260,-0.51151,5280.45752,0.20801,11853,1,0.72906,-0.38878,1,0.50268,-0.51749,1,0.61587,-0.45314,1,0.24979,0.36353,14.94691,0.96073,1,0.55328,0.40450,14.34098,0.96073,1,-0.06070,0.02398,0.63051,0.00284,1,0.01294,0.01604,0.63444,0.00263,1,0,0.00000,27
0.69028,-0.50974,5280.45752,0.21484,11853,1,0.72906,-0.38878,1,0.50268,-0.51749,1,0.61587,-0.45314,1,0.24932,0.36371,14.95346,0.96073,1,0.55283,0.40465,14.60616,0.96073,1,-0.05996,0.02345,0.62045,0.00280,1,0.01288,0.01640,0.65085,0.00261,1,0,0.00000,27
0.68666,-0.50663,5280.45752,0.22119,11853,1,0.70231,-0.36688,1,0.43234,-0.44117,1,0.56733,-0.40402,1,0.24804,0.36416,15.20632,0.95444,1,0.55141,0.40512,14.46634,0.95444,1,-0.05996,0.02345,0.62045,0.00280,1,0.01288,0.01640,0.65085,0.00262,1,0,0.00000,27
0.65506,-0.48385,5280.45752,0.22119,11853,0,0.65828,-0.34181,1,0.41873,-0.40493,1,0.53850,-0.37337,1,0.24766,0.36440,15.23164,0.94815,1,0.55091,0.40539,14.53065,0.94815,1,-0.05996,0.02345,0.62045,0.00279,1,0.01288,0.01640,0.65085,0.00258,1,0,0.00000,27
0.59684,-0.42378,5280.45752,0.22119,11853,0,0.65842,-0.33245,1,0.41882,-0.39497,1,0.53862,-0.36371,1,0.24731,0.36440,14.89553,0.94187,1,0.55058,0.40548,14.96466,0.94187,1,-0.05985,0.02334,0.61736,0.00279,1,0.01257,0.01621,0.64501,0.00263,1,0,0.00000,27
0.58275,-0.40873,5280.45752,0.22119,11853,0,0.67245,-0.34667,1,0.43667,-0.41059,1,0.55456,-0.37863,1,0.24724,0.36430,15.20103,0.94187,1,0.55057,0.40547,15.09063,0.94187,1,-0.05985,0.02334,0.61736,0.00275,1,0.01257,0.01621,0.64501,0.00261,1,0,0.00000,27
0.55054,-0.37440,5280.45752,0.22119,11853,0,0.67569,-0.34426,1,0.44121,-0.41744,1,0.55845,-0.38085,1,0.24724,0.36428,15.25129,0.94187,1,0.55062,0.40532,14.69465,0.94187,1,-0.05985,0.02334,0.61736,0.00275,1,0.01257,0.01621,0.64501,0.00260,1,0,0.00000,27
0.55450,-0.38799,5280.45752,0.22119,11853,0,0.67561,-0.36434,1,0.44129,-0.43880,1,0.55845,-0.40157,1,0.24720,0.36427,15.22326,0.95518,1,0.55074,0.40522,14.65737,0.95518,1,-0.06371,0.02475,0.65616,0.00277,1,0.01246,0.01601,0.63896,0.00261,1,0,0.00000,27
0.55250,-0.40073,5280.45752,0.22119,11853,0,0.66338,-0.38955,1,0.43366,-0.46288,1,0.54852,-0.42622,1,0.24712,0.36429,15.18189,0.96849,1,0.55061,0.40535,14.69978,0.96849,1,-0.06371,0.02475,0.65616,0.00273,1,0.01246,0.01601,0.63896,0.00259,1,0,0.00000,27
0.55138,-0.40986,5280.70605,0.01953,11854,1,0.65776,-0.40124,1,0.43824,-0.47324,1,0.54800,-0.43724,1,0.24712,0.36429,15.18189,0.98180,1,0.55050,0.40525,14.52287,0.98180,1,-0.06371,0.02475,0.65616,0.00273,1,0.01246,0.01601,0.63896,0.00265,1,0,0.00000,27
0.55069,-0.41728,5280.70605,0.02686,11854,1,0.65762,-0.41066,1,0.43825,-0.48328,1,0.54793,-0.44697,1,0.24703,0.36430,15.27145,0.98809,1,0.55060,0.40522,14.62574,0.98809,1,-0.06195,0.02405,0.63755,0.00275,1,0.01246,0.01601,0.63896,0.00259,1,0,0.00000,27
0.54944,-0.41974,5280.70605,0.03418,11854,1,0.65217,-0.39495,1,0.43419,-0.46919,1,0.54318,-0.43207,1,0.24701,0.36434,15.07409,0.98107,1,0.55065,0.40525,14.68346,0.98107,1,-0.06195,0.02405,0.63755,0.00278,1,0.01246,0.01601,0.63896,0.00256,1,0,0.00000,27
0.54896,-0.42209,5280.70605,0.04053,11854,1,0.65423,-0.39846,1,0.43790,-0.47385,1,0.54607,-0.43615,1,0.24696,0.36436,15.19512,0.97404,1,0.55063,0.40519,14.45375,0.97404,1,-0.06195,0.02405,0.63755,0.00278,1,0.01246,0.01601,0.63896,0.00258,1,0,0.00000,27
0.54861,-0.42248,5280.70605,0.04688,11854,1,0.65442,-0.38788,1,0.43789,-0.46253,1,0.54615,-0.42521,1,0.24697,0.36436,15.18178,0.96701,1,0.55063,0.40519,14.45375,0.96701,1,-0.06177,0.02403,0.63565,0.00279,1,0.01246,0.01601,0.63896,0.00258,1,0,0.00000,27
0.54848,-0.42227,5280.70605,0.05371,11854,1,0.65592,-0.38640,1,0.43902,-0.45487,1,0.54747,-0.42064,1,0.24695,0.36432,15.27612,0.96701,1,0.55075,0.40521,14.54971,0.96701,1,-0.06177,0.02403,0.63565,0.00280,1,0.01246,0.01601,0.63896,0.00262,1,0,0.00000,27
0.54836,-0.42279,5280.70605,0.06104,11854,1,0.65190,-0.39442,1,0.44268,-0.46052,1,0.54729,-0.42747,1,0.24703,0.36421,15.13154,0.96701,1,0.55071,0.40523,14.79812,0.96701,1,-0.06177,0.02403,0.63565,0.00278,1,0.01246,0.01601,0.63896,0.00258,1,0,0.00000,27
0.54826,-0.42322,5280.70605,0.06738,11854,1,0.65190,-0.39442,1,0.44268,-0.46052,1,0.54729,-0.42747,1,0.24703,0.36422,15.08304,0.96701,1,0.55072,0.40524,14.64371,0.96701,1,-0.06177,0.02403,0.63565,0.00278,1,0.01246,0.01601,0.63896,0.00260,1,0,0.00000,27
0.54813,-0.42332,5280.70605,0.07373,11854,1,0.65115,-0.38201,1,0.44218,-0.46682,1,0.54666,-0.42442,1,0.24702,0.36419,15.08189,0.96701,1,0.55071,0.40516,14.43172,0.96701,1,-0.06177,0.02403,0.63565,0.00278,1,0.01246,0.01601,0.63896,0.00262,1,0,0.00000,27
0.54865,-0.42415,5280.70605,0.08057,11854,1,0.65386,-0.40339,1,0.45583,-0.46483,1,0.55485,-0.43411,1,0.24699,0.36423,15.12066,0.96701,1,0.55071,0.40516,14.43172,0.96701,1,-0.06177,0.02403,0.63565,0.00277,1,0.01246,0.01601,0.63896,0.00262,1,0,0.00000,27
0.54909,-0.42486,5280.70605,0.08691,11854,1,0.65386,-0.40339,1,0.45583,-0.46483,1,0.55485,-0.43411,1,0.24695,0.36422,15.05275,0.96701,1,0.55076,0.40525,14.71284,0.96701,1,-0.06177,0.02403,0.63565,0.00280,1,0.01257,0.01621,0.64501,0.00261,1,0,0.00000,27
0.54787,-0.42424,5280.70605,0.09375,11854,1,0.64938,-0.35088,1,0.41231,-0.48011,1,0.53085,-0.41550,1,0.24687,0.36401,15.07709,0.96701,1,0.55071,0.40516,14.43172,0.96701,1,-0.06177,0.02403,0.63565,0.00279,1,0.01257,0.01621,0.64501,0.00262,1,0,0.00000,27
0.54705,-0.42364,5280.70605,0.10010,11854,1,0.64586,-0.35418,1,0.42368,-0.47529,1,0.53477,-0.41474,1,0.24692,0.36405,15.03232,0.96701,1,0.55071,0.40516,14.43172,0.96701,1,-0.06177,0.02403,0.63565,0.00276,1,0.01257,0.01621,0.64501,0.00262,1,0,0.00000,27
0.54633,-0.42281,5280.70605,0.10693,11854,1,0.64586,-0.35418,1,0.42375,-0.46483,1,0.53481,-0.40951,1,0.24689,0.36405,15.11177,0.96701,1,0.55071,0.40516,14.43172,0.96058,1,-0.06177,0.02403,0.63565,0.00274,1,0.01227,0.01575,0.62705,0.00262,1,0,0.00000,27
0.54554,-0.42193,5280.70605,0.11328,11854,1,0.63987,-0.33905,1,0.42439,-0.47475,1,0.53213,-0.40690,1,0.24689,0.36403,15.05221,0.96058,1,0.55073,0.40517,14.45043,0.95415,1,-0.06177,0.02403,0.63565,0.00278,1,0.01227,0.01575,0.62705,0.00262,1,0,0.00000,27
0.54457,-0.42085,5280.70605,0.12061,11854,1,0.63613,-0.33778,1,0.41785,-0.46503,1,0.52699,-0.40141,1,0.24680,0.36399,15.10081,0.95415,1,0.55071,0.40506,14.29082,0.94771,1,-0.06177,0.02403,0.63565,0.00275,1,0.01227,0.01575,0.62705,0.00259,1,0,0.00000,27
0.54370,-0.41964,5280.70605,0.12744,11854,1,0.63641,-0.32834,1,0.41785,-0.46503,1,0.52713,-0.39669,1,0.24678,0.36397,15.08973,0.94771,1,0.55072,0.40509,14.43816,0.94771,1,-0.06177,0.02403,0.63565,0.00276,1,0.01257,0.01621,0.64501,0.00258,1,0,0.00000,27
0.54323,-0.41922,5280.70605,0.13330,11854,1,0.64531,-0.33732,1,0.42259,-0.48440,1,0.53395,-0.41086,1,0.24680,0.36389,15.10649,0.94771,1,0.55068,0.40497,14.52500,0.95415,1,-0.06177,0.02403,0.63565,0.00273,1,0.01257,0.01621,0.64501,0.00258,1,0,0.00000,27
0.54242,-0.41926,5280.70605,0.14014,11854,1,0.63379,-0.33796,1,0.41695,-0.50232,1,0.52537,-0.42014,1,0.24673,0.36387,14.92588,0.95415,1,0.55056,0.40487,14.43399,0.96058,1,-0.06177,0.02403,0.63565,0.00276,1,0.01257,0.01621,0.64501,0.00264,1,0,0.00000,27
0.54167,-0.41974,5280.70605,0.14697,11854,1,0.63350,-0.34740,1,0.41685,-0.51304,1,0.52517,-0.43022,1,0.24676,0.36390,15.02231,0.96058,1,0.55056,0.40487,14.43399,0.96701,1,-0.06177,0.02403,0.63565,0.00276,1,0.01237,0.01600,0.63479,0.00264,1,0,0.00000,27
0.54259,-0.42022,5280.70605,0.15381,11854,1,0.69272,-0.36043,1,0.43482,-0.50227,1,0.56377,-0.43135,1,0.24670,0.36392,15.04724,0.96701,1,0.55052,0.40495,14.66464,0.96701,1,-0.06177,0.02403,0.63565,0.00278,1,0.01237,0.01600,0.63479,0.00262,1,0,0.00000,27
0.54176,-0.42099,5280.70605,0.16064,11854,1,0.64258,-0.38775,1,0.40129,-0.49119,1,0.52193,-0.43947,1,0.24614,0.36412,14.80234,0.96701,1,0.54991,0.40502,14.16576,0.96701,1,-0.06177,0.02403,0.63565,0.00280,1,0.01237,0.01600,0.63479,0.00260,1,0,0.00000,27
0.54100,-0.42170,5280.70605,0.16748,11854,1,0.64258,-0.38775,1,0.40129,-0.49119,1,0.52193,-0.43947,1,0.24578,0.36435,14.84970,0.96701,1,0.54948,0.40509,14.47235,0.96701,1,-0.06222,0.02413,0.63836,0.00277,1,0.01227,0.01610,0.63905,0.00256,1,0,0.00000,27
0.53774,-0.42133,5280.70605,0.17432,11854,1,0.56201,-0.39264,1,0.34377,-0.43039,1,0.45289,-0.41151,1,0.24439,0.36456,14.82726,0.96701,1,0.54793,0.40539,14.32712,0.96701,1,-0.06222,0.02413,0.63836,0.00280,1,0.01227,0.01610,0.63905,0.00259,1,0,0.00000,27
0.53382,-0.42071,5280.70605,0.18066,11854,1,0.53693,-0.39652,1,0.31932,-0.41137,1,0.42812,-0.40394,1,0.24400,0.36470,14.82971,0.96701,1,0.54774,0.40552,14.16576,0.96701,1,-0.06222,0.02413,0.63836,0.00280,1,0.01227,0.01610,0.63905,0.00260,1,0,0.00000,27
0.53018,-0.42013,5280.70605,0.18701,11854,1,0.53693,-0.39652,1,0.31932,-0.41137,1,0.42812,-0.40394,1,0.24389,0.36465,14.92132,0.96701,1,0.54752,0.40573,14.35806,0.96701,1,-0.06336,0.02445,0.64800,0.00274,1,0.01218,0.01614,0.64440,0.00259,1,0,0.00000,27
0.50084,-0.41641,5280.70605,0.18701,11854,0,0.56699,-0.39838,1,0.34247,-0.41753,1,0.45473,-0.40795,1,0.24387,0.36468,15.09243,0.96701,1,0.54771,0.40563,14.28272,0.96701,1,-0.06336,0.02445,0.64800,0.00274,1,0.01218,0.01614,0.64440,0.00260,1,0,0.00000,27
0.47568,-0.41548,5280.70605,0.18701,11854,0,0.56849,-0.40472,1,0.33256,-0.42438,1,0.45052,-0.41455,1,0.24394,0.36453,15.01451,0.96701,1,0.54772,0.40561,14.34802,0.96701,1,-0.06336,0.02445,0.64800,0.00278,1,0.01218,0.01614,0.64440,0.00260,1,0,0.00000,27
0.46730,-0.41517,5280.70605,0.18701,11854,0,0.56849,-0.40472,1,0.33256,-0.42438,1,0.45052,-0.41455,1,0.24385,0.36460,14.84756,0.96701,1,0.54772,0.40561,14.34802,0.96701,1,-0.06336,0.02445,0.64800,0.00276,1,0.01218,0.01614,0.64440,0.00260,1,0,0.00000,27
0.46100,-0.40678,5280.90039,0.02002,11855,1,0.55921,-0.35575,1,0.32498,-0.40749,1,0.44210,-0.38162,1,0.24379,0.36455,15.01220,0.96701,1,0.54758,0.40557,14.53337,0.96701,1,-0.06336,0.02445,0.64800,0.00280,1,0.01218,0.01614,0.64440,0.00254,1,0,0.00000,27
0.45585,-0.40522,5280.90039,0.02637,11855,1,0.55282,-0.36263,1,0.31767,-0.43536,1,0.43525,-0.39899,1,0.24377,0.36451,15.07140,0.96701,1,0.54759,0.40553,14.27944,0.96701,1,-0.06336,0.02445,0.64800,0.00280,1,0.01218,0.01614,0.64440,0.00252,1,0,0.00000,27
0.45253,-0.40259,5280.90039,0.03320,11855,1,0.55358,-0.35356,1,0.31835,-0.42529,1,0.43597,-0.38942,1,0.24362,0.36447,15.16010,0.96073,1,0.54751,0.40542,14.26000,0.96073,1,-0.06131,0.02364,0.62663,0.00273,1,0.01206,0.01603,0.63813,0.00255,1,0,0.00000,27
0.45161,-0.40053,5280.90039,0.03955,11855,1,0.57373,-0.34072,1,0.31843,-0.43557,1,0.44608,-0.38814,1,0.24368,0.36430,15.19622,0.95444,1,0.54751,0.40537,14.03167,0.95444,1,-0.06131,0.02364,0.62663,0.00275,1,0.01206,0.01603,0.63813,0.00256,1,0,0.00000,27
0.45020,-0.39759,5280.90039,0.04639,11855,1,0.56647,-0.33579,1,0.31423,-0.41821,1,0.44035,-0.37700,1,0.24353,0.36439,14.93568,0.94815,1,0.54746,0.40535,14.06485,0.94815,1,-0.06131,0.02364,0.62663,0.00271,1,0.01206,0.01603,0.63813,0.00256,1,0,0.00000,27
0.44919,-0.39423,5280.90039,0.05322,11855,1,0.56717,-0.32668,1,0.31495,-0.40806,1,0.44106,-0.36737,1,0.24350,0.36438,14.78776,0.94187,1,0.54742,0.40536,14.10883,0.94187,1,-0.06131,0.02364,0.62663,0.00274,1,0.01218,0.01624,0.64439,0.00253,1,0,0.00000,27
0.44796,-0.39302,5280.90039,0.05957,11855,1,0.56710,-0.32858,1,0.30680,-0.43569,1,0.43695,-0.38213,1,0.24338,0.36432,14.60634,0.94187,1,0.54736,0.40530,14.27697,0.94187,1,-0.06131,0.02364,0.62663,0.00277,1,0.01218,0.01624,0.64439,0.00258,1,0,0.00000,27
0.44764,-0.39272,5280.90039,0.06689,11855,1,0.55401,-0.33035,1,0.33479,-0.44913,1,0.44440,-0.38974,1,0.24329,0.36425,14.98571,0.94187,1,0.54712,0.40516,14.00015,0.94187,1,-0.06131,0.02364,0.62663,0.00271,1,0.01218,0.01624,0.64439,0.00261,1,0,0.00000,27
0.44731,-0.39329,5280.90039,0.07324,11855,1,0.55324,-0.33945,1,0.33419,-0.45955,1,0.44372,-0.39950,1,0.24327,0.36423,15.08360,0.94815,1,0.54712,0.40516,14.00015,0.94815,1,-0.06235,0.02403,0.63579,0.00272,1,0.01206,0.01632,0.64362,0.00261,1,0,0.00000,27
0.44672,-0.39432,5280.90039,0.08008,11855,1,0.56917,-0.31468,1,0.30999,-0.49877,1,0.43958,-0.40672,1,0.24304,0.36413,14.83626,0.95444,1,0.54707,0.40477,14.35159,0.95444,1,-0.06235,0.02403,0.63579,0.00278,1,0.01206,0.01632,0.64362,0.00257,1,0,0.00000,27
0.44777,-0.39414,5280.90039,0.08691,11855,1,0.58770,-0.32707,1,0.33531,-0.45668,1,0.46150,-0.39187,1,0.24298,0.36411,14.84741,0.96073,1,0.54700,0.40470,14.15244,0.96073,1,-0.06235,0.02403,0.63579,0.00274,1,0.01206,0.01632,0.64362,0.00261,1,0,0.00000,27
0.44869,-0.39399,5280.90039,0.09326,11855,1,0.58770,-0.32707,1,0.33531,-0.45668,1,0.46150,-0.39187,1,0.24294,0.36412,14.84852,0.96073,1,0.54688,0.40479,14.14294,0.96073,1,-0.06081,0.02342,0.61961,0.00273,1,0.01186,0.01616,0.63766,0.00257,1,0,0.00000,27
0.44832,-0.39289,5280.90039,0.10059,11855,1,0.56734,-0.34030,1,0.31827,-0.41252,1,0.44280,-0.37641,1,0.24261,0.36392,14.79771,0.95444,1,0.54670,0.40462,14.29813,0.95444,1,-0.06081,0.02342,0.61961,0.00271,1,0.01186,0.01616,0.63766,0.00255,1,0,0.00000,27
0.44742,-0.39173,5280.90039,0.10693,11855,1,0.55586,-0.33525,1,0.31026,-0.41105,1,0.43306,-0.37315,1,0.24261,0.36390,14.86156,0.94815,1,0.54672,0.40442,13.95795,0.94815,1,-0.06081,0.02342,0.61961,0.00271,1,0.01186,0.01616,0.63766,0.00256,1,0,0.00000,27
0.44658,-0.39130,5280.90039,0.11328,11855,1,0.55501,-0.34540,1,0.30944,-0.42235,1,0.43222,-0.38388,1,0.24254,0.36393,14.82397,0.95518,1,0.54652,0.40438,14.02578,0.95518,1,-0.06457,0.02488,0.65685,0.00275,1,0.01186,0.01616,0.63766,0.00256,1,0,0.00000,27
0.44631,-0.39278,5280.90039,0.12061,11855,1,0.56561,-0.37694,1,0.31746,-0.46218,1,0.44153,-0.41956,1,0.24234,0.36382,14.94938,0.96849,1,0.54650,0.40435,14.16021,0.96849,1,-0.06457,0.02488,0.65685,0.00274,1,0.01186,0.01616,0.63766,0.00254,1,0,0.00000,27
0.44660,-0.39539,5280.90039,0.12695,11855,1,0.56204,-0.40082,1,0.34191,-0.48885,1,0.45198,-0.44484,1,0.24232,0.36378,14.86119,0.98180,1,0.54626,0.40437,14.01513,0.98180,1,-0.06457,0.02488,0.65685,0.00274,1,0.01186,0.01616,0.63766,0.00252,1,0,0.00000,27
0.44685,-0.39774,5280.90039,0.13379,11855,1,0.56204,-0.40082,1,0.34191,-0.48885,1,0.45198,-0.44484,1,0.24231,0.36374,14.72027,0.98180,1,0.54621,0.40428,14.23355,0.98180,1,-0.05723,0.02202,0.58138,0.00275,1,0.01161,0.01608,0.63448,0.00252,1,0,0.00000,27
0.44699,-0.39849,5280.90039,0.14062,11855,1,0.56830,-0.36420,1,0.33164,-0.46437,1,0.44997,-0.41428,1,0.24214,0.36381,14.64619,0.96849,1,0.54612,0.40432,14.04670,0.96849,1,-0.05723,0.02202,0.58138,0.00276,1,0.01161,0.01608,0.63448,0.00251,1,0,0.00000,27
0.44694,-0.39864,5280.90039,0.14697,11855,1,0.56535,-0.35255,1,0.32598,-0.45120,1,0.44566,-0.40187,1,0.24204,0.36374,14.73669,0.95518,1,0.54608,0.40429,13.93999,0.95518,1,-0.05723,0.02202,0.58138,0.00270,1,0.01161,0.01608,0.63448,0.00249,1,0,0.00000,27
0.44691,-0.39832,5280.90039,0.15381,11855,1,0.56613,-0.34232,1,0.32669,-0.43970,1,0.44641,-0.39101,1,0.24199,0.36373,14.71088,0.94815,1,0.54599,0.40428,13.77926,0.94815,1,-0.06352,0.02452,0.64476,0.00273,1,0.01161,0.01618,0.63447,0.00252,1,0,0.00000,27
0.44676,-0.39874,5280.90039,0.16016,11855,1,0.56542,-0.35398,1,0.32077,-0.46346,1,0.44310,-0.40872,1,0.24195,0.36369,14.58827,0.95444,1,0.54579,0.40430,13.95277,0.95444,1,-0.06352,0.02452,0.64476,0.00275,1,0.01161,0.01618,0.63447,0.00252,1,0,0.00000,27
0.44656,-0.39963,5280.90039,0.16699,11855,1,0.56474,-0.37093,1,0.31820,-0.47294,1,0.44147,-0.42193,1,0.24195,0.36369,14.58827,0.96073,1,0.54579,0.40422,13.74155,0.96073,1,-0.06352,0.02452,0.64476,0.00275,1,0.01161,0.01618,0.63447,0.00253,1,0,0.00000,27
0.44634,-0.40082,5280.90039,0.17383,11855,1,0.56404,-0.38014,1,0.31753,-0.48332,1,0.44079,-0.43173,1,0.24185,0.36369,14.51566,0.96701,1,0.54576,0.40419,13.86071,0.96701,1,-0.06290,0.02423,0.63846,0.00271,1,0.01161,0.01618,0.63447,0.00252,1,0,0.00000,27
0.44611,-0.40158,5280.90039,0.18066,11855,1,0.56667,-0.37399,1,0.31308,-0.47050,1,0.43988,-0.42224,1,0.24187,0.36373,14.62149,0.96701,1,0.54574,0.40422,13.94744,0.96701,1,-0.06290,0.02423,0.63846,0.00271,1,0.01161,0.01618,0.63447,0.00252,1,0,0.00000,27
0.44593,-0.40238,5280.90039,0.18750,11855,1,0.56046,-0.36999,1,0.32081,-0.47913,1,0.44064,-0.42456,1,0.24185,0.36369,14.51566,0.96701,1,0.54574,0.40422,13.94744,0.96701,1,-0.06290,0.02423,0.63846,0.00271,1,0.01161,0.01618,0.63447,0.00252,1,0,0.00000,27
0.44575,-0.40312,5280.90039,0.19434,11855,1,0.56046,-0.36999,1,0.32081,-0.47913,1,0.44064,-0.42456,1,0.24185,0.36367,14.47275,0.96701,1,0.54588,0.40426,13.93623,0.96701,1,-0.06352,0.02442,0.64476,0.00271,1,0.01161,0.01618,0.63447,0.00257,1,0,0.00000,27
0.44583,-0.40411,5280.90039,0.20020,11855,1,0.56530,-0.39358,1,0.33104,-0.47456,1,0.44817,-0.43407,1,0.24221,0.36363,14.83517,0.96701,1,0.54615,0.40421,14.07271,0.96701,1,-0.06352,0.02442,0.64476,0.00271,1,0.01161,0.01618,0.63447,0.00251,1,0,0.00000,26
0.44612,-0.40489,5280.90039,0.20752,11855,1,0.57368,-0.37998,1,0.33664,-0.47795,1,0.45516,-0.42896,1,0.24245,0.36361,14.68336,0.96701,1,0.54622,0.40419,14.10404,0.96701,1,-0.06352,0.02442,0.64476,0.00272,1,0.01161,0.01618,0.63447,0.00252,1,0,0.00000,26
0.44639,-0.40562,5280.90039,0.21436,11855,1,0.57368,-0.37998,1,0.33664,-0.47795,1,0.45516,-0.42896,1,0.24247,0.36355,14.59319,0.96701,1,0.54624,0.40418,14.03074,0.96701,1,-0.06318,0.02432,0.64223,0.00271,1,0.01161,0.01608,0.63448,0.00254,1,0,0.00000,26
0.44679,-0.40628,5280.90039,0.22070,11855,1,0.57647,-0.39115,1,0.34316,-0.46476,1,0.45981,-0.42796,1,0.24243,0.36360,14.47386,0.96701,1,0.54621,0.40418,14.08683,0.96701,1,-0.06318,0.02432,0.64223,0.00273,1,0.01161,0.01608,0.63448,0.00252,1,0,0.00000,26
0.44729,-0.40691,5280.90039,0.22754,11855,1,0.57934,-0.38342,1,0.34938,-0.47327,1,0.46436,-0.42835,1,0.24240,0.36364,14.57051,0.96701,1,0.54621,0.40418,14.08683,0.96701,1,-0.06318,0.02432,0.64223,0.00271,1,0.01161,0.01608,0.63448,0.00252,1,0,0.00000,26
0.44776,-0.40750,5280.90039,0.23438,11855,1,0.57934,-0.38342,1,0.34938,-0.47327,1,0.46436,-0.42835,1,0.24231,0.36368,14.53804,0.96701,1,0.54621,0.40418,14.08683,0.96701,1,-0.06318,0.02432,0.64223,0.00280,1,0.01161,0.01608,0.63448,0.00252,1,0,0.00000,26
0.44812,-0.40864,5280.90039,0.24072,11855,1,0.57511,-0.38067,1,0.34662,-0.51874,1,0.46087,-0.44971,1,0.24245,0.36367,14.60673,0.96701,1,0.54624,0.40428,13.87823,0.96701,1,-0.06318,0.02432,0.64223,0.00268,1,0.01161,0.01608,0.63448,0.00256,1,0,0.00000,26
0.44854,-0.40974,5280.90039,0.24756,11855,1,0.57726,-0.37416,1,0.35100,-0.52608,1,0.46413,-0.45012,1,0.24251,0.36374,14.52592,0.96701,1,0.54635,0.40437,13.77516,0.96701,1,-0.06318,0.02432,0.64223,0.00269,1,0.01161,0.01608,0.63448,0.00252,1,0,0.00000,26
0.44894,-0.41077,5280.90039,0.25391,11855,1,0.57726,-0.37416,1,0.35100,-0.52608,1,0.46413,-0.45012,1,0.24251,0.36374,14.52592,0.96701,1,0.54635,0.40437,13.77516,0.96701,1,-0.06318,0.02428,0.64223,0.00269,1,0.01161,0.01608,0.63448,0.00252,1,0,0.00000,26
0.44949,-0.41137,5280.90039,0.26074,11855,1,0.58394,-0.36093,1,0.35796,-0.50843,1,0.47095,-0.43468,1,0.24251,0.36376,14.56504,0.96701,1,0.54632,0.40450,14.05846,0.96701,1,-0.06318,0.02428,0.64223,0.00269,1,0.01161,0.01608,0.63448,0.00253,1,0,0.00000,26
0.44921,-0.41202,5280.90039,0.26758,11855,1,0.55915,-0.36646,1,0.31716,-0.50994,1,0.43815,-0.43820,1,0.24251,0.36378,14.49594,0.96701,1,0.54635,0.40437,13.77516,0.96701,1,-0.06318,0.02428,0.64223,0.00269,1,0.01161,0.01608,0.63448,0.00252,1,0,0.00000,26
0.45695,-0.43647,5280.90039,0.26758,11855,0,0.55915,-0.36646,1,0.31716,-0.50994,1,0.43815,-0.43820,1,0.24251,0.36378,14.49594,0.96701,1,0.54630,0.40452,13.73375,0.96701,1,-0.06318,0.02428,0.64223,0.00269,1,0.01161,0.01608,0.63448,0.00255,1,0,0.00000,26
0.44715,-0.43303,5280.90039,0.26758,11855,0,0.55712,-0.35402,1,0.31758,-0.50515,1,0.43735,-0.42958,1,0.24253,0.36387,14.82245,0.96701,1,0.54633,0.40462,14.15826,0.96701,1,-0.06318,0.02428,0.64223,0.00267,1,0.01161,0.01608,0.63448,0.00253,1,0,0.00000,26
0.44753,-0.43484,5280.90039,0.26758,11855,0,0.56915,-0.36864,1,0.32744,-0.50828,1,0.44829,-0.43846,1,0.24250,0.36377,14.46864,0.96701,1,0.54642,0.40451,13.87082,0.96701,1,-0.06318,0.02428,0.64223,0.00269,1,0.01161,0.01608,0.63448,0.00251,1,0,0.00000,26
0.44763,-0.43725,5281.17480,0.02051,11856,1,0.56915,-0.36864,1,0.32673,-0.52033,1,0.44794,-0.44449,1,0.24250,0.36377,14.46864,0.96701,1,0.54642,0.40449,13.93951,0.97420,1,-0.06318,0.02428,0.64223,0.00269,1,0.01207,0.01666,0.65704,0.00250,1,0,0.00000,26
0.44752,-0.44189,5281.17480,0.02686,11856,1,0.56608,-0.38728,1,0.32810,-0.53356,1,0.44709,-0.46042,1,0.24263,0.36366,14.52128,0.97420,1,0.54645,0.40448,13.88656,0.98139,1,-0.06318,0.02428,0.64223,0.00268,1,0.01207,0.01666,0.65704,0.00253,1,0,0.00000,26
0.44868,-0.44581,5281.17480,0.03369,11856,1,0.57179,-0.40009,1,0.33710,-0.53083,1,0.45445,-0.46546,1,0.24268,0.36364,14.53528,0.98139,1,0.54656,0.40439,14.01812,0.98858,1,-0.06318,0.02428,0.64223,0.00265,1,0.01207,0.01666,0.65704,0.00250,1,0,0.00000,26
0.44945,-0.44937,5281.17480,0.04053,11856,1,0.57106,-0.41063,1,0.33710,-0.53083,1,0.45408,-0.47073,1,0.24268,0.36361,14.45970,0.98858,1,0.54659,0.40441,13.99686,0.98858,1,-0.06318,0.02428,0.64223,0.00266,1,0.01186,0.01616,0.63766,0.00250,1,0,0.00000,26
0.45077,-0.45358,5281.17480,0.04688,11856,1,0.57763,-0.42354,1,0.34236,-0.54255,1,0.46000,-0.48304,1,0.24279,0.36363,14.50414,0.98858,1,0.54669,0.40438,14.07777,0.98139,1,-0.06318,0.02428,0.64223,0.00266,1,0.01186,0.01616,0.63766,0.00256,1,0,0.00000,26
0.45274,-0.45554,5281.17480,0.05322,11856,1,0.58172,-0.41754,1,0.35532,-0.52480,1,0.46852,-0.47117,1,0.24286,0.36360,14.49872,0.98139,1,0.54670,0.40440,13.88972,0.97420,1,-0.06318,0.02428,0.64223,0.00269,1,0.01186,0.01616,0.63766,0.00251,1,0,0.00000,26
0.45443,-0.45497,5281.17480,0.06006,11856,1,0.58296,-0.39751,1,0.35629,-0.50221,1,0.46963,-0.44986,1,0.24295,0.36346,14.26604,0.96792,1,0.54677,0.40439,13.89220,0.96073,1,-0.06043,0.02332,0.61573,0.00267,1,0.01186,0.01616,0.63766,0.00252,1,0,0.00000,26
0.45533,-0.45467,5281.17480,0.06689,11856,1,0.59739,-0.39480,1,0.33136,-0.50861,1,0.46437,-0.45171,1,0.24300,0.36342,14.32113,0.95444,1,0.54686,0.40426,13.82404,0.95444,1,-0.06043,0.02332,0.61573,0.00263,1,0.01186,0.01616,0.63766,0.00250,1,0,0.00000,26
0.45555,-0.45293,5281.17480,0.07324,11856,1,0.57490,-0.38361,1,0.34088,-0.48393,1,0.45789,-0.43377,1,0.24327,0.36347,14.56856,0.94815,1,0.54693,0.40429,13.68450,0.94815,1,-0.06043,0.02332,0.61573,0.00273,1,0.01186,0.01616,0.63766,0.00252,1,0,0.00000,26
0.45573,-0.45146,5281.17480,0.08008,11856,1,0.57490,-0.38361,1,0.34088,-0.48393,1,0.45789,-0.43377,1,0.24323,0.36338,14.15402,0.94815,1,0.54700,0.40428,13.70553,0.94815,1,-0.06328,0.02444,0.64528,0.00273,1,0.01186,0.01616,0.63766,0.00251,1,0,0.00000,26
0.45819,-0.45131,5281.17480,0.08691,11856,1,0.60875,-0.39234,1,0.37171,-0.50651,1,0.49023,-0.44942,1,0.24396,0.36337,14.32022,0.95444,1,0.54764,0.40429,13.73186,0.95444,1,-0.06328,0.02444,0.64528,0.00272,1,0.01186,0.01616,0.63766,0.00250,1,0,0.00000,26
0.46200,-0.45145,5281.17480,0.09326,11856,1,0.64096,-0.40798,1,0.38962,-0.49869,1,0.51529,-0.45334,1,0.24490,0.36357,14.35816,0.96073,1,0.54846,0.40438,13.74963,0.96073,1,-0.06328,0.02444,0.64528,0.00261,1,0.01186,0.01616,0.63766,0.00249,1,0,0.00000,26
0.46531,-0.45219,5281.17480,0.10010,11856,1,0.64072,-0.41761,1,0.38936,-0.50917,1,0.51504,-0.46339,1,0.24548,0.36357,14.53354,0.96701,1,0.54902,0.40455,13.82742,0.96701,1,-0.06222,0.02413,0.63836,0.00269,1,0.01235,0.01631,0.64353,0.00251,1,0,0.00000,26
0.47249,-0.45325,5281.17480,0.10742,11856,1,0.71594,-0.37811,1,0.45862,-0.56231,1,0.58728,-0.47021,1,0.24678,0.36383,14.55040,0.96701,1,0.55033,0.40451,13.86019,0.96701,1,-0.06222,0.02413,0.63836,0.00269,1,0.01235,0.01631,0.64353,0.00252,1,0,0.00000,26
0.47998,-0.45285,5281.17480,0.11377,11856,1,0.73998,-0.35476,1,0.47490,-0.53735,1,0.60744,-0.44606,1,0.24711,0.36390,14.50857,0.96701,1,0.55051,0.40452,13.83097,0.96701,1,-0.06222,0.02413,0.63836,0.00265,1,0.01235,0.01631,0.64353,0.00252,1,0,0.00000,26
0.48669,-0.45250,5281.17480,0.12061,11856,1,0.73998,-0.35476,1,0.47490,-0.53735,1,0.60744,-0.44606,1,0.24727,0.36399,14.55770,0.96701,1,0.55066,0.40467,14.01540,0.96701,1,-0.06177,0.02403,0.63565,0.00268,1,0.01251,0.01627,0.64168,0.00252,1,0,0.00000,26
0.51766,-0.45185,5281.17480,0.12061,11856,0,0.70481,-0.35424,1,0.43698,-0.55262,1,0.57089,-0.45343,1,0.24730,0.36403,14.55513,0.96701,1,0.55069,0.40467,14.02431,0.96701,1,-0.06177,0.02403,0.63565,0.00264,1,0.01251,0.01627,0.64168,0.00253,1,0,0.00000,26
0.53839,-0.45519,5281.17480,0.12061,11856,0,0.67398,-0.35424,1,0.44428,-0.56282,1,0.55913,-0.45853,1,0.24727,0.36389,14.34860,0.96701,1,0.55068,0.40457,13.70190,0.96701,1,-0.06177,0.02403,0.63565,0.00267,1,0.01251,0.01627,0.64168,0.00252,1,0,0.00000,26
0.54531,-0.45630,5281.17480,0.12061,11856,0,0.67398,-0.35424,1,0.44428,-0.56282,1,0.55913,-0.45853,1,0.24725,0.36388,14.35125,0.96701,1,0.55070,0.40462,13.96438,0.96701,1,-0.06177,0.02403,0.63565,0.00267,1,0.01257,0.01630,0.64501,0.00251,1,0,0.00000,26
0.55380,-0.45636,5281.30127,0.02100,11857,1,0.69650,-0.37451,1,0.46207,-0.53857,1,0.57929,-0.45654,1,0.24748,0.36397,14.10750,0.96701,1,0.55095,0.40459,14.43349,0.96701,1,-0.06177,0.02403,0.63565,0.00262,1,0.01257,0.01630,0.64501,0.00247,1,0,0.00000,26
0.55904,-0.45639,5281.30127,0.02783,11857,1,0.71363,-0.37272,1,0.44634,-0.54027,1,0.57998,-0.45649,1,0.24747,0.36397,14.10911,0.96701,1,0.55103,0.40461,14.10930,0.96701,1,-0.06177,0.02403,0.63565,0.00263,1,0.01257,0.01630,0.64501,0.00255,1,0,0.00000,26
0.56253,-0.45641,5281.30127,0.03418,11857,1,0.71363,-0.37272,1,0.44634,-0.54027,1,0.57998,-0.45649,1,0.24750,0.36395,14.13574,0.96701,1,0.55103,0.40461,14.10930,0.96701,1,-0.06266,0.02446,0.64585,0.00264,1,0.01251,0.01627,0.64168,0.00255,1,0,0.00000,26
0.56500,-0.45594,5281.30127,0.04102,11857,1,0.70392,-0.38291,1,0.45568,-0.52343,1,0.57980,-0.45317,1,0.24755,0.36386,14.35007,0.96701,1,0.55118,0.40446,13.97489,0.96701,1,-0.06266,0.02446,0.64585,0.00263,1,0.01251,0.01627,0.64168,0.00247,1,0,0.00000,26
0.56731,-0.45594,5281.30127,0.04785,11857,1,0.70948,-0.38775,1,0.45759,-0.52405,1,0.58353,-0.45590,1,0.24764,0.36381,14.08611,0.96701,1,0.55126,0.40448,13.89844,0.96701,1,-0.06266,0.02446,0.64585,0.00259,1,0.01251,0.01627,0.64168,0.00253,1,0,0.00000,26
0.56909,-0.45422,5281.30127,0.05420,11857,1,0.70932,-0.37815,1,0.45732,-0.50280,1,0.58332,-0.44047,1,0.24776,0.36385,14.05250,0.96073,1,0.55135,0.40454,13.88865,0.95429,1,-0.05992,0.02346,0.61808,0.00264,1,0.01247,0.01599,0.63246,0.00249,1,0,0.00000,26
0.57046,-0.45122,5281.30127,0.06104,11857,1,0.71939,-0.34718,1,0.44614,-0.50127,1,0.58277,-0.42422,1,0.24792,0.36377,13.98710,0.94801,1,0.55132,0.40458,13.83539,0.94157,1,-0.05992,0.02346,0.61808,0.00267,1,0.01247,0.01599,0.63246,0.00247,1,0,0.00000,26
0.57129,-0.44819,5281.30127,0.06787,11857,1,0.71006,-0.35344,1,0.44917,-0.48234,1,0.57961,-0.41789,1,0.24787,0.36374,14.13256,0.93529,1,0.55144,0.40458,13.74058,0.92886,1,-0.05992,0.02346,0.61808,0.00264,1,0.01247,0.01599,0.63246,0.00251,1,0,0.00000,26
0.57198,-0.44525,5281.30127,0.07422,11857,1,0.70988,-0.34352,1,0.44917,-0.48234,1,0.57952,-0.41293,1,0.24794,0.36373,14.14438,0.92886,1,0.55153,0.40460,14.02345,0.92886,1,-0.06149,0.02399,0.63478,0.00264,1,0.01260,0.01609,0.63640,0.00248,1,0,0.00000,26
0.57351,-0.44414,5281.30127,0.08105,11857,1,0.72344,-0.35159,1,0.46022,-0.51003,1,0.59183,-0.43081,1,0.24796,0.36374,14.32227,0.93514,1,0.55155,0.40444,13.56688,0.94157,1,-0.06149,0.02399,0.63478,0.00262,1,0.01260,0.01609,0.63640,0.00252,1,0,0.00000,26
0.57436,-0.44517,5281.30127,0.08789,11857,1,0.71256,-0.38438,1,0.45851,-0.53275,1,0.58554,-0.45857,1,0.24809,0.36368,14.33891,0.94786,1,0.55174,0.40441,14.26007,0.95429,1,-0.06149,0.02399,0.63478,0.00266,1,0.01260,0.01609,0.63640,0.00242,1,0,0.00000,26
0.57513,-0.44744,5281.30127,0.09424,11857,1,0.71293,-0.40416,1,0.45879,-0.55440,1,0.58586,-0.47928,1,0.24807,0.36354,14.04206,0.96058,1,0.55185,0.40435,13.95921,0.96701,1,-0.06149,0.02409,0.63478,0.00262,1,0.01257,0.01609,0.63488,0.00252,1,0,0.00000,26
0.57481,-0.44929,5281.30127,0.10107,11857,1,0.69448,-0.43012,1,0.44560,-0.52396,1,0.57004,-0.47704,1,0.24830,0.36347,14.31993,0.96701,1,0.55192,0.40445,13.70023,0.96701,1,-0.06149,0.02409,0.63478,0.00256,1,0.01257,0.01609,0.63488,0.00250,1,0,0.00000,26
0.57489,-0.45105,5281.30127,0.10791,11857,1,0.69392,-0.43594,1,0.45818,-0.52244,1,0.57605,-0.47919,1,0.24828,0.36343,14.24883,0.96701,1,0.55189,0.40434,13.82240,0.96701,1,-0.06149,0.02409,0.63478,0.00256,1,0.01257,0.01609,0.63488,0.00248,1,0,0.00000,26
0.57495,-0.45262,5281.30127,0.11426,11857,1,0.69392,-0.43594,1,0.45818,-0.52244,1,0.57605,-0.47919,1,0.24839,0.36333,13.91240,0.96701,1,0.55195,0.40430,13.71033,0.96701,1,-0.06184,0.02426,0.63932,0.00258,1,0.01257,0.01609,0.63488,0.00249,1,0,0.00000,26
0.57545,-0.45421,5281.30127,0.12109,11857,1,0.70637,-0.44465,1,0.46264,-0.52111,1,0.58450,-0.48288,1,0.24847,0.36333,14.07999,0.96701,1,0.55210,0.40410,13.80420,0.96701,1,-0.06184,0.02426,0.63932,0.00263,1,0.01257,0.01609,0.63488,0.00248,1,0,0.00000,26
0.57625,-0.45553,5281.30127,0.12891,11857,1,0.71404,-0.44860,1,0.46887,-0.51275,1,0.59145,-0.48067,1,0.24857,0.36328,14.17268,0.96701,1,0.55219,0.40416,13.68437,0.96701,1,-0.06184,0.02426,0.63932,0.00260,1,0.01257,0.01609,0.63488,0.00246,1,0,0.00000,26
0.57697,-0.45624,5281.30127,0.13574,11857,1,0.71385,-0.43859,1,0.46867,-0.50233,1,0.59126,-0.47046,1,0.24848,0.36336,13.97463,0.96073,1,0.55215,0.40421,13.54789,0.96073,1,-0.05996,0.02355,0.62045,0.00265,1,0.01257,0.01609,0.63488,0.00248,1,0,0.00000,26
0.57566,-0.45456,5281.30127,0.14160,11857,1,0.68034,-0.34595,1,0.41616,-0.49261,1,0.54825,-0.41928,1,0.24819,0.36388,14.28761,0.95444,1,0.55165,0.40472,13.90514,0.95444,1,-0.05996,0.02355,0.62045,0.00264,1,0.01257,0.01609,0.63488,0.00243,1,0,0.00000,26
0.57436,-0.45136,5281.30127,0.14941,11857,1,0.68133,-0.31569,1,0.41012,-0.44587,1,0.54573,-0.38078,1,0.24819,0.36400,14.09517,0.94815,1,0.55158,0.40491,13.58107,0.94815,1,-0.05996,0.02355,0.62045,0.00265,1,0.01257,0.01609,0.63488,0.00247,1,0,0.00000,26
0.57317,-0.44842,5281.30127,0.15967,11857,1,0.68133,-0.31569,1,0.41012,-0.44587,1,0.54573,-0.38078,1,0.24809,0.36421,14.07213,0.94815,1,0.55142,0.40512,13.63448,0.94815,1,-0.06184,0.02426,0.63932,0.00266,1,0.01257,0.01609,0.63488,0.00247,1,0,0.00000,26
0.57284,-0.44760,5281.30127,0.16992,11857,1,0.69479,-0.37478,1,0.43498,-0.48124,1,0.56488,-0.42801,1,0.24819,0.36372,14.39732,0.95444,1,0.55173,0.40492,13.55008,0.95444,1,-0.06184,0.02426,0.63932,0.00264,1,0.01257,0.01609,0.63488,0.00251,1,0,0.00000,26
0.57253,-0.44685,5281.30127,0.17920,11857,1,0.69479,-0.37478,1,0.43498,-0.48124,1,0.56488,-0.42801,1,0.24825,0.36357,14.10895,0.95444,1,0.55167,0.40479,13.81289,0.95444,1,-0.06159,0.02423,0.63722,0.00263,1,0.01256,0.01596,0.62962,0.00251,1,0,0.00000,26
0.57250,-0.44674,5281.30127,0.18701,11857,1,0.69625,-0.38437,1,0.44702,-0.50372,1,0.57164,-0.44404,1,0.24829,0.36354,14.17832,0.95444,1,0.55182,0.40487,13.79531,0.95444,1,-0.06159,0.02423,0.63722,0.00264,1,0.01256,0.01596,0.62962,0.00244,1,0,0.00000,26
0.57266,-0.44616,5281.30127,0.19092,11857,1,0.70483,-0.38121,1,0.44901,-0.47981,1,0.57692,-0.43051,1,0.24834,0.36352,14.23500,0.94815,1,0.55173,0.40492,13.55008,0.94815,1,-0.06159,0.02423,0.63722,0.00258,1,0.01256,0.01596,0.62962,0.00251,1,0,0.00000,26
0.57280,-0.44527,5281.30127,0.19531,11857,1,0.70469,-0.37148,1,0.44893,-0.46939,1,0.57681,-0.42043,1,0.24839,0.36354,14.20888,0.94187,1,0.55192,0.40486,13.60680,0.94187,1,-0.06159,0.02423,0.63722,0.00259,1,0.01287,0.01624,0.64044,0.00240,1,0,0.00000,26
0.57238,-0.44447,5281.30127,0.20166,11857,1,0.70065,-0.37113,1,0.41960,-0.47086,1,0.56013,-0.42100,1,0.24838,0.36351,14.29682,0.94187,1,0.55192,0.40486,13.60680,0.94187,1,-0.06159,0.02423,0.63722,0.00258,1,0.01287,0.01624,0.64044,0.00240,1,0,0.00000,26
0.57201,-0.44407,5281.30127,0.20850,11857,1,0.70102,-0.37877,1,0.42117,-0.48541,1,0.56109,-0.43209,1,0.24838,0.36351,14.29682,0.94187,1,0.55192,0.40486,13.60680,0.94187,1,-0.06159,0.02423,0.63722,0.00258,1,0.01287,0.01624,0.64044,0.00240,1,0,0.00000,26
0.57167,-0.44369,5281.30127,0.21484,11857,1,0.70102,-0.37877,1,0.42117,-0.48541,1,0.56109,-0.43209,1,0.24835,0.36348,14.26563,0.94187,1,0.55192,0.40486,13.60680,0.94187,1,-0.06159,0.02423,0.63722,0.00259,1,0.01287,0.01624,0.64044,0.00240,1,0,0.00000,26
0.57124,-0.44350,5281.30127,0.22168,11857,1,0.69417,-0.39219,1,0.42068,-0.48268,1,0.55742,-0.43744,1,0.24834,0.36349,14.31576,0.94187,1,0.55190,0.40479,13.82273,0.94187,1,-0.06159,0.02423,0.63722,0.00258,1,0.01287,0.01624,0.64044,0.00240,1,0,0.00000,26
0.57133,-0.44320,5281.30127,0.22852,11857,1,0.69958,-0.38019,1,0.44910,-0.48609,1,0.57434,-0.43314,1,0.24828,0.36343,14.24883,0.94187,1,0.55167,0.40479,13.81289,0.94187,1,-0.06159,0.02423,0.63722,0.00256,1,0.01287,0.01624,0.64044,0.00251,1,0,0.00000,26
0.57142,-0.44337,5281.30127,0.23486,11857,1,0.69968,-0.38996,1,0.44927,-0.50868,1,0.57448,-0.44932,1,0.24827,0.36337,14.05486,0.94815,1,0.55167,0.40479,13.81289,0.95534,1,-0.06214,0.02443,0.64245,0.00257,1,0.01315,0.01665,0.65664,0.00251,1,0,0.00000,26
0.57115,-0.44370,5281.30127,0.24170,11857,1,0.68555,-0.42903,1,0.43806,-0.48155,1,0.56181,-0.45529,1,0.24806,0.36333,14.15907,0.96163,1,0.55175,0.40469,13.55447,0.96882,1,-0.06214,0.02443,0.64245,0.00260,1,0.01315,0.01665,0.65664,0.00247,1,0,0.00000,26
0.57067,-0.44394,5281.30127,0.24854,11857,1,0.67918,-0.39839,1,0.42752,-0.50672,1,0.55335,-0.45256,1,0.24812,0.36333,14.11363,0.97511,1,0.55162,0.40476,13.90055,0.98229,1,-0.06214,0.02443,0.64245,0.00263,1,0.01315,0.01665,0.65664,0.00247,1,0,0.00000,26
0.57022,-0.44457,5281.30127,0.25537,11857,1,0.67914,-0.41879,1,0.42748,-0.51698,1,0.55331,-0.46789,1,0.24809,0.36328,14.24975,0.98858,1,0.55165,0.40462,14.10921,0.98858,1,-0.06182,0.02426,0.63813,0.00262,1,0.01257,0.01609,0.63488,0.00247,1,0,0.00000,26
0.56956,-0.44519,5281.30127,0.26172,11857,1,0.67175,-0.42440,1,0.41773,-0.51293,1,0.54474,-0.46866,1,0.24804,0.36328,14.17484,0.98858,1,0.55159,0.40455,13.45322,0.98139,1,-0.06182,0.02426,0.63813,0.00266,1,0.01257,0.01609,0.63488,0.00242,1,0,0.00000,26
0.56913,-0.44564,5281.30127,0.27051,11857,1,0.65556,-0.42328,1,0.44879,-0.50328,1,0.55217,-0.46328,1,0.24782,0.36325,14.25563,0.98139,1,0.55148,0.40443,13.70833,0.97420,1,-0.06182,0.02426,0.63813,0.00259,1,0.01257,0.01609,0.63488,0.00242,1,0,0.00000,26
0.56871,-0.44580,5281.30127,0.27539,11857,1,0.65573,-0.41235,1,0.44870,-0.49150,1,0.55222,-0.45193,1,0.24781,0.36316,13.92357,0.97420,1,0.55143,0.40441,13.55949,0.96701,1,-0.06149,0.02419,0.63478,0.00260,1,0.01257,0.01609,0.63488,0.00245,1,0,0.00000,26
0.56879,-0.44605,5281.30127,0.28223,11857,1,0.70133,-0.40215,1,0.44232,-0.51098,1,0.57182,-0.45656,1,0.24768,0.36321,13.97102,0.96701,1,0.55134,0.40436,13.64408,0.96701,1,-0.06149,0.02419,0.63478,0.00265,1,0.01257,0.01609,0.63488,0.00241,1,0,0.00000,26
0.56857,-0.44648,5281.30127,0.28857,11857,1,0.69149,-0.39541,1,0.42745,-0.53357,1,0.55947,-0.46449,1,0.24748,0.36306,14.29609,0.96701,1,0.55128,0.40433,13.51265,0.96701,1,-0.06149,0.02419,0.63478,0.00261,1,0.01257,0.01609,0.63488,0.00246,1,0,0.00000,26
0.56837,-0.44689,5281.30127,0.29541,11857,1,0.69149,-0.39541,1,0.42745,-0.53357,1,0.55947,-0.46449,1,0.24746,0.36304,14.21018,0.96701,1,0.55114,0.40428,13.50531,0.96701,1,-0.06200,0.02435,0.63898,0.00260,1,0.01257,0.01609,0.63488,0.00250,1,0,0.00000,26
0.56813,-0.44729,5281.30127,0.30176,11857,1,0.67609,-0.40791,1,0.43976,-0.52174,1,0.55793,-0.46483,1,0.24729,0.36300,14.11152,0.96701,1,0.55097,0.40430,13.62937,0.96701,1,-0.06200,0.02435,0.63898,0.00259,1,0.01257,0.01609,0.63488,0.00242,1,0,0.00000,26
0.56771,-0.44697,5281.30127,0.30908,11857,1,0.67235,-0.40311,1,0.42498,-0.46177,1,0.54866,-0.43244,1,0.24722,0.36309,13.84079,0.96701,1,0.55088,0.40430,13.55327,0.96701,1,-0.06200,0.02435,0.63898,0.00261,1,0.01257,0.01609,0.63488,0.00245,1,0,0.00000,26
0.56730,-0.44666,5281.30127,0.31738,11857,1,0.67235,-0.40311,1,0.42498,-0.46177,1,0.54866,-0.43244,1,0.24717,0.36306,13.82884,0.96701,1,0.55071,0.40428,13.56214,0.96701,1,-0.06177,0.02422,0.63565,0.00261,1,0.01251,0.01627,0.64168,0.00248,1,0,0.00000,26
0.56709,-0.44649,5281.30127,0.32227,11857,1,0.68274,-0.41573,1,0.43129,-0.46163,1,0.55702,-0.43868,1,0.24698,0.36306,14.15265,0.96701,1,0.55072,0.40410,13.56128,0.96701,1,-0.06177,0.02422,0.63565,0.00260,1,0.01251,0.01627,0.64168,0.00243,1,0,0.00000,26
0.56804,-0.44622,5281.30127,0.32910,11857,1,0.69806,-0.41037,1,0.42873,-0.46741,1,0.56339,-0.43889,1,0.24681,0.36304,14.20886,0.96701,1,0.55056,0.40421,13.57270,0.96701,1,-0.06177,0.02422,0.63565,0.00260,1,0.01251,0.01627,0.64168,0.00241,1,0,0.00000,26
0.56813,-0.44560,5281.30127,0.33545,11857,1,0.69796,-0.40065,1,0.42876,-0.45725,1,0.56336,-0.42895,1,0.24671,0.36299,14.04481,0.96073,1,0.55050,0.40417,13.57022,0.96073,1,-0.06081,0.02382,0.62530,0.00265,1,0.01251,0.01627,0.64168,0.00242,1,0,0.00000,26
0.56805,-0.44488,5281.30127,0.34229,11857,1,0.69446,-0.39482,1,0.41623,-0.45238,1,0.55535,-0.42360,1,0.24667,0.36301,14.10137,0.95444,1,0.55030,0.40412,13.40378,0.95444,1,-0.06081,0.02382,0.62530,0.00262,1,0.01251,0.01627,0.64168,0.00245,1,0,0.00000,26
0.56767,-0.44369,5281.30127,0.34912,11857,1,0.68093,-0.36821,1,0.44109,-0.43123,1,0.56101,-0.39972,1,0.24664,0.36305,14.03032,0.94815,1,0.55023,0.40424,13.64388,0.94815,1,-0.06081,0.02382,0.62530,0.00261,1,0.01251,0.01627,0.64168,0.00241,1,0,0.00000,26
0.56728,-0.44251,5281.30127,0.35596,11857,1,0.68093,-0.36821,1,0.44109,-0.43123,1,0.56101,-0.39972,1,0.24648,0.36296,13.95846,0.94815,1,0.55020,0.40432,14.08098,0.94815,1,-0.06222,0.02427,0.63836,0.00262,1,0.01235,0.01631,0.64353,0.00240,1,0,0.00000,26
0.56621,-0.44197,5281.30127,0.36230,11857,1,0.64207,-0.35691,1,0.41574,-0.50373,1,0.52891,-0.43032,1,0.24601,0.36357,14.06806,0.95444,1,0.54961,0.40479,13.40052,0.95444,1,-0.06222,0.02427,0.63836,0.00261,1,0.01235,0.01631,0.64353,0.00241,1,0,0.00000,26
0.56522,-0.44009,5281.30127,0.36914,11857,1,0.66311,-0.28484,1,0.40093,-0.44160,1,0.53202,-0.36322,1,0.24562,0.36419,14.14030,0.96073,1,0.54906,0.40514,13.20070,0.96073,1,-0.06222,0.02427,0.63836,0.00260,1,0.01235,0.01631,0.64353,0.00242,1,0,0.00000,26
0.56414,-0.43858,5281.30127,0.37598,11857,1,0.66288,-0.30364,1,0.40051,-0.46297,1,0.53169,-0.38331,1,0.24537,0.36453,14.17338,0.97404,1,0.54865,0.40535,13.80058,0.97404,1,-0.06526,0.02525,0.66801,0.00259,1,0.01218,0.01624,0.64439,0.00241,1,0,0.00000,26
0.54719,-0.41173,5281.30127,0.37598,11857,0,0.64729,-0.32239,1,0.38299,-0.41664,1,0.51514,-0.36952,1,0.24496,0.36475,14.38122,0.98107,1,0.54848,0.40591,13.68372,0.98107,1,-0.06526,0.02525,0.66801,0.00259,1,0.01218,0.01624,0.64439,0.00239,1,0,0.00000,26
0.53862,-0.41345,5281.30127,0.37598,11857,0,0.65898,-0.37202,1,0.40111,-0.45832,1,0.53005,-0.41517,1,0.24504,0.36465,14.29304,0.98809,1,0.54847,0.40591,13.76352,0.98809,1,-0.06526,0.02525,0.66801,0.00261,1,0.01218,0.01624,0.64439,0.00243,1,0,0.00000,26
0.53576,-0.41402,5281.30127,0.37598,11857,0,0.65898,-0.37202,1,0.40111,-0.45832,1,0.53005,-0.41517,1,0.24495,0.36468,14.19009,0.98809,1,0.54835,0.40565,13.69753,0.98809,1,-0.06256,0.02419,0.63982,0.00263,1,0.01218,0.01624,0.64439,0.00241,1,0,0.00000,26
0.53027,-0.41379,5281.68408,0.02002,11858,1,0.64114,-0.37312,1,0.38643,-0.45306,1,0.51378,-0.41309,1,0.24491,0.36456,14.00504,0.98107,1,0.54835,0.40565,13.69753,0.98107,1,-0.06256,0.02419,0.63982,0.00262,1,0.01218,0.01624,0.64439,0.00241,1,0,0.00000,26
0.52619,-0.40499,5281.68408,0.02734,11858,1,0.63425,-0.29886,1,0.38550,-0.44071,1,0.50988,-0.36979,1,0.24478,0.36456,14.20701,0.97404,1,0.54846,0.40553,13.50941,0.97404,1,-0.06256,0.02419,0.63982,0.00260,1,0.01218,0.01624,0.64439,0.00242,1,0,0.00000,26
0.52357,-0.39581,5281.68408,0.03320,11858,1,0.63485,-0.28025,1,0.38610,-0.41962,1,0.51047,-0.34994,1,0.24476,0.36443,13.83286,0.96073,1,0.54836,0.40545,13.42993,0.96073,1,-0.06089,0.02352,0.62229,0.00257,1,0.01231,0.01647,0.65165,0.00238,1,0,0.00000,26
0.52243,-0.39006,5281.68408,0.04004,11858,1,0.61909,-0.28927,1,0.41207,-0.42182,1,0.51558,-0.35555,1,0.24467,0.36440,13.94051,0.95444,1,0.54827,0.40540,13.25381,0.95444,1,-0.06089,0.02352,0.62229,0.00260,1,0.01231,0.01647,0.65165,0.00242,1,0,0.00000,26
0.52009,-0.38551,5281.68408,0.04639,11858,1,0.61487,-0.28398,1,0.39263,-0.42340,1,0.50375,-0.35369,1,0.24453,0.36436,13.92842,0.94815,1,0.54822,0.40542,13.19639,0.94815,1,-0.06089,0.02352,0.62229,0.00261,1,0.01231,0.01647,0.65165,0.00245,1,0,0.00000,26
0.51826,-0.38262,5281.68408,0.05322,11858,1,0.61487,-0.28398,1,0.39235,-0.43497,1,0.50361,-0.35947,1,0.24450,0.36432,13.98126,0.94815,1,0.54814,0.40530,13.46059,0.95534,1,-0.06328,0.02453,0.64626,0.00260,1,0.01239,0.01683,0.66387,0.00245,1,0,0.00000,26
0.51777,-0.38271,5281.68408,0.06055,11858,1,0.64195,-0.30712,1,0.38483,-0.45993,1,0.51339,-0.38353,1,0.24443,0.36433,13.99647,0.96163,1,0.54792,0.40530,13.38666,0.96882,1,-0.06328,0.02453,0.64626,0.00257,1,0.01239,0.01683,0.66387,0.00241,1,0,0.00000,26
0.51893,-0.38568,5281.68408,0.06689,11858,1,0.65482,-0.34535,1,0.40619,-0.48529,1,0.53050,-0.41532,1,0.24432,0.36432,14.07623,0.97511,1,0.54791,0.40535,13.26502,0.98229,1,-0.06328,0.02453,0.64626,0.00253,1,0.01239,0.01683,0.66387,0.00241,1,0,0.00000,26
0.51988,-0.38938,5281.68408,0.07373,11858,1,0.65448,-0.36489,1,0.40602,-0.49543,1,0.53025,-0.43016,1,0.24424,0.36436,13.94349,0.98858,1,0.54786,0.40532,13.26247,0.98858,1,-0.06328,0.02444,0.64528,0.00266,1,0.01186,0.01616,0.63766,0.00242,1,0,0.00000,26
0.52005,-0.39223,5281.68408,0.07959,11858,1,0.65035,-0.35732,1,0.39407,-0.49541,1,0.52221,-0.42636,1,0.24405,0.36423,13.99634,0.98858,1,0.54764,0.40514,13.43491,0.98139,1,-0.06328,0.02444,0.64528,0.00262,1,0.01186,0.01616,0.63766,0.00240,1,0,0.00000,26
0.51947,-0.39436,5281.68408,0.08691,11858,1,0.64120,-0.35795,1,0.38239,-0.48618,1,0.51180,-0.42206,1,0.24394,0.36423,14.23158,0.98139,1,0.54764,0.40514,13.43491,0.97420,1,-0.06328,0.02444,0.64528,0.00256,1,0.01186,0.01616,0.63766,0.00240,1,0,0.00000,26
0.51899,-0.39482,5281.68408,0.09326,11858,1,0.64171,-0.33842,1,0.38304,-0.46419,1,0.51237,-0.40130,1,0.24394,0.36423,14.23158,0.96792,1,0.54765,0.40511,13.53948,0.96073,1,-0.06043,0.02341,0.61573,0.00256,1,0.01186,0.01616,0.63766,0.00239,1,0,0.00000,26
0.51875,-0.39225,5281.68408,0.10010,11858,1,0.62508,-0.32651,1,0.40506,-0.38085,1,0.51507,-0.35368,1,0.24396,0.36426,14.27447,0.95444,1,0.54749,0.40528,13.66694,0.95444,1,-0.06043,0.02341,0.61573,0.00262,1,0.01186,0.01616,0.63766,0.00239,1,0,0.00000,26
0.51798,-0.39037,5281.68408,0.10693,11858,1,0.61779,-0.31162,1,0.39375,-0.40880,1,0.50577,-0.36021,1,0.24388,0.36416,14.03977,0.94815,1,0.54733,0.40500,13.33371,0.94815,1,-0.06043,0.02341,0.61573,0.00260,1,0.01186,0.01616,0.63766,0.00240,1,0,0.00000,26
0.51730,-0.38901,5281.68408,0.11377,11858,1,0.61779,-0.31162,1,0.39347,-0.42025,1,0.50563,-0.36594,1,0.24367,0.36416,14.02952,0.94815,1,0.54725,0.40491,13.44702,0.95534,1,-0.06250,0.02420,0.63636,0.00260,1,0.01207,0.01666,0.65704,0.00241,1,0,0.00000,26
0.51705,-0.38778,5281.68408,0.12061,11858,1,0.63693,-0.34053,1,0.38825,-0.39082,1,0.51259,-0.36568,1,0.24360,0.36412,14.20275,0.96163,1,0.54723,0.40486,13.60680,0.96882,1,-0.06250,0.02420,0.63636,0.00256,1,0.01207,0.01666,0.65704,0.00240,1,0,0.00000,26
0.51684,-0.38787,5281.68408,0.12695,11858,1,0.63777,-0.35696,1,0.38811,-0.42212,1,0.51294,-0.38954,1,0.24353,0.36405,14.32976,0.97511,1,0.54725,0.40491,13.44702,0.98229,1,-0.06250,0.02420,0.63636,0.00258,1,0.01207,0.01666,0.65704,0.00241,1,0,0.00000,26
0.51662,-0.38915,5281.68408,0.13379,11858,1,0.63693,-0.38680,1,0.38754,-0.44278,1,0.51223,-0.41479,1,0.24352,0.36409,14.20848,0.99561,1,0.54727,0.40479,13.40052,0.99561,1,-0.06457,0.02498,0.65685,0.00260,1,0.01161,0.01608,0.63448,0.00241,1,0,0.00000,26
0.51668,-0.39063,5281.68408,0.14014,11858,1,0.63346,-0.41070,1,0.40201,-0.43278,1,0.51773,-0.42174,1,0.24346,0.36401,14.10514,1.00263,1,0.54721,0.40486,13.65283,0.99544,1,-0.06457,0.02498,0.65685,0.00257,1,0.01161,0.01608,0.63448,0.00239,1,0,0.00000,26
0.51653,-0.39191,5281.68408,0.14697,11858,1,0.61286,-0.39079,1,0.41384,-0.44937,1,0.51335,-0.42008,1,0.24351,0.36401,14.29895,1.00247,1,0.54722,0.40473,13.29190,0.99528,1,-0.06457,0.02498,0.65685,0.00257,1,0.01161,0.01608,0.63448,0.00240,1,0,0.00000,26
0.51640,-0.39308,5281.68408,0.15381,11858,1,0.61287,-0.39056,1,0.41384,-0.44912,1,0.51336,-0.41984,1,0.24351,0.36401,14.29895,1.00231,1,0.54716,0.40466,13.15603,0.99512,1,-0.06457,0.02498,0.65685,0.00257,1,0.01161,0.01608,0.63448,0.00239,1,0,0.00000,26
0.51663,-0.39440,5281.68408,0.16064,11858,1,0.63021,-0.38917,1,0.41422,-0.46316,1,0.52222,-0.42617,1,0.24354,0.36401,14.24366,0.99512,1,0.54716,0.40466,13.15603,0.99512,1,-0.06457,0.02498,0.65685,0.00259,1,0.01161,0.01608,0.63448,0.00239,1,0,0.00000,26
0.51688,-0.39589,5281.68408,0.16846,11858,1,0.63454,-0.40069,1,0.41188,-0.46562,1,0.52321,-0.43316,1,0.24356,0.36400,14.24848,0.99512,1,0.54716,0.40466,13.15603,0.99512,1,-0.06457,0.02498,0.65685,0.00260,1,0.01161,0.01608,0.63448,0.00239,1,0,0.00000,26
0.51713,-0.39687,5281.68408,0.17432,11858,1,0.63485,-0.39037,1,0.41203,-0.45458,1,0.52344,-0.42247,1,0.24356,0.36397,14.10911,0.98809,1,0.54716,0.40466,13.15603,0.98809,1,-0.06250,0.02420,0.63636,0.00263,1,0.01161,0.01608,0.63448,0.00239,1,0,0.00000,26
0.51741,-0.39764,5281.68408,0.18018,11858,1,0.65805,-0.39317,1,0.39231,-0.44333,1,0.52518,-0.41825,1,0.24373,0.36383,13.92737,0.98107,1,0.54731,0.40466,13.12618,0.98107,1,-0.06250,0.02420,0.63636,0.00254,1,0.01161,0.01608,0.63448,0.00243,1,0,0.00000,26
0.51663,-0.39799,5281.68408,0.18701,11858,1,0.62389,-0.37649,1,0.36568,-0.43907,1,0.49479,-0.40778,1,0.24381,0.36379,14.20076,0.97404,1,0.54738,0.40460,13.07450,0.97404,1,-0.06250,0.02420,0.63636,0.00256,1,0.01161,0.01608,0.63448,0.00240,1,0,0.00000,26
0.51591,-0.39815,5281.68408,0.19385,11858,1,0.62427,-0.36615,1,0.36567,-0.43933,1,0.49497,-0.40274,1,0.24381,0.36376,14.07654,0.96701,1,0.54751,0.40447,13.35219,0.97420,1,-0.06328,0.02454,0.64528,0.00256,1,0.01213,0.01665,0.65479,0.00241,1,0,0.00000,26
0.51513,-0.39788,5281.68408,0.20068,11858,1,0.60415,-0.33333,1,0.37911,-0.44649,1,0.49163,-0.38991,1,0.24409,0.36378,14.25459,0.97420,1,0.54758,0.40447,13.43277,0.98139,1,-0.06328,0.02454,0.64528,0.00263,1,0.01213,0.01665,0.65479,0.00238,1,0,0.00000,26
0.51478,-0.39898,5281.68408,0.20752,11858,1,0.61082,-0.40313,1,0.39699,-0.46276,1,0.50391,-0.43295,1,0.24420,0.36385,13.82930,0.98139,1,0.54764,0.40454,13.35085,0.98858,1,-0.06328,0.02454,0.64528,0.00261,1,0.01213,0.01665,0.65479,0.00241,1,0,0.00000,26
0.51445,-0.39988,5281.68408,0.21533,11858,1,0.61076,-0.40447,1,0.39721,-0.45282,1,0.50398,-0.42864,1,0.24416,0.36390,14.03596,0.98229,1,0.54761,0.40452,13.38613,0.98229,1,-0.06140,0.02383,0.62657,0.00257,1,0.01186,0.01616,0.63766,0.00242,1,0,0.00000,26
0.51607,-0.39970,5281.68408,0.22070,11858,1,0.70327,-0.35329,1,0.43595,-0.43445,1,0.56961,-0.39387,1,0.24537,0.36365,13.96988,0.97601,1,0.54871,0.40466,13.18713,0.96882,1,-0.06140,0.02383,0.62657,0.00256,1,0.01186,0.01616,0.63766,0.00238,1,0,0.00000,26
0.51833,-0.39964,5281.68408,0.22705,11858,1,0.72438,-0.38711,1,0.46581,-0.40787,1,0.59509,-0.39749,1,0.24622,0.36357,13.65323,0.96253,1,0.54946,0.40461,12.99197,0.95534,1,-0.06140,0.02383,0.62657,0.00254,1,0.01186,0.01616,0.63766,0.00237,1,0,0.00000,26
0.52046,-0.39957,5281.68408,0.23389,11858,1,0.72437,-0.38686,1,0.46581,-0.40761,1,0.59509,-0.39724,1,0.24677,0.36369,13.90019,0.96237,1,0.54986,0.40461,12.98570,0.95518,1,-0.06389,0.02499,0.65594,0.00256,1,0.01235,0.01631,0.64353,0.00238,1,0,0.00000,26
0.52301,-0.39983,5281.68408,0.24072,11858,1,0.74109,-0.36466,1,0.48833,-0.45416,1,0.61471,-0.40941,1,0.24730,0.36359,14.05611,0.96849,1,0.55054,0.40427,13.52375,0.96849,1,-0.06389,0.02499,0.65594,0.00260,1,0.01235,0.01631,0.64353,0.00244,1,0,0.00000,26
0.52579,-0.39958,5281.68408,0.24756,11858,1,0.75251,-0.32256,1,0.50483,-0.45771,1,0.62867,-0.39013,1,0.24750,0.36351,14.16953,0.98180,1,0.55054,0.40427,13.52375,0.98180,1,-0.06389,0.02499,0.65594,0.00261,1,0.01235,0.01631,0.64353,0.00244,1,0,0.00000,26
0.55391,-0.40614,5281.68408,0.24756,11858,0,0.75292,-0.33169,1,0.50567,-0.47886,1,0.62930,-0.40527,1,0.24744,0.36346,14.12226,0.98809,1,0.55070,0.40438,13.16175,0.99528,1,-0.06177,0.02422,0.63565,0.00258,1,0.01270,0.01671,0.65903,0.00240,1,0,0.00000,26
0.57426,-0.41133,5281.68408,0.24756,11858,0,0.70456,-0.34262,1,0.48467,-0.49042,1,0.59462,-0.41652,1,0.24759,0.36335,14.01536,0.98825,1,0.55070,0.40444,13.24246,0.99544,1,-0.06177,0.02422,0.63565,0.00256,1,0.01270,0.01671,0.65903,0.00238,1,0,0.00000,26
0.57771,-0.41228,5281.68408,0.24756,11858,0,0.70366,-0.35027,1,0.46551,-0.47811,1,0.58459,-0.41419,1,0.24755,0.36334,13.99867,0.98842,1,0.55095,0.40448,13.22894,0.99561,1,-0.06177,0.02422,0.63565,0.00256,1,0.01270,0.01671,0.65903,0.00241,1,0,0.00000,26
0.57940,-0.41141,5281.93799,0.02051,11859,1,0.70366,-0.35051,1,0.46532,-0.46704,1,0.58449,-0.40877,1,0.24765,0.36332,13.97308,0.98858,1,0.55098,0.40451,13.26484,0.98858,1,-0.06177,0.02422,0.63565,0.00255,1,0.01251,0.01627,0.64168,0.00235,1,0,0.00000,26
0.58396,-0.41212,5281.93799,0.02734,11859,1,0.72075,-0.37105,1,0.48363,-0.45888,1,0.60219,-0.41497,1,0.24781,0.36321,14.12891,0.98858,1,0.55112,0.40448,13.27204,0.98139,1,-0.06177,0.02422,0.63565,0.00260,1,0.01251,0.01627,0.64168,0.00235,1,0,0.00000,26
0.58775,-0.41268,5281.93799,0.03320,11859,1,0.72294,-0.37053,1,0.49047,-0.46051,1,0.60670,-0.41552,1,0.24788,0.36319,14.06161,0.98139,1,0.55117,0.40452,12.97487,0.97420,1,-0.06177,0.02422,0.63565,0.00257,1,0.01251,0.01627,0.64168,0.00235,1,0,0.00000,26
0.59041,-0.41151,5281.93799,0.04053,11859,1,0.72267,-0.35981,1,0.49010,-0.44909,1,0.60639,-0.40445,1,0.24793,0.36316,14.01310,0.97420,1,0.55112,0.40446,13.27506,0.96701,1,-0.06266,0.02466,0.64585,0.00257,1,0.01251,0.01627,0.64168,0.00236,1,0,0.00000,26
0.59375,-0.40980,5281.93799,0.04736,11859,1,0.72996,-0.34117,1,0.50424,-0.45459,1,0.61710,-0.39788,1,0.24807,0.36306,13.88691,0.96701,1,0.55133,0.40425,13.44996,0.96701,1,-0.06266,0.02466,0.64585,0.00256,1,0.01251,0.01627,0.64168,0.00244,1,0,0.00000,26
0.59706,-0.40907,5281.93799,0.05420,11859,1,0.74393,-0.35500,1,0.50325,-0.45133,1,0.62359,-0.40316,1,0.24809,0.36306,13.89972,0.96701,1,0.55147,0.40431,13.48598,0.96701,1,-0.06266,0.02466,0.64585,0.00255,1,0.01251,0.01627,0.64168,0.00238,1,0,0.00000,26
0.59972,-0.40848,5281.93799,0.06104,11859,1,0.74393,-0.35500,1,0.50325,-0.45133,1,0.62359,-0.40316,1,0.24806,0.36308,13.92595,0.96701,1,0.55137,0.40455,12.89894,0.96701,1,-0.06200,0.02444,0.63898,0.00256,1,0.01251,0.01627,0.64168,0.00239,1,0,0.00000,26
0.60137,-0.40862,5281.93799,0.06738,11859,1,0.75627,-0.36420,1,0.47953,-0.45600,1,0.61790,-0.41010,1,0.24805,0.36311,14.00377,0.96701,1,0.55148,0.40454,13.61576,0.96701,1,-0.06200,0.02444,0.63898,0.00256,1,0.01251,0.01627,0.64168,0.00237,1,0,0.00000,26
0.60247,-0.40884,5281.93799,0.07422,11859,1,0.74963,-0.36639,1,0.47953,-0.45600,1,0.61458,-0.41119,1,0.24825,0.36302,14.08581,0.96701,1,0.55156,0.40433,13.29733,0.96701,1,-0.06200,0.02444,0.63898,0.00263,1,0.01251,0.01627,0.64168,0.00234,1,0,0.00000,26
0.60341,-0.40946,5281.93799,0.08105,11859,1,0.74963,-0.36639,1,0.47983,-0.46747,1,0.61473,-0.41693,1,0.24825,0.36302,14.08581,0.96701,1,0.55151,0.40439,13.25652,0.97420,1,-0.06200,0.02444,0.63898,0.00263,1,0.01291,0.01672,0.65969,0.00232,1,0,0.00000,26
0.60396,-0.41088,5281.93799,0.08740,11859,1,0.74189,-0.37995,1,0.48030,-0.47870,1,0.61109,-0.42932,1,0.24811,0.36295,14.07863,0.97420,1,0.55150,0.40432,13.04672,0.98139,1,-0.06200,0.02444,0.63898,0.00258,1,0.01291,0.01672,0.65969,0.00237,1,0,0.00000,26
0.60526,-0.41299,5281.93799,0.09424,11859,1,0.73566,-0.39657,1,0.51132,-0.48855,1,0.62349,-0.44256,1,0.24807,0.36305,13.91905,0.98139,1,0.55130,0.40435,13.23065,0.98858,1,-0.06200,0.02444,0.63898,0.00253,1,0.01291,0.01672,0.65969,0.00245,1,0,0.00000,26
0.60641,-0.41518,5281.93799,0.10107,11859,1,0.73601,-0.40752,1,0.51132,-0.48855,1,0.62367,-0.44803,1,0.24811,0.36298,14.19356,0.98858,1,0.55129,0.40430,13.41223,0.98858,1,-0.06200,0.02435,0.63898,0.00256,1,0.01257,0.01640,0.64501,0.00243,1,0,0.00000,26
0.60681,-0.41664,5281.93799,0.10791,11859,1,0.73597,-0.39709,1,0.49029,-0.48280,1,0.61313,-0.43995,1,0.24800,0.36305,13.84735,0.98858,1,0.55133,0.40438,13.29248,0.98139,1,-0.06200,0.02435,0.63898,0.00258,1,0.01257,0.01640,0.64501,0.00245,1,0,0.00000,26
0.60695,-0.41704,5281.93799,0.11475,11859,1,0.72143,-0.37358,1,0.49727,-0.47418,1,0.60935,-0.42388,1,0.24792,0.36304,13.79972,0.98139,1,0.55131,0.40440,13.28802,0.97420,1,-0.06200,0.02435,0.63898,0.00254,1,0.01257,0.01640,0.64501,0.00245,1,0,0.00000,26
0.60706,-0.41681,5281.93799,0.12158,11859,1,0.72117,-0.36284,1,0.49686,-0.46267,1,0.60902,-0.41276,1,0.24781,0.36305,13.73670,0.97420,1,0.55123,0.40429,13.39953,0.96701,1,-0.06177,0.02422,0.63565,0.00261,1,0.01257,0.01640,0.64501,0.00239,1,0,0.00000,26
0.60732,-0.41681,5281.93799,0.12793,11859,1,0.74242,-0.35369,1,0.48233,-0.47976,1,0.61238,-0.41673,1,0.24768,0.36305,14.10415,0.96701,1,0.55114,0.40415,13.19679,0.96701,1,-0.06177,0.02422,0.63565,0.00257,1,0.01257,0.01640,0.64501,0.00235,1,0,0.00000,26
0.60732,-0.41658,5281.93799,0.13574,11859,1,0.73903,-0.34865,1,0.47551,-0.47534,1,0.60727,-0.41199,1,0.24768,0.36312,13.94882,0.96701,1,0.55107,0.40413,13.05416,0.96701,1,-0.06177,0.02422,0.63565,0.00256,1,0.01257,0.01640,0.64501,0.00239,1,0,0.00000,26
0.60733,-0.41664,5281.93799,0.14111,11859,1,0.73903,-0.34865,1,0.47578,-0.48696,1,0.60740,-0.41781,1,0.24756,0.36337,14.05533,0.96701,1,0.55096,0.40418,13.11924,0.97420,1,-0.06177,0.02422,0.63565,0.00257,1,0.01281,0.01673,0.65981,0.00242,1,0,0.00000,26
0.60764,-0.41322,5281.93799,0.14844,11859,1,0.74220,-0.29418,1,0.48691,-0.38212,1,0.61456,-0.33815,1,0.24766,0.36400,14.36083,0.97420,1,0.55075,0.40502,13.51010,0.98139,1,-0.06177,0.02422,0.63565,0.00256,1,0.01281,0.01673,0.65981,0.00242,1,0,0.00000,26
0.60839,-0.41172,5281.93799,0.15479,11859,1,0.76212,-0.31728,1,0.48898,-0.43705,1,0.62555,-0.37716,1,0.24750,0.36428,13.87806,0.98139,1,0.55091,0.40509,13.40249,0.98858,1,-0.06177,0.02422,0.63565,0.00256,1,0.01281,0.01673,0.65981,0.00241,1,0,0.00000,26
0.60909,-0.41077,5281.93799,0.16162,11859,1,0.76265,-0.32771,1,0.48933,-0.44812,1,0.62599,-0.38792,1,0.24753,0.36449,14.18039,0.98858,1,0.55085,0.40519,13.53074,0.99577,1,-0.06232,0.02435,0.64032,0.00257,1,0.01270,0.01671,0.65903,0.00237,1,0,0.00000,26
0.60934,-0.41053,5281.93799,0.16748,11859,1,0.73406,-0.37757,1,0.49690,-0.43144,1,0.61548,-0.40450,1,0.24741,0.36415,14.00015,0.99577,1,0.55081,0.40502,13.51010,0.99577,1,-0.06232,0.02435,0.64032,0.00261,1,0.01270,0.01671,0.65903,0.00241,1,0,0.00000,26
0.60925,-0.41083,5281.93799,0.17383,11859,1,0.72075,-0.39428,1,0.49326,-0.44315,1,0.60700,-0.41871,1,0.24722,0.36415,14.18967,0.99577,1,0.55057,0.40482,13.49500,0.99577,1,-0.06232,0.02435,0.64032,0.00257,1,0.01270,0.01671,0.65903,0.00236,1,0,0.00000,26
0.60916,-0.41092,5281.93799,0.18164,11859,1,0.72075,-0.39428,1,0.49289,-0.43211,1,0.60682,-0.41320,1,0.24714,0.36410,13.92492,0.99577,1,0.55044,0.40479,13.48097,0.98858,1,-0.06222,0.02432,0.63836,0.00257,1,0.01227,0.01630,0.63905,0.00238,1,0,0.00000,26
0.60883,-0.41122,5281.93799,0.18799,11859,1,0.72132,-0.39824,1,0.47787,-0.44134,1,0.59959,-0.41979,1,0.24700,0.36395,14.01793,0.98858,1,0.55039,0.40479,13.40052,0.98139,1,-0.06222,0.02432,0.63836,0.00261,1,0.01227,0.01630,0.63905,0.00241,1,0,0.00000,26
0.60924,-0.41037,5281.93799,0.19482,11859,1,0.76539,-0.32926,1,0.47662,-0.44175,1,0.62101,-0.38551,1,0.24692,0.36391,14.10935,0.98139,1,0.55029,0.40462,13.51549,0.97420,1,-0.06222,0.02432,0.63836,0.00256,1,0.01227,0.01630,0.63905,0.00238,1,0,0.00000,26
0.60960,-0.40909,5281.93799,0.20166,11859,1,0.76435,-0.30954,1,0.47639,-0.43188,1,0.62037,-0.37071,1,0.24685,0.36390,14.10159,0.96792,1,0.55017,0.40451,13.42855,0.96792,1,-0.06085,0.02377,0.62386,0.00257,1,0.01257,0.01681,0.65742,0.00242,1,0,0.00000,26
0.60982,-0.40730,5281.93799,0.20752,11859,1,0.74539,-0.25876,1,0.48808,-0.44486,1,0.61673,-0.35181,1,0.24670,0.36383,13.87751,0.96163,1,0.55007,0.40450,13.42721,0.96882,1,-0.06085,0.02377,0.62386,0.00260,1,0.01257,0.01681,0.65742,0.00237,1,0,0.00000,26
0.61022,-0.40586,5281.93799,0.21436,11859,1,0.75273,-0.27471,1,0.49329,-0.44497,1,0.62301,-0.35984,1,0.24665,0.36373,13.88289,0.96253,1,0.55015,0.40445,13.27400,0.96972,1,-0.06085,0.02377,0.62386,0.00260,1,0.01257,0.01681,0.65742,0.00242,1,0,0.00000,26
0.61062,-0.40497,5281.93799,0.22119,11859,1,0.75368,-0.29504,1,0.49367,-0.45606,1,0.62367,-0.37555,1,0.24659,0.36366,14.03415,0.97675,1,0.55003,0.40430,13.34466,0.97675,1,-0.06526,0.02545,0.66801,0.00255,1,0.01231,0.01667,0.65165,0.00238,1,0,0.00000,26
0.61032,-0.40397,5281.93799,0.22803,11859,1,0.73346,-0.30064,1,0.46674,-0.43948,1,0.60010,-0.37006,1,0.24637,0.36373,14.21029,0.99006,1,0.54973,0.40427,13.53943,0.98287,1,-0.06526,0.02545,0.66801,0.00261,1,0.01231,0.01667,0.65165,0.00242,1,0,0.00000,26
0.61021,-0.40324,5281.93799,0.23438,11859,1,0.71712,-0.30635,1,0.49601,-0.44911,1,0.60657,-0.37773,1,0.24641,0.36375,14.31530,0.99618,1,0.54981,0.40427,13.59236,0.98899,1,-0.06526,0.02545,0.66801,0.00263,1,0.01231,0.01667,0.65165,0.00237,1,0,0.00000,26
0.61011,-0.40251,5281.93799,0.24170,11859,1,0.71709,-0.30508,1,0.49597,-0.44771,1,0.60653,-0.37640,1,0.24644,0.36371,14.19566,0.99528,1,0.54978,0.40425,13.59930,0.98809,1,-0.06256,0.02438,0.63982,0.00263,1,0.01218,0.01653,0.64439,0.00237,1,0,0.00000,26
0.60979,-0.40205,5281.93799,0.24854,11859,1,0.70949,-0.31528,1,0.48649,-0.45447,1,0.59799,-0.38487,1,0.24612,0.36358,14.21130,0.98107,1,0.54964,0.40411,13.70967,0.98107,1,-0.06256,0.02438,0.63982,0.00263,1,0.01218,0.01653,0.64439,0.00239,1,0,0.00000,26
0.60971,-0.40121,5281.93799,0.25537,11859,1,0.70161,-0.28965,1,0.51147,-0.44904,1,0.60654,-0.36935,1,0.24604,0.36364,14.28272,0.97404,1,0.54960,0.40409,13.99346,0.97404,1,-0.06256,0.02438,0.63982,0.00261,1,0.01218,0.01653,0.64439,0.00237,1,0,0.00000,26
0.61065,-0.37384,5281.93799,0.25537,11859,0,0.70136,-0.27087,1,0.51009,-0.41799,1,0.60573,-0.34443,1,0.24605,0.36350,13.99581,0.96073,1,0.54954,0.40393,13.56024,0.95429,1,-0.06089,0.02371,0.62229,0.00260,1,0.01176,0.01603,0.62507,0.00239,1,0,0.00000,26
0.61758,-0.36136,5281.93799,0.25537,11859,0,0.76084,-0.30994,1,0.48816,-0.38784,1,0.62450,-0.34889,1,0.24589,0.36350,14.17831,0.94801,1,0.54928,0.40404,13.36025,0.94157,1,-0.06089,0.02371,0.62229,0.00257,1,0.01176,0.01603,0.62507,0.00248,1,0,0.00000,26
0.61668,-0.34303,5281.93799,0.25537,11859,0,0.74496,-0.25209,1,0.48482,-0.36063,1,0.61489,-0.30636,1,0.24575,0.36357,14.06449,0.93529,1,0.54930,0.40401,13.34807,0.92886,1,-0.06089,0.02371,0.62229,0.00260,1,0.01176,0.01603,0.62507,0.00246,1,0,0.00000,26
0.61632,-0.33674,5282.20020,0.02002,11860,1,0.74500,-0.25295,1,0.48550,-0.38279,1,0.61525,-0.31787,1,0.24574,0.36359,14.06763,0.93588,1,0.54922,0.40402,13.47522,0.94307,1,-0.06405,0.02490,0.65362,0.00259,1,0.01239,0.01703,0.66387,0.00240,1,0,0.00000,26
0.61300,-0.34104,5282.20020,0.02637,11860,1,0.72100,-0.27695,1,0.47846,-0.43954,1,0.59973,-0.35824,1,0.24562,0.36373,14.38946,0.95638,1,0.54921,0.40401,13.47432,0.97001,1,-0.06405,0.02490,0.65362,0.00261,1,0.01239,0.01703,0.66387,0.00240,1,0,0.00000,26
0.61306,-0.35297,5282.20020,0.03320,11860,1,0.72070,-0.36565,1,0.50596,-0.45964,1,0.61333,-0.41265,1,0.24566,0.36371,14.19566,0.98332,1,0.54909,0.40408,13.51118,0.99694,1,-0.06405,0.02490,0.65362,0.00262,1,0.01239,0.01703,0.66387,0.00239,1,0,0.00000,26
0.61320,-0.36501,5282.20020,0.04004,11860,1,0.72140,-0.39517,1,0.50676,-0.47933,1,0.61408,-0.43725,1,0.24546,0.36367,14.25703,1.00323,1,0.54899,0.40417,13.72191,1.00966,1,-0.06235,0.02422,0.63579,0.00271,1,0.01186,0.01636,0.63766,0.00239,1,0,0.00000,26
0.61275,-0.37187,5282.20020,0.04639,11860,1,0.73552,-0.38695,1,0.48370,-0.45282,1,0.60961,-0.41988,1,0.24523,0.36368,14.14644,1.00263,1,0.54885,0.40414,13.69501,0.99544,1,-0.06235,0.02422,0.63579,0.00262,1,0.01186,0.01636,0.63766,0.00238,1,0,0.00000,26
0.61219,-0.37553,5282.20020,0.05322,11860,1,0.71942,-0.36258,1,0.49590,-0.44691,1,0.60766,-0.40475,1,0.24515,0.36373,14.14573,0.98842,1,0.54870,0.40421,13.59697,0.98123,1,-0.06235,0.02422,0.63579,0.00260,1,0.01186,0.01636,0.63766,0.00246,1,0,0.00000,26
0.61167,-0.37629,5282.20020,0.06006,11860,1,0.71893,-0.34167,1,0.49512,-0.42472,1,0.60703,-0.38319,1,0.24489,0.36380,14.28830,0.97420,1,0.54850,0.40403,13.39205,0.96701,1,-0.06318,0.02442,0.64223,0.00258,1,0.01161,0.01627,0.63447,0.00245,1,0,0.00000,26
0.60389,-0.37998,5282.20020,0.06689,11860,1,0.64349,-0.34348,1,0.40871,-0.49020,1,0.52610,-0.41684,1,0.24318,0.36412,13.97816,0.96701,1,0.54672,0.40421,13.84371,0.96701,1,-0.06318,0.02442,0.64223,0.00265,1,0.01161,0.01627,0.63447,0.00237,1,0,0.00000,26
0.59406,-0.38127,5282.20020,0.07275,11860,1,0.59040,-0.33115,1,0.38149,-0.45982,1,0.48594,-0.39549,1,0.24187,0.36408,14.22199,0.96701,1,0.54519,0.40427,12.98999,0.96701,1,-0.06318,0.02442,0.64223,0.00269,1,0.01161,0.01627,0.63447,0.00233,1,0,0.00000,26
0.58575,-0.38236,5282.20020,0.07959,11860,1,0.59040,-0.33115,1,0.38149,-0.45982,1,0.48594,-0.39549,1,0.24142,0.36414,14.07881,0.96701,1,0.54444,0.40436,13.17655,0.96701,1,-0.06444,0.02476,0.65108,0.00265,1,0.01122,0.01654,0.64483,0.00249,1,0,0.00000,26
0.57643,-0.38152,5282.20020,0.08594,11860,1,0.58979,-0.35023,1,0.32082,-0.39083,1,0.45531,-0.37053,1,0.24062,0.36409,14.23273,0.96701,1,0.54364,0.40432,13.62751,0.96701,1,-0.06444,0.02476,0.65108,0.00264,1,0.01122,0.01654,0.64483,0.00245,1,0,0.00000,26
0.56932,-0.38157,5282.20020,0.09326,11860,1,0.59525,-0.35857,1,0.34444,-0.40612,1,0.46985,-0.38234,1,0.24079,0.36391,14.35490,0.96701,1,0.54385,0.40441,13.49928,0.96701,1,-0.06444,0.02476,0.65108,0.00271,1,0.01122,0.01654,0.64483,0.00246,1,0,0.00000,26
0.56314,-0.38103,5282.20020,0.09961,11860,1,0.59576,-0.34942,1,0.34497,-0.39627,1,0.47036,-0.37285,1,0.24085,0.36391,14.33624,0.96073,1,0.54397,0.40428,13.56447,0.96073,1,-0.06249,0.02396,0.63000,0.00266,1,0.01122,0.01654,0.64483,0.00242,1,0,0.00000,26
0.53636,-0.39567,5282.20020,0.09961,11860,0,0.61365,-0.30761,1,0.36857,-0.40601,1,0.49111,-0.35681,1,0.24051,0.36385,14.39219,0.95444,1,0.54381,0.40409,13.55670,0.95444,1,-0.06249,0.02396,0.63000,0.00263,1,0.01122,0.01654,0.64483,0.00245,1,0,0.00000,26
0.50798,-0.37522,5282.20020,0.09961,11860,0,0.60479,-0.29851,1,0.35441,-0.41103,1,0.47960,-0.35477,1,0.24046,0.36382,14.57781,0.94815,1,0.54361,0.40416,13.65822,0.94815,1,-0.06249,0.02396,0.63000,0.00264,1,0.01122,0.01654,0.64483,0.00246,1,0,0.00000,26
0.49858,-0.36715,5282.20020,0.09961,11860,0,0.60525,-0.28955,1,0.35434,-0.41247,1,0.47979,-0.35101,1,0.24035,0.36380,14.30461,0.94187,1,0.54369,0.40419,13.77719,0.94906,1,-0.06188,0.02373,0.62288,0.00263,1,0.01149,0.01701,0.66314,0.00243,1,0,0.00000,26
0.48904,-0.36729,5282.30664,0.02002,11861,1,0.57204,-0.29638,1,0.34877,-0.43907,1,0.46041,-0.36772,1,0.24013,0.36376,14.25436,0.94906,1,0.54361,0.40414,13.82504,0.95625,1,-0.06188,0.02373,0.62288,0.00263,1,0.01149,0.01701,0.66314,0.00246,1,0,0.00000,26
0.48723,-0.36925,5282.30664,0.02686,11861,1,0.59921,-0.29290,1,0.36081,-0.46122,1,0.48001,-0.37706,1,0.24011,0.36375,14.28130,0.95625,1,0.54341,0.40386,13.58549,0.96344,1,-0.06188,0.02373,0.62288,0.00265,1,0.01149,0.01701,0.66314,0.00242,1,0,0.00000,26
0.48590,-0.37298,5282.30664,0.03320,11861,1,0.59815,-0.31182,1,0.36038,-0.47146,1,0.47926,-0.39164,1,0.24010,0.36373,14.29189,0.96972,1,0.54338,0.40385,13.54362,0.96972,1,-0.06310,0.02413,0.63470,0.00264,1,0.01076,0.01615,0.62960,0.00244,1,0,0.00000,26
0.48391,-0.37460,5282.30664,0.04053,11861,1,0.58239,-0.34579,1,0.36152,-0.42285,1,0.47195,-0.38432,1,0.23987,0.36349,14.13775,0.97601,1,0.54332,0.40382,13.40462,0.96882,1,-0.06310,0.02413,0.63470,0.00264,1,0.01076,0.01615,0.62960,0.00242,1,0,0.00000,26
0.48182,-0.37704,5282.30664,0.04688,11861,1,0.57661,-0.35951,1,0.35779,-0.42873,1,0.46720,-0.39412,1,0.23974,0.36354,14.24711,0.97511,1,0.54323,0.40389,13.37270,0.96792,1,-0.06310,0.02413,0.63470,0.00262,1,0.01076,0.01615,0.62960,0.00247,1,0,0.00000,26
0.48021,-0.37879,5282.30664,0.05371,11861,1,0.57670,-0.35821,1,0.35785,-0.42730,1,0.46728,-0.39276,1,0.23972,0.36352,14.25369,0.97420,1,0.54316,0.40377,13.44089,0.96701,1,-0.06392,0.02446,0.64199,0.00263,1,0.01076,0.01624,0.62960,0.00245,1,0,0.00000,26
0.47890,-0.38060,5282.30664,0.06152,11861,1,0.59629,-0.34838,1,0.33795,-0.44550,1,0.46712,-0.39694,1,0.23957,0.36347,14.10607,0.96701,1,0.54305,0.40358,13.36291,0.96701,1,-0.06392,0.02446,0.64199,0.00264,1,0.01076,0.01624,0.62960,0.00247,1,0,0.00000,26
0.47734,-0.38200,5282.30664,0.06689,11861,1,0.59307,-0.35289,1,0.33043,-0.43913,1,0.46175,-0.39601,1,0.23952,0.36363,14.50127,0.96701,1,0.54298,0.40367,13.52777,0.96701,1,-0.06392,0.02446,0.64199,0.00266,1,0.01076,0.01624,0.62960,0.00249,1,0,0.00000,26
0.47609,-0.38237,5282.30664,0.07324,11861,1,0.59360,-0.34379,1,0.33104,-0.42905,1,0.46232,-0.38642,1,0.23959,0.36347,14.12053,0.96073,1,0.54296,0.40367,13.55361,0.96073,1,-0.06231,0.02383,0.62536,0.00268,1,0.01076,0.01624,0.62960,0.00248,1,0,0.00000,26
0.47425,-0.38261,5282.30664,0.08105,11861,1,0.57743,-0.34046,1,0.32706,-0.43046,1,0.45224,-0.38546,1,0.23932,0.36342,14.31729,0.95444,1,0.54290,0.40358,13.90794,0.95444,1,-0.06231,0.02383,0.62536,0.00260,1,0.01076,0.01624,0.62960,0.00243,1,0,0.00000,26
0.47334,-0.38203,5282.30664,0.08691,11861,1,0.57358,-0.33332,1,0.34945,-0.41562,1,0.46152,-0.37447,1,0.23932,0.36342,14.31729,0.94815,1,0.54299,0.40343,13.49626,0.94815,1,-0.06231,0.02383,0.62536,0.00259,1,0.01076,0.01624,0.62960,0.00251,1,0,0.00000,26
0.47254,-0.38191,5282.30664,0.09424,11861,1,0.57358,-0.33332,1,0.34887,-0.42718,1,0.46123,-0.38025,1,0.23919,0.36349,14.51831,0.94815,1,0.54285,0.40335,13.38109,0.95534,1,-0.06353,0.02427,0.63711,0.00263,1,0.01134,0.01723,0.66605,0.00245,1,0,0.00000,26
0.47292,-0.38392,5282.30664,0.10059,11861,1,0.61745,-0.36007,1,0.33979,-0.46808,1,0.47862,-0.41407,1,0.23915,0.36338,14.41630,0.96163,1,0.54281,0.40332,13.58278,0.96882,1,-0.06353,0.02427,0.63711,0.00261,1,0.01134,0.01723,0.66605,0.00246,1,0,0.00000,26
0.47318,-0.38707,5282.30664,0.10742,11861,1,0.61599,-0.38630,1,0.33887,-0.48884,1,0.47743,-0.43757,1,0.23915,0.36338,14.41630,0.97511,1,0.54275,0.40330,13.64065,0.98230,1,-0.06353,0.02427,0.63711,0.00261,1,0.01134,0.01723,0.66605,0.00249,1,0,0.00000,26
0.47336,-0.39104,5282.30664,0.11426,11861,1,0.61516,-0.40620,1,0.33770,-0.51080,1,0.47643,-0.45850,1,0.23912,0.36335,14.41746,0.98858,1,0.54267,0.40330,13.43947,0.99577,1,-0.06378,0.02433,0.63861,0.00263,1,0.01130,0.01738,0.66987,0.00247,1,0,0.00000,26
0.47322,-0.39547,5282.30664,0.12061,11861,1,0.61351,-0.42169,1,0.32776,-0.52881,1,0.47064,-0.47525,1,0.23906,0.36337,14.67610,0.99577,1,0.54255,0.40327,13.57933,0.99577,1,-0.06378,0.02433,0.63861,0.00261,1,0.01130,0.01738,0.66987,0.00249,1,0,0.00000,26
0.47349,-0.39960,5282.30664,0.12744,11861,1,0.60165,-0.43067,1,0.35560,-0.52530,1,0.47862,-0.47799,1,0.23881,0.36322,14.62737,0.99577,1,0.54256,0.40327,13.56281,0.99577,1,-0.06378,0.02433,0.63861,0.00264,1,0.01130,0.01738,0.66987,0.00249,1,0,0.00000,26
0.47375,-0.40305,5282.30664,0.13428,11861,1,0.60165,-0.43067,1,0.35610,-0.51351,1,0.47888,-0.47209,1,0.23877,0.36317,14.40269,0.99577,1,0.54247,0.40321,13.56748,0.98858,1,-0.06378,0.02433,0.63861,0.00266,1,0.01081,0.01671,0.64374,0.00245,1,0,0.00000,26
0.47375,-0.40498,5282.30664,0.14111,11861,1,0.59765,-0.42094,1,0.35008,-0.46985,1,0.47386,-0.44539,1,0.23867,0.36317,14.47273,0.98858,1,0.54246,0.40298,13.58090,0.98139,1,-0.06378,0.02433,0.63861,0.00262,1,0.01081,0.01671,0.64374,0.00245,1,0,0.00000,26
0.47409,-0.40633,5282.30664,0.14746,11861,1,0.61863,-0.41088,1,0.34428,-0.46128,1,0.48145,-0.43608,1,0.23868,0.36322,14.33914,0.98139,1,0.54239,0.40294,13.53663,0.97420,1,-0.06378,0.02433,0.63861,0.00265,1,0.01081,0.01671,0.64374,0.00249,1,0,0.00000,26
0.47443,-0.40670,5282.30664,0.15527,11861,1,0.61941,-0.39074,1,0.34540,-0.43955,1,0.48240,-0.41515,1,0.23869,0.36321,14.36587,0.96792,1,0.54239,0.40294,13.53663,0.96073,1,-0.06270,0.02390,0.62731,0.00264,1,0.01081,0.01671,0.64374,0.00249,1,0,0.00000,26
0.47459,-0.40554,5282.30664,0.16162,11861,1,0.61286,-0.32356,1,0.34368,-0.43219,1,0.47827,-0.37787,1,0.23859,0.36318,14.39626,0.95444,1,0.54233,0.40291,13.56211,0.95444,1,-0.06270,0.02390,0.62731,0.00261,1,0.01081,0.01671,0.64374,0.00245,1,0,0.00000,26
0.47687,-0.43075,5282.30664,0.16162,11861,0,0.59933,-0.32384,1,0.36985,-0.43380,1,0.48459,-0.37882,1,0.23858,0.36315,14.38317,0.94815,1,0.54221,0.40282,13.64718,0.94815,1,-0.06270,0.02390,0.62731,0.00264,1,0.01081,0.01671,0.64374,0.00249,1,0,0.00000,26
0.48073,-0.40478,5282.30664,0.16162,11861,0,0.59933,-0.32384,1,0.36985,-0.43380,1,0.48459,-0.37882,1,0.23856,0.36304,14.71505,0.94815,1,0.54213,0.40274,13.49060,0.94815,1,-0.06455,0.02464,0.64536,0.00262,1,0.01081,0.01671,0.64374,0.00251,1,0,0.00000,26
0.48006,-0.39887,5282.30664,0.16162,11861,0,0.59711,-0.32777,1,0.36035,-0.44629,1,0.47873,-0.38703,1,0.23849,0.36291,14.53566,0.95444,1,0.54210,0.40275,13.55100,0.95444,1,-0.06455,0.02464,0.64536,0.00264,1,0.01081,0.01671,0.64374,0.00248,1,0,0.00000,26
0.47903,-0.40052,5282.47412,0.02051,11862,1,0.59580,-0.34099,1,0.35609,-0.46994,1,0.47595,-0.40546,1,0.23832,0.36304,14.42949,0.96073,1,0.54208,0.40270,13.58692,0.96073,1,-0.06455,0.02464,0.64536,0.00263,1,0.01081,0.01671,0.64374,0.00248,1,0,0.00000,26
0.47827,-0.40463,5282.47412,0.02637,11862,1,0.59529,-0.35008,1,0.35511,-0.49208,1,0.47520,-0.42108,1,0.23832,0.36304,14.42949,0.96701,1,0.54211,0.40270,13.55749,0.97420,1,-0.06455,0.02464,0.64536,0.00263,1,0.01100,0.01707,0.65779,0.00250,1,0,0.00000,26
0.47715,-0.41027,5282.47412,0.03369,11862,1,0.58954,-0.36732,1,0.35354,-0.50963,1,0.47154,-0.43848,1,0.23830,0.36303,14.43687,0.97420,1,0.54203,0.40272,13.62703,0.98139,1,-0.06455,0.02464,0.64536,0.00262,1,0.01100,0.01707,0.65779,0.00245,1,0,0.00000,26
0.47650,-0.41620,5282.47412,0.04053,11862,1,0.59020,-0.38285,1,0.35500,-0.52073,1,0.47260,-0.45179,1,0.23830,0.36304,14.41615,0.98139,1,0.54211,0.40270,13.55749,0.98858,1,-0.06455,0.02464,0.64536,0.00263,1,0.01100,0.01707,0.65779,0.00250,1,0,0.00000,26
0.47597,-0.42130,5282.47412,0.04688,11862,1,0.58959,-0.39331,1,0.35500,-0.52073,1,0.47230,-0.45702,1,0.23832,0.36300,14.34250,0.98858,1,0.54211,0.40270,13.55749,0.98858,1,-0.06455,0.02464,0.64536,0.00263,1,0.01081,0.01671,0.64374,0.00250,1,0,0.00000,26
0.48049,-0.42229,5282.47412,0.05371,11862,1,0.64586,-0.36957,1,0.38745,-0.49071,1,0.51665,-0.43014,1,0.23963,0.36303,14.15190,0.98858,1,0.54309,0.40284,13.81800,0.98139,1,-0.06455,0.02464,0.64536,0.00262,1,0.01081,0.01671,0.64374,0.00250,1,0,0.00000,26
0.49146,-0.42198,5282.47412,0.06055,11862,1,0.72282,-0.36413,1,0.45746,-0.47430,1,0.59014,-0.41922,1,0.24112,0.36314,13.92311,0.98139,1,0.54446,0.40279,13.27430,0.97420,1,-0.06455,0.02464,0.64536,0.00261,1,0.01081,0.01671,0.64374,0.00242,1,0,0.00000,26
0.50039,-0.41983,5282.47412,0.06689,11862,1,0.72231,-0.34412,1,0.45718,-0.45264,1,0.58975,-0.39838,1,0.24191,0.36310,14.10769,0.96792,1,0.54542,0.40270,13.65867,0.96073,1,-0.06161,0.02370,0.62206,0.00264,1,0.01118,0.01668,0.64265,0.00244,1,0,0.00000,26
0.51616,-0.41596,5282.47412,0.07373,11862,1,0.80842,-0.28919,1,0.57078,-0.45739,1,0.68960,-0.37329,1,0.24453,0.36338,14.20813,0.95444,1,0.54746,0.40261,13.88220,0.95444,1,-0.06161,0.02370,0.62206,0.00263,1,0.01118,0.01668,0.64265,0.00250,1,0,0.00000,26
0.52928,-0.41445,5282.47412,0.08105,11862,1,0.81333,-0.34042,1,0.56014,-0.45231,1,0.68673,-0.39637,1,0.24478,0.36339,13.98990,0.94815,1,0.54759,0.40248,13.52451,0.94815,1,-0.06161,0.02370,0.62206,0.00262,1,0.01118,0.01668,0.64265,0.00253,1,0,0.00000,26
0.54047,-0.41245,5282.47412,0.08740,11862,1,0.81254,-0.33071,1,0.55941,-0.44219,1,0.68597,-0.38645,1,0.24504,0.36355,14.16852,0.94187,1,0.54794,0.40247,14.17535,0.94187,1,-0.06131,0.02369,0.62188,0.00263,1,0.01120,0.01642,0.63294,0.00244,1,0,0.00000,26
0.54920,-0.41091,5282.47412,0.09473,11862,1,0.79628,-0.32307,1,0.54651,-0.45567,1,0.67140,-0.38937,1,0.24496,0.36346,14.14975,0.94187,1,0.54760,0.40253,13.42528,0.94187,1,-0.06131,0.02369,0.62188,0.00268,1,0.01120,0.01642,0.63294,0.00253,1,0,0.00000,26
0.58320,-0.41297,5282.47412,0.09473,11862,0,0.80005,-0.33650,1,0.55300,-0.45160,1,0.67653,-0.39405,1,0.24495,0.36344,14.32426,0.94187,1,0.54782,0.40263,13.54102,0.94187,1,-0.06131,0.02369,0.62188,0.00267,1,0.01120,0.01642,0.63294,0.00250,1,0,0.00000,26
0.62986,-0.40351,5282.47412,0.09473,11862,0,0.80005,-0.33650,1,0.55300,-0.45160,1,0.67653,-0.39405,1,0.24496,0.36342,14.31693,0.94187,1,0.54793,0.40256,13.69080,0.94187,1,-0.06131,0.02369,0.62188,0.00265,1,0.01120,0.01642,0.63294,0.00246,1,0,0.00000,26
0.65231,-0.40387,5282.47412,0.09473,11862,0,0.81386,-0.34639,1,0.58055,-0.46281,1,0.69720,-0.40460,1,0.24513,0.36342,14.33217,0.94187,1,0.54808,0.40253,13.92653,0.94187,1,-0.06131,0.02369,0.62188,0.00262,1,0.01120,0.01642,0.63294,0.00247,1,0,0.00000,26
0.69136,-0.40040,5282.47412,0.09473,11862,0,0.81421,-0.34100,1,0.58649,-0.46411,1,0.70035,-0.40256,1,0.24517,0.36340,14.22592,0.94187,1,0.54816,0.40264,13.83090,0.94187,1,-0.06131,0.02369,0.62188,0.00264,1,0.01120,0.01642,0.63294,0.00247,1,0,0.00000,26
0.69628,-0.40649,5282.47412,0.09473,11862,0,0.81501,-0.35079,1,0.58738,-0.47435,1,0.70120,-0.41257,1,0.24518,0.36332,13.99292,0.94815,1,0.54823,0.40259,13.88865,0.94815,1,-0.06290,0.02433,0.63846,0.00266,1,0.01161,0.01669,0.64520,0.00249,1,0,0.00000,26
0.69533,-0.39892,5282.47412,0.09473,11862,0,0.81452,-0.30480,1,0.57235,-0.46278,1,0.69344,-0.38379,1,0.24522,0.36329,14.00087,0.95444,1,0.54827,0.40258,13.89761,0.95444,1,-0.06290,0.02433,0.63846,0.00265,1,0.01161,0.01669,0.64520,0.00245,1,0,0.00000,26
0.69577,-0.39990,5282.59473,0.02051,11863,1,0.82418,-0.33991,1,0.56998,-0.46577,1,0.69708,-0.40284,1,0.24522,0.36330,14.05698,0.96073,1,0.54828,0.40267,14.18985,0.96073,1,-0.06290,0.02433,0.63846,0.00268,1,0.01161,0.01669,0.64520,0.00246,1,0,0.00000,26
0.69619,-0.40245,5282.59473,0.02686,11863,1,0.82502,-0.34952,1,0.57077,-0.47583,1,0.69789,-0.41268,1,0.24527,0.36319,14.32251,0.96701,1,0.54835,0.40268,14.10108,0.96701,1,-0.06290,0.02433,0.63846,0.00268,1,0.01161,0.01669,0.64520,0.00250,1,0,0.00000,26
0.69526,-0.40532,5282.59473,0.03369,11863,1,0.82599,-0.34840,1,0.55522,-0.49094,1,0.69061,-0.41967,1,0.24527,0.36319,14.32251,0.96701,1,0.54862,0.40267,13.68023,0.96701,1,-0.06290,0.02433,0.63846,0.00268,1,0.01161,0.01669,0.64520,0.00249,1,0,0.00000,26
0.69572,-0.40615,5282.59473,0.04053,11863,1,0.83236,-0.34934,1,0.56462,-0.47284,1,0.69849,-0.41109,1,0.24529,0.36316,14.39159,0.96701,1,0.54871,0.40268,13.58090,0.96701,1,-0.06290,0.02433,0.63846,0.00267,1,0.01161,0.01669,0.64520,0.00246,1,0,0.00000,26
0.69592,-0.40489,5282.59473,0.04688,11863,1,0.83147,-0.33971,1,0.56311,-0.45250,1,0.69729,-0.39611,1,0.24544,0.36310,14.33109,0.96073,1,0.54871,0.40268,13.58090,0.95429,1,-0.05723,0.02215,0.58138,0.00261,1,0.01121,0.01601,0.62066,0.00246,1,0,0.00000,26
0.69698,-0.40255,5282.59473,0.05371,11863,1,0.83921,-0.33160,1,0.57175,-0.43603,1,0.70548,-0.38381,1,0.24544,0.36310,14.33109,0.94801,1,0.54877,0.40269,13.53838,0.94157,1,-0.05723,0.02215,0.58138,0.00261,1,0.01121,0.01601,0.62066,0.00247,1,0,0.00000,26
0.69785,-0.40140,5282.59473,0.06006,11863,1,0.83988,-0.30610,1,0.57136,-0.47596,1,0.70562,-0.39103,1,0.24551,0.36314,14.23598,0.93529,1,0.54892,0.40254,14.00609,0.92886,1,-0.05723,0.02215,0.58138,0.00265,1,0.01121,0.01601,0.62066,0.00244,1,0,0.00000,26
0.69843,-0.39909,5282.59473,0.06689,11863,1,0.83793,-0.28656,1,0.57054,-0.46548,1,0.70423,-0.37602,1,0.24551,0.36314,14.23598,0.92257,1,0.54892,0.40255,13.96437,0.92257,1,-0.05723,0.02215,0.58138,0.00265,1,0.01165,0.01648,0.63685,0.00245,1,0,0.00000,26
0.69733,-0.39831,5282.59473,0.07373,11863,1,0.81465,-0.29217,1,0.55596,-0.48734,1,0.68530,-0.38976,1,0.24561,0.36312,14.20967,0.92257,1,0.54906,0.40254,14.00820,0.92900,1,-0.05723,0.02215,0.58138,0.00270,1,0.01165,0.01648,0.63685,0.00244,1,0,0.00000,26
0.69671,-0.39782,5282.59473,0.08057,11863,1,0.81444,-0.29439,1,0.56411,-0.48928,1,0.68928,-0.39184,1,0.24566,0.36307,14.04108,0.92900,1,0.54911,0.40270,14.05294,0.93543,1,-0.05723,0.02215,0.58138,0.00271,1,0.01165,0.01648,0.63685,0.00248,1,0,0.00000,26
0.69630,-0.39884,5282.59473,0.08740,11863,1,0.81609,-0.31380,1,0.56566,-0.51052,1,0.69087,-0.41216,1,0.24570,0.36305,14.07202,0.94172,1,0.54908,0.40256,13.87488,0.94815,1,-0.06318,0.02447,0.64223,0.00268,1,0.01165,0.01648,0.63685,0.00243,1,0,0.00000,26
0.69663,-0.40137,5282.59473,0.09326,11863,1,0.82379,-0.34422,1,0.57875,-0.52948,1,0.70127,-0.43685,1,0.24574,0.36296,14.35091,0.95444,1,0.54919,0.40266,13.60221,0.95444,1,-0.06318,0.02447,0.64223,0.00266,1,0.01165,0.01648,0.63685,0.00243,1,0,0.00000,26
0.69590,-0.40389,5282.59473,0.10107,11863,1,0.79511,-0.35567,1,0.57483,-0.52767,1,0.68497,-0.44167,1,0.24572,0.36292,14.27591,0.96073,1,0.54928,0.40266,13.55646,0.96073,1,-0.06318,0.02447,0.64223,0.00266,1,0.01165,0.01648,0.63685,0.00249,1,0,0.00000,26
0.69530,-0.40671,5282.59473,0.10742,11863,1,0.79578,-0.36532,1,0.57563,-0.53814,1,0.68570,-0.45173,1,0.24567,0.36290,14.33463,0.96701,1,0.54928,0.40266,13.55646,0.96701,1,-0.06318,0.02447,0.64223,0.00263,1,0.01165,0.01648,0.63685,0.00249,1,0,0.00000,26
0.69446,-0.40983,5282.59473,0.11426,11863,1,0.80871,-0.37408,1,0.55152,-0.55196,1,0.68011,-0.46302,1,0.24577,0.36291,14.37526,0.96701,1,0.54942,0.40272,13.53663,0.96701,1,-0.06318,0.02447,0.64223,0.00266,1,0.01165,0.01648,0.63685,0.00249,1,0,0.00000,26
0.69418,-0.41274,5282.59473,0.12109,11863,1,0.82028,-0.37578,1,0.55833,-0.55415,1,0.68930,-0.46496,1,0.24579,0.36289,14.25487,0.96701,1,0.54952,0.40264,13.73379,0.96701,1,-0.06318,0.02447,0.64223,0.00267,1,0.01165,0.01648,0.63685,0.00245,1,0,0.00000,26
0.69398,-0.41592,5282.59473,0.12744,11863,1,0.82119,-0.38671,1,0.55911,-0.56597,1,0.69015,-0.47634,1,0.24583,0.36283,14.32892,0.97404,1,0.54953,0.40258,13.91557,0.97404,1,-0.06496,0.02518,0.66080,0.00265,1,0.01163,0.01641,0.63587,0.00244,1,0,0.00000,26
0.69402,-0.41974,5282.59473,0.13428,11863,1,0.81398,-0.41400,1,0.57547,-0.57846,1,0.69472,-0.49623,1,0.24596,0.36271,14.11472,0.98107,1,0.54958,0.40236,14.11603,0.98107,1,-0.06496,0.02518,0.66080,0.00264,1,0.01163,0.01641,0.63587,0.00248,1,0,0.00000,26
0.69428,-0.42435,5282.59473,0.14062,11863,1,0.81929,-0.42675,1,0.58044,-0.61553,1,0.69987,-0.52114,1,0.24599,0.36278,14.35249,0.98809,1,0.54960,0.40233,14.05954,0.98809,1,-0.06496,0.02518,0.66080,0.00260,1,0.01163,0.01641,0.63587,0.00247,1,0,0.00000,26
0.69092,-0.45511,5282.59473,0.14062,11863,0,0.81929,-0.42675,1,0.57961,-0.60457,1,0.69945,-0.51566,1,0.24606,0.36268,14.29290,0.98809,1,0.54959,0.40248,13.92214,0.98166,1,-0.06246,0.02428,0.63596,0.00260,1,0.01095,0.01538,0.59593,0.00247,1,0,0.00000,26
0.69819,-0.47698,5282.59473,0.14062,11863,0,0.82652,-0.42141,1,0.58440,-0.57628,1,0.70546,-0.49884,1,0.24626,0.36265,14.34825,0.97463,1,0.54968,0.40244,13.68187,0.96820,1,-0.06246,0.02428,0.63596,0.00271,1,0.01095,0.01538,0.59593,0.00245,1,0,0.00000,26
0.70092,-0.47700,5282.59473,0.14062,11863,0,0.83110,-0.40196,1,0.58169,-0.55216,1,0.70639,-0.47706,1,0.24627,0.36264,14.45248,0.96117,1,0.54982,0.40245,13.68749,0.95474,1,-0.06246,0.02428,0.63596,0.00269,1,0.01095,0.01538,0.59593,0.00248,1,0,0.00000,26
0.70172,-0.47025,5282.74170,0.02051,11864,1,0.82833,-0.37045,1,0.57989,-0.52954,1,0.70411,-0.45000,1,0.24627,0.36262,14.39876,0.94143,1,0.54987,0.40250,13.61602,0.94143,1,-0.06043,0.02351,0.61573,0.00269,1,0.01186,0.01650,0.63766,0.00246,1,0,0.00000,26
0.70796,-0.46215,5282.74170,0.02734,11864,1,0.84913,-0.34227,1,0.61669,-0.51718,1,0.73291,-0.42973,1,0.24707,0.36269,14.23024,0.93514,1,0.55057,0.40261,13.72690,0.94157,1,-0.06043,0.02351,0.61573,0.00270,1,0.01186,0.01650,0.63766,0.00249,1,0,0.00000,26
0.71961,-0.45666,5282.74170,0.03369,11864,1,0.89667,-0.34638,1,0.65903,-0.51207,1,0.77785,-0.42922,1,0.24785,0.36285,14.31676,0.93529,1,0.55114,0.40245,13.45882,0.94172,1,-0.06043,0.02351,0.61573,0.00257,1,0.01186,0.01650,0.63766,0.00245,1,0,0.00000,26
0.72802,-0.45348,5282.74170,0.04053,11864,1,0.89801,-0.35670,1,0.65903,-0.51207,1,0.77852,-0.43438,1,0.24833,0.36277,14.00126,0.94172,1,0.55145,0.40243,13.38352,0.94172,1,-0.06226,0.02435,0.63774,0.00261,1,0.01165,0.01601,0.61890,0.00251,1,0,0.00000,26
0.73510,-0.45343,5282.74170,0.04736,11864,1,0.90400,-0.37138,1,0.66527,-0.53484,1,0.78463,-0.45311,1,0.24888,0.36284,14.01649,0.94801,1,0.55200,0.40219,13.33477,0.94157,1,-0.06226,0.02435,0.63774,0.00270,1,0.01165,0.01601,0.61890,0.00246,1,0,0.00000,26
0.74047,-0.45273,5282.74170,0.05371,11864,1,0.91035,-0.36461,1,0.65658,-0.52957,1,0.78346,-0.44709,1,0.24874,0.36287,14.44494,0.94786,1,0.55200,0.40218,13.60374,0.94143,1,-0.06226,0.02435,0.63774,0.00262,1,0.01165,0.01601,0.61890,0.00245,1,0,0.00000,26
0.74483,-0.45268,5282.74170,0.06055,11864,1,0.91031,-0.36437,1,0.65788,-0.54016,1,0.78410,-0.45226,1,0.24871,0.36282,14.28278,0.94771,1,0.55201,0.40213,13.46377,0.94771,1,-0.06226,0.02435,0.63774,0.00263,1,0.01231,0.01686,0.65165,0.00246,1,0,0.00000,26
0.74898,-0.45395,5282.74170,0.06738,11864,1,0.90618,-0.37088,1,0.67478,-0.56238,1,0.79048,-0.46663,1,0.24864,0.36266,14.25097,0.94771,1,0.55202,0.40214,13.73082,0.95415,1,-0.06226,0.02435,0.63774,0.00265,1,0.01231,0.01686,0.65165,0.00245,1,0,0.00000,26
0.75197,-0.45377,5282.74170,0.07373,11864,1,0.91868,-0.38556,1,0.65086,-0.51802,1,0.78477,-0.45179,1,0.24873,0.36258,13.96988,0.95415,1,0.55208,0.40224,14.25031,0.96058,1,-0.06226,0.02435,0.63774,0.00264,1,0.01231,0.01686,0.65165,0.00242,1,0,0.00000,26
0.75454,-0.45402,5282.74170,0.08057,11864,1,0.92012,-0.39601,1,0.65086,-0.51802,1,0.78549,-0.45702,1,0.24875,0.36258,13.97956,0.96058,1,0.55214,0.40207,13.78284,0.96058,1,-0.06226,0.02435,0.63774,0.00263,1,0.01171,0.01598,0.61747,0.00243,1,0,0.00000,26
0.75585,-0.45526,5282.74170,0.08740,11864,1,0.88457,-0.42794,1,0.66119,-0.51488,1,0.77288,-0.47141,1,0.24893,0.36255,13.99109,0.96058,1,0.55238,0.40213,13.85136,0.95415,1,-0.06226,0.02435,0.63774,0.00270,1,0.01171,0.01598,0.61747,0.00245,1,0,0.00000,26
0.75727,-0.45592,5282.74170,0.09473,11864,1,0.89253,-0.41558,1,0.66169,-0.51461,1,0.77711,-0.46510,1,0.24883,0.36252,14.23567,0.95415,1,0.55242,0.40212,13.81367,0.94771,1,-0.06226,0.02435,0.63774,0.00260,1,0.01171,0.01598,0.61747,0.00247,1,0,0.00000,26
0.75835,-0.45518,5282.74170,0.10107,11864,1,0.89000,-0.39465,1,0.65900,-0.49352,1,0.77450,-0.44408,1,0.24906,0.36249,14.15032,0.94143,1,0.55245,0.40210,13.71811,0.93500,1,-0.06085,0.02386,0.62386,0.00266,1,0.01192,0.01613,0.62327,0.00248,1,0,0.00000,26
0.75920,-0.45451,5282.74170,0.10791,11864,1,0.89853,-0.37821,1,0.64708,-0.50959,1,0.77281,-0.44390,1,0.24905,0.36243,14.25887,0.92871,1,0.55260,0.40227,13.72113,0.92871,1,-0.06085,0.02386,0.62386,0.00262,1,0.01192,0.01613,0.62327,0.00243,1,0,0.00000,26
0.75950,-0.45352,5282.74170,0.11475,11864,1,0.87388,-0.35677,1,0.65543,-0.51664,1,0.76465,-0.43670,1,0.24908,0.36235,14.25652,0.92242,1,0.55275,0.40220,13.54706,0.92242,1,-0.06085,0.02386,0.62386,0.00263,1,0.01192,0.01613,0.62327,0.00244,1,0,0.00000,26
0.75981,-0.45293,5282.74170,0.12109,11864,1,0.87388,-0.35677,1,0.65678,-0.52761,1,0.76533,-0.44219,1,0.24911,0.36227,14.14541,0.92242,1,0.55281,0.40229,13.80712,0.92886,1,-0.06222,0.02437,0.63836,0.00267,1,0.01235,0.01665,0.64353,0.00246,1,0,0.00000,26
0.76064,-0.45343,5282.74170,0.12793,11864,1,0.89835,-0.40202,1,0.65433,-0.52384,1,0.77634,-0.46293,1,0.24942,0.36239,13.92588,0.93514,1,0.55297,0.40234,13.59998,0.94157,1,-0.06222,0.02437,0.63836,0.00266,1,0.01235,0.01665,0.64353,0.00248,1,0,0.00000,26
0.76180,-0.45481,5282.74170,0.13477,11864,1,0.91166,-0.42223,1,0.65839,-0.54268,1,0.78502,-0.48246,1,0.24958,0.36243,14.21788,0.94786,1,0.55301,0.40241,13.62204,0.95429,1,-0.06222,0.02437,0.63836,0.00271,1,0.01235,0.01665,0.64353,0.00245,1,0,0.00000,26
0.76294,-0.45679,5282.74170,0.14258,11864,1,0.91443,-0.44352,1,0.65968,-0.55321,1,0.78706,-0.49837,1,0.24962,0.36236,14.34034,0.96058,1,0.55318,0.40244,13.62124,0.96058,1,-0.06232,0.02449,0.64032,0.00265,1,0.01227,0.01626,0.63202,0.00244,1,0,0.00000,26
0.76367,-0.45901,5282.74170,0.14746,11864,1,0.90473,-0.45291,1,0.65459,-0.56294,1,0.77966,-0.50792,1,0.24989,0.36231,14.05634,0.96058,1,0.55341,0.40255,13.97560,0.95415,1,-0.06232,0.02449,0.64032,0.00269,1,0.01227,0.01626,0.63202,0.00244,1,0,0.00000,26
0.76452,-0.45950,5282.74170,0.15430,11864,1,0.90596,-0.43742,1,0.66225,-0.50379,1,0.78411,-0.47061,1,0.24982,0.36230,14.11236,0.95415,1,0.55342,0.40253,13.92991,0.94771,1,-0.06232,0.02449,0.64032,0.00264,1,0.01227,0.01626,0.63202,0.00244,1,0,0.00000,26
0.76528,-0.45972,5282.74170,0.16113,11864,1,0.90460,-0.42664,1,0.66225,-0.50379,1,0.78343,-0.46522,1,0.24985,0.36230,14.07470,0.94771,1,0.55350,0.40256,13.85699,0.94771,1,-0.06180,0.02428,0.63604,0.00266,1,0.01257,0.01659,0.64501,0.00241,1,0,0.00000,26
0.76588,-0.46017,5282.74170,0.16797,11864,1,0.89486,-0.43184,1,0.66675,-0.51073,1,0.78080,-0.47128,1,0.25006,0.36228,14.02865,0.94771,1,0.55376,0.40274,14.02541,0.95415,1,-0.06180,0.02428,0.63604,0.00264,1,0.01257,0.01659,0.64501,0.00244,1,0,0.00000,26
0.76645,-0.46217,5282.74170,0.17432,11864,1,0.90231,-0.43375,1,0.66053,-0.59491,1,0.78142,-0.51433,1,0.25028,0.36249,14.07419,0.95415,1,0.55378,0.40267,14.22060,0.96058,1,-0.06180,0.02428,0.63604,0.00268,1,0.01257,0.01659,0.64501,0.00244,1,0,0.00000,26
0.76701,-0.46423,5282.74170,0.18115,11864,1,0.90365,-0.44450,1,0.66053,-0.59491,1,0.78209,-0.51971,1,0.25026,0.36238,13.88590,0.96058,1,0.55384,0.40261,13.65797,0.96058,1,-0.06266,0.02466,0.64585,0.00269,1,0.01247,0.01618,0.63246,0.00251,1,0,0.00000,26
0.76787,-0.46554,5282.74170,0.18994,11864,1,0.91433,-0.44437,1,0.66936,-0.56022,1,0.79184,-0.50230,1,0.25036,0.36233,14.30818,0.96058,1,0.55409,0.40267,13.68023,0.95415,1,-0.06266,0.02466,0.64585,0.00267,1,0.01247,0.01618,0.63246,0.00249,1,0,0.00000,26
0.76840,-0.46639,5282.74170,0.19482,11864,1,0.92730,-0.42907,1,0.64019,-0.55278,1,0.78374,-0.49092,1,0.25044,0.36239,14.40360,0.95415,1,0.55418,0.40268,13.58090,0.94771,1,-0.06266,0.02466,0.64585,0.00265,1,0.01247,0.01618,0.63246,0.00245,1,0,0.00000,26
0.78305,-0.48796,5282.74170,0.19482,11864,0,0.92435,-0.40777,1,0.63776,-0.53114,1,0.78106,-0.46946,1,0.25047,0.36240,14.44968,0.94143,1,0.55418,0.40268,13.58090,0.93500,1,-0.05992,0.02360,0.61808,0.00263,1,0.01247,0.01618,0.63246,0.00245,1,0,0.00000,26
0.77354,-0.46917,5282.74170,0.19482,11864,0,0.88058,-0.38977,1,0.64747,-0.51099,1,0.76402,-0.45038,1,0.25054,0.36234,14.24152,0.92871,1,0.55422,0.40276,13.74484,0.92871,1,-0.05992,0.02360,0.61808,0.00263,1,0.01247,0.01618,0.63246,0.00246,1,0,0.00000,26
0.77260,-0.46202,5282.74170,0.19482,11864,0,0.89093,-0.38818,1,0.65052,-0.50724,1,0.77073,-0.44771,1,0.25058,0.36231,14.12938,0.92242,1,0.55418,0.40268,13.58090,0.92242,1,-0.05992,0.02360,0.61808,0.00263,1,0.01247,0.01618,0.63246,0.00245,1,0,0.00000,26
0.77197,-0.45716,5282.94287,0.02051,11865,1,0.88965,-0.37768,1,0.65055,-0.50749,1,0.77010,-0.44258,1,0.25058,0.36231,14.12938,0.91614,1,0.55422,0.40276,13.74484,0.92257,1,-0.05992,0.02360,0.61808,0.00263,1,0.01257,0.01624,0.63488,0.00246,1,0,0.00000,26
0.77284,-0.45512,5282.94287,0.02686,11865,1,0.89668,-0.37365,1,0.65590,-0.52028,1,0.77629,-0.44696,1,0.25054,0.36235,14.25594,0.92257,1,0.55434,0.40289,13.66041,0.92900,1,-0.05992,0.02360,0.61808,0.00266,1,0.01257,0.01624,0.63488,0.00251,1,0,0.00000,26
0.77372,-0.45461,5282.94287,0.03369,11865,1,0.89534,-0.38446,1,0.66087,-0.51972,1,0.77810,-0.45209,1,0.25060,0.36237,14.36223,0.92900,1,0.55432,0.40286,13.67206,0.93543,1,-0.05992,0.02360,0.61808,0.00262,1,0.01257,0.01624,0.63488,0.00252,1,0,0.00000,26
0.77453,-0.45579,5282.94287,0.04053,11865,1,0.89667,-0.39512,1,0.66223,-0.53056,1,0.77945,-0.46284,1,0.25058,0.36240,14.42968,0.93543,1,0.55432,0.40286,13.67206,0.94187,1,-0.05992,0.02355,0.61808,0.00262,1,0.01257,0.01624,0.63488,0.00252,1,0,0.00000,26
0.77479,-0.46050,5282.94287,0.04639,11865,1,0.89315,-0.39234,1,0.65994,-0.59469,1,0.77654,-0.49351,1,0.25059,0.36240,14.36895,0.94187,1,0.55434,0.40289,13.66041,0.94187,1,-0.05992,0.02355,0.61808,0.00264,1,0.01257,0.01624,0.63488,0.00251,1,0,0.00000,26
0.77508,-0.46410,5282.94287,0.05371,11865,1,0.89420,-0.39824,1,0.66072,-0.58753,1,0.77746,-0.49288,1,0.25055,0.36239,14.30762,0.94187,1,0.55439,0.40292,13.75974,0.94187,1,-0.05992,0.02355,0.61808,0.00267,1,0.01257,0.01624,0.63488,0.00247,1,0,0.00000,26
0.77532,-0.46698,5282.94287,0.06055,11865,1,0.89420,-0.39824,1,0.66072,-0.58753,1,0.77746,-0.49288,1,0.25053,0.36238,14.26107,0.94187,1,0.55430,0.40283,13.67935,0.94187,1,-0.05992,0.02355,0.61808,0.00269,1,0.01257,0.01624,0.63488,0.00254,1,0,0.00000,26
0.77514,-0.47002,5282.94287,0.06689,11865,1,0.88657,-0.41248,1,0.66000,-0.58842,1,0.77329,-0.50045,1,0.25053,0.36238,14.26107,0.94187,1,0.55432,0.40286,13.67206,0.94187,1,-0.05992,0.02355,0.61808,0.00269,1,0.01257,0.01624,0.63488,0.00252,1,0,0.00000,26
0.77550,-0.47220,5282.94287,0.07324,11865,1,0.89670,-0.40251,1,0.66222,-0.58986,1,0.77946,-0.49619,1,0.25056,0.36236,14.21913,0.94187,1,0.55442,0.40287,13.64593,0.94187,1,-0.05992,0.02355,0.61808,0.00267,1,0.01257,0.01624,0.63488,0.00255,1,0,0.00000,26
0.77580,-0.47405,5282.94287,0.08057,11865,1,0.89670,-0.40251,1,0.66222,-0.58986,1,0.77946,-0.49619,1,0.25055,0.36239,14.30762,0.94187,1,0.55442,0.40287,13.64593,0.94187,1,-0.05992,0.02360,0.61808,0.00267,1,0.01257,0.01624,0.63488,0.00255,1,0,0.00000,26
0.77612,-0.47448,5282.94287,0.08740,11865,1,0.89586,-0.41521,1,0.66458,-0.54490,1,0.78022,-0.48006,1,0.25059,0.36230,14.00141,0.94187,1,0.55434,0.40277,13.96656,0.94187,1,-0.05992,0.02360,0.61808,0.00268,1,0.01257,0.01624,0.63488,0.00250,1,0,0.00000,26
0.77639,-0.47501,5282.94287,0.09375,11865,1,0.90082,-0.42147,1,0.65965,-0.54351,1,0.78024,-0.48249,1,0.25062,0.36230,14.05451,0.94187,1,0.55448,0.40271,14.04344,0.94187,1,-0.05992,0.02360,0.61808,0.00266,1,0.01257,0.01624,0.63488,0.00253,1,0,0.00000,26
0.77663,-0.47548,5282.94287,0.10059,11865,1,0.90082,-0.42147,1,0.65965,-0.54351,1,0.78024,-0.48249,1,0.25064,0.36229,14.10985,0.94187,1,0.55448,0.40271,14.04344,0.94187,1,-0.05992,0.02360,0.61808,0.00266,1,0.01257,0.01624,0.63488,0.00253,1,0,0.00000,26
0.77731,-0.47527,5282.94287,0.10742,11865,1,0.89830,-0.43356,1,0.67799,-0.51031,1,0.78815,-0.47193,1,0.25068,0.36212,14.40538,0.94187,1,0.55454,0.40268,13.87230,0.94187,1,-0.05992,0.02360,0.61808,0.00267,1,0.01257,0.01624,0.63488,0.00252,1,0,0.00000,26
0.77807,-0.47523,5282.94287,0.11377,11865,1,0.90415,-0.43888,1,0.67799,-0.51031,1,0.79107,-0.47460,1,0.25071,0.36210,14.54257,0.94187,1,0.55454,0.40269,14.02131,0.94187,1,-0.05992,0.02360,0.61808,0.00267,1,0.01257,0.01624,0.63488,0.00252,1,0,0.00000,26
0.77876,-0.47520,5282.94287,0.12061,11865,1,0.90415,-0.43888,1,0.67799,-0.51031,1,0.79107,-0.47460,1,0.25072,0.36208,14.59430,0.94187,1,0.55454,0.40269,14.02131,0.94187,1,-0.05992,0.02364,0.61808,0.00267,1,0.01257,0.01624,0.63488,0.00252,1,0,0.00000,26
0.77936,-0.47544,5282.94287,0.12793,11865,1,0.90214,-0.44581,1,0.67937,-0.51407,1,0.79076,-0.47994,1,0.25072,0.36210,14.53434,0.94187,1,0.55450,0.40257,13.91398,0.94187,1,-0.05992,0.02364,0.61808,0.00267,1,0.01257,0.01624,0.63488,0.00249,1,0,0.00000,26
0.77987,-0.47515,5282.94287,0.13428,11865,1,0.90507,-0.43534,1,0.67509,-0.50365,1,0.79008,-0.46949,1,0.25074,0.36217,14.39047,0.94187,1,0.55461,0.40252,13.79369,0.94187,1,-0.05992,0.02364,0.61808,0.00268,1,0.01257,0.01624,0.63488,0.00248,1,0,0.00000,26
0.78030,-0.47465,5282.94287,0.14111,11865,1,0.90507,-0.43534,1,0.67364,-0.49301,1,0.78936,-0.46417,1,0.25074,0.36204,14.45778,0.94187,1,0.55460,0.40253,13.86753,0.93543,1,-0.05992,0.02364,0.61808,0.00267,1,0.01242,0.01599,0.62510,0.00249,1,0,0.00000,26
0.77959,-0.47420,5282.94287,0.14795,11865,1,0.87491,-0.43675,1,0.65304,-0.49170,1,0.76398,-0.46422,1,0.25078,0.36205,14.39921,0.93543,1,0.55457,0.40238,13.69592,0.92900,1,-0.05992,0.02364,0.61808,0.00271,1,0.01242,0.01599,0.62510,0.00252,1,0,0.00000,26
0.77922,-0.47454,5282.94287,0.15381,11865,1,0.89175,-0.42467,1,0.64948,-0.54023,1,0.77062,-0.48245,1,0.25096,0.36203,14.26896,0.92900,1,0.55477,0.40255,13.77309,0.92257,1,-0.05992,0.02364,0.61808,0.00275,1,0.01242,0.01599,0.62510,0.00253,1,0,0.00000,26
0.77882,-0.47442,5282.94287,0.16113,11865,1,0.89044,-0.41373,1,0.64817,-0.52909,1,0.76930,-0.47141,1,0.25105,0.36200,14.25355,0.92257,1,0.55490,0.40251,13.88627,0.91614,1,-0.05996,0.02373,0.62045,0.00269,1,0.01256,0.01604,0.62736,0.00248,1,0,0.00000,26
0.78110,-0.47230,5282.94287,0.16797,11865,1,0.95472,-0.36497,1,0.72129,-0.47374,1,0.83800,-0.41935,1,0.25203,0.36227,14.40610,0.91614,1,0.55581,0.40274,13.76446,0.91614,1,-0.05996,0.02373,0.62045,0.00271,1,0.01256,0.01604,0.62736,0.00251,1,0,0.00000,26
0.78263,-0.47103,5282.94287,0.17529,11865,1,0.95352,-0.37380,1,0.69133,-0.50236,1,0.82243,-0.43808,1,0.25245,0.36234,14.33850,0.91614,1,0.55611,0.40274,13.97770,0.91614,1,-0.05996,0.02373,0.62045,0.00274,1,0.01256,0.01604,0.62736,0.00246,1,0,0.00000,26
0.78411,-0.47024,5282.94287,0.18115,11865,1,0.95521,-0.38444,1,0.69288,-0.51302,1,0.82405,-0.44873,1,0.25247,0.36231,14.45601,0.92242,1,0.55620,0.40272,13.93821,0.92242,1,-0.06171,0.02439,0.63902,0.00273,1,0.01266,0.01605,0.62762,0.00249,1,0,0.00000,26
0.78512,-0.46968,5282.94287,0.18799,11865,1,0.93351,-0.39099,1,0.69350,-0.51707,1,0.81350,-0.45403,1,0.25238,0.36245,14.56984,0.92871,1,0.55607,0.40259,13.99861,0.92871,1,-0.06171,0.02439,0.63902,0.00274,1,0.01266,0.01605,0.62762,0.00249,1,0,0.00000,26
0.78623,-0.47003,5282.94287,0.19434,11865,1,0.93467,-0.39573,1,0.70245,-0.56505,1,0.81856,-0.48039,1,0.25241,0.36249,14.44127,0.93500,1,0.55608,0.40262,14.20544,0.93500,1,-0.06171,0.02439,0.63902,0.00276,1,0.01266,0.01605,0.62762,0.00247,1,0,0.00000,26
0.78733,-0.47071,5282.94287,0.20166,11865,1,0.93620,-0.40626,1,0.70403,-0.57590,1,0.82012,-0.49108,1,0.25236,0.36250,14.31741,0.94128,1,0.55605,0.40262,14.12652,0.94128,1,-0.06185,0.02440,0.64049,0.00278,1,0.01266,0.01605,0.62762,0.00249,1,0,0.00000,26
0.78819,-0.47112,5282.94287,0.20801,11865,1,0.93392,-0.40113,1,0.69598,-0.56601,1,0.81495,-0.48357,1,0.25234,0.36253,14.40355,0.94128,1,0.55602,0.40269,14.04574,0.94128,1,-0.06185,0.02440,0.64049,0.00277,1,0.01266,0.01605,0.62762,0.00252,1,0,0.00000,26
0.78907,-0.47172,5282.94287,0.21484,11865,1,0.93392,-0.40113,1,0.70068,-0.58117,1,0.81730,-0.49115,1,0.25233,0.36252,14.40516,0.94128,1,0.55619,0.40269,14.13904,0.94128,1,-0.06185,0.02440,0.64049,0.00278,1,0.01266,0.01605,0.62762,0.00249,1,0,0.00000,26
0.78990,-0.47229,5282.94287,0.22119,11865,1,0.93392,-0.40113,1,0.70068,-0.58117,1,0.81730,-0.49115,1,0.25235,0.36252,14.41527,0.94128,1,0.55619,0.40269,14.13904,0.94128,1,-0.06185,0.02440,0.64049,0.00278,1,0.01269,0.01604,0.62907,0.00249,1,0,0.00000,26
0.79063,-0.47285,5282.94287,0.22803,11865,1,0.93062,-0.40053,1,0.69987,-0.58274,1,0.81525,-0.49164,1,0.25227,0.36250,14.42203,0.94128,1,0.55623,0.40285,14.28356,0.94128,1,-0.06185,0.02440,0.64049,0.00277,1,0.01269,0.01604,0.62907,0.00253,1,0,0.00000,26
0.79129,-0.47336,5282.94287,0.23486,11865,1,0.93253,-0.40744,1,0.69612,-0.57495,1,0.81433,-0.49120,1,0.25231,0.36247,14.38421,0.94128,1,0.55617,0.40284,14.20361,0.94128,1,-0.06185,0.02440,0.64049,0.00276,1,0.01269,0.01604,0.62907,0.00252,1,0,0.00000,26
0.81918,-0.47263,5282.94287,0.23486,11865,0,0.93253,-0.40744,1,0.69612,-0.57495,1,0.81433,-0.49120,1,0.25235,0.36252,14.41488,0.94128,1,0.55621,0.40283,14.22680,0.94128,1,-0.06185,0.02440,0.64049,0.00278,1,0.01269,0.01604,0.62907,0.00251,1,0,0.00000,26
0.81649,-0.47962,5282.94287,0.23486,11865,0,0.93040,-0.39512,1,0.69720,-0.57811,1,0.81380,-0.48661,1,0.25231,0.36252,14.44989,0.94128,1,0.55615,0.40282,14.11242,0.94128,1,-0.06185,0.02440,0.64049,0.00279,1,0.01269,0.01604,0.62907,0.00253,1,0,0.00000,26
0.81623,-0.48380,5282.94287,0.23486,11865,0,0.93208,-0.40608,1,0.69935,-0.57823,1,0.81572,-0.49216,1,0.25235,0.36252,14.41488,0.94128,1,0.55623,0.40286,14.13668,0.94128,1,-0.06185,0.02440,0.64049,0.00278,1,0.01269,0.01604,0.62907,0.00252,1,0,0.00000,26
0.81610,-0.48589,5283.18408,0.02002,11866,1,0.93208,-0.40608,1,0.69935,-0.57823,1,0.81572,-0.49216,1,0.25235,0.36252,14.41488,0.94128,1,0.55617,0.40277,13.87864,0.94128,1,-0.06185,0.02440,0.64049,0.00278,1,0.01269,0.01604,0.62907,0.00250,1,0,0.00000,26
0.81678,-0.49002,5283.18408,0.02686,11866,1,0.92770,-0.40313,1,0.71123,-0.60997,1,0.81946,-0.50655,1,0.25234,0.36253,14.40355,0.94128,1,0.55622,0.40282,14.09963,0.94128,1,-0.06185,0.02440,0.64049,0.00277,1,0.01269,0.01604,0.62907,0.00255,1,0,0.00000,26
0.81728,-0.49310,5283.18408,0.03320,11866,1,0.93195,-0.40683,1,0.70760,-0.61011,1,0.81977,-0.50847,1,0.25230,0.36245,14.40427,0.94128,1,0.55625,0.40285,14.16489,0.94128,1,-0.06185,0.02440,0.64049,0.00275,1,0.01269,0.01604,0.62907,0.00253,1,0,0.00000,26
0.81763,-0.49529,5283.18408,0.04004,11866,1,0.93195,-0.40683,1,0.70760,-0.61011,1,0.81977,-0.50847,1,0.25233,0.36248,14.41967,0.94128,1,0.55628,0.40282,14.18498,0.94128,1,-0.06185,0.02440,0.64049,0.00276,1,0.01269,0.01604,0.62907,0.00253,1,0,0.00000,26
0.81888,-0.49759,5283.18408,0.04688,11866,1,0.93754,-0.41738,1,0.71767,-0.61002,1,0.82760,-0.51370,1,0.25234,0.36238,14.51159,0.94128,1,0.55633,0.40276,14.13544,0.94128,1,-0.06185,0.02440,0.64049,0.00275,1,0.01269,0.01604,0.62907,0.00254,1,0,0.00000,26
0.82009,-0.49927,5283.18408,0.05371,11866,1,0.93754,-0.41738,1,0.72203,-0.60798,1,0.82978,-0.51268,1,0.25236,0.36241,14.53626,0.94128,1,0.55633,0.40276,14.13544,0.94128,1,-0.06185,0.02440,0.64049,0.00276,1,0.01269,0.01604,0.62907,0.00254,1,0,0.00000,26
0.82106,-0.50061,5283.18408,0.06055,11866,1,0.93754,-0.41738,1,0.72203,-0.60798,1,0.82978,-0.51268,1,0.25236,0.36230,14.91603,0.94128,1,0.55632,0.40274,14.18810,0.94128,1,-0.06171,0.02439,0.63902,0.00273,1,0.01253,0.01567,0.61645,0.00254,1,0,0.00000,26
0.82215,-0.50271,5283.18408,0.06641,11866,1,0.94478,-0.42752,1,0.72145,-0.61999,1,0.83311,-0.52376,1,0.25252,0.36221,14.58674,0.94128,1,0.55638,0.40257,14.04868,0.94128,1,-0.06171,0.02439,0.63902,0.00278,1,0.01253,0.01567,0.61645,0.00254,1,0,0.00000,26
0.82363,-0.50528,5283.18408,0.07422,11866,1,0.95904,-0.44552,1,0.72075,-0.62145,1,0.83989,-0.53348,1,0.25252,0.36221,14.58674,0.94128,1,0.55638,0.40257,14.04868,0.94128,1,-0.06171,0.02439,0.63902,0.00278,1,0.01253,0.01567,0.61645,0.00254,1,0,0.00000,26
0.82476,-0.50660,5283.18408,0.08057,11866,1,0.95737,-0.43465,1,0.71908,-0.61033,1,0.83823,-0.52249,1,0.25256,0.36215,14.73605,0.93500,1,0.55637,0.40254,14.06932,0.93500,1,-0.06026,0.02384,0.62444,0.00279,1,0.01253,0.01567,0.61645,0.00255,1,0,0.00000,26
0.82550,-0.50672,5283.18408,0.08740,11866,1,0.94810,-0.43031,1,0.72239,-0.58627,1,0.83524,-0.50829,1,0.25255,0.36202,14.85797,0.92871,1,0.55663,0.40257,14.21133,0.92871,1,-0.06026,0.02384,0.62444,0.00272,1,0.01253,0.01567,0.61645,0.00261,1,0,0.00000,26
0.82657,-0.50632,5283.18408,0.09424,11866,1,0.96074,-0.41750,1,0.72228,-0.58384,1,0.84151,-0.50067,1,0.25255,0.36202,14.85797,0.92242,1,0.55659,0.40261,14.06790,0.92242,1,-0.06026,0.02384,0.62444,0.00272,1,0.01253,0.01567,0.61645,0.00263,1,0,0.00000,26
0.82756,-0.50632,5283.18408,0.10059,11866,1,0.96074,-0.41750,1,0.72403,-0.59519,1,0.84239,-0.50634,1,0.25255,0.36202,14.85797,0.92242,1,0.55669,0.40257,14.17443,0.92886,1,-0.06140,0.02431,0.63679,0.00272,1,0.01283,0.01604,0.62909,0.00259,1,0,0.00000,26
0.82905,-0.50626,5283.18408,0.10742,11866,1,0.96843,-0.41762,1,0.73732,-0.59299,1,0.85288,-0.50531,1,0.25342,0.36228,14.43403,0.93514,1,0.55721,0.40271,13.70742,0.94157,1,-0.06140,0.02431,0.63679,0.00274,1,0.01283,0.01604,0.62909,0.00262,1,0,0.00000,26
0.83539,-0.50491,5283.18408,0.11377,11866,1,1.05450,-0.40585,1,0.83195,-0.55791,1,0.94322,-0.48188,1,0.25465,0.36255,14.44252,0.94786,1,0.55820,0.40283,13.66362,0.95429,1,-0.06140,0.02431,0.63679,0.00271,1,0.01283,0.01604,0.62909,0.00251,1,0,0.00000,26
0.84119,-0.50427,5283.18408,0.12109,11866,1,1.05678,-0.41685,1,0.83429,-0.56857,1,0.94554,-0.49271,1,0.25516,0.36263,14.26769,0.95429,1,0.55866,0.40282,14.29295,0.96073,1,-0.05937,0.02359,0.61910,0.00275,1,0.01331,0.01641,0.64337,0.00250,1,0,0.00000,26
0.84667,-0.50626,5283.18408,0.12744,11866,1,1.08061,-0.45678,1,0.82114,-0.63171,1,0.95088,-0.54425,1,0.25576,0.36277,14.66373,0.95444,1,0.55916,0.40293,13.63031,0.95444,1,-0.05937,0.02359,0.61910,0.00273,1,0.01331,0.01641,0.64337,0.00256,1,0,0.00000,26
0.85031,-0.50887,5283.18408,0.13379,11866,1,1.05371,-0.48761,1,0.79254,-0.63425,1,0.92313,-0.56093,1,0.25563,0.36277,14.44674,0.94815,1,0.55900,0.40292,13.72642,0.94815,1,-0.05937,0.02359,0.61910,0.00280,1,0.01331,0.01641,0.64337,0.00252,1,0,0.00000,26
0.88058,-0.51916,5283.18408,0.13379,11866,0,1.05150,-0.47628,1,0.79048,-0.62322,1,0.92099,-0.54975,1,0.25528,0.36287,14.55448,0.94187,1,0.55888,0.40304,14.00201,0.94187,1,-0.05937,0.02359,0.61910,0.00275,1,0.01331,0.01641,0.64337,0.00255,1,0,0.00000,26
0.89825,-0.52183,5283.18408,0.13379,11866,0,1.04277,-0.42165,1,0.78907,-0.62737,1,0.91592,-0.52451,1,0.25537,0.36262,14.56227,0.94187,1,0.55882,0.40295,14.15612,0.94187,1,-0.05937,0.02359,0.61910,0.00273,1,0.01331,0.01641,0.64337,0.00253,1,0,0.00000,26
0.90657,-0.52404,5283.18408,0.13379,11866,0,1.05189,-0.42140,1,0.79451,-0.63550,1,0.92320,-0.52845,1,0.25538,0.36262,14.56791,0.94187,1,0.55886,0.40268,13.70861,0.94187,1,-0.05937,0.02359,0.61910,0.00273,1,0.01331,0.01641,0.64337,0.00258,1,0,0.00000,26
0.91072,-0.52514,5283.32471,0.02051,11867,1,1.05189,-0.42140,1,0.79451,-0.63550,1,0.92320,-0.52845,1,0.25547,0.36254,14.59004,0.94187,1,0.55886,0.40268,13.70861,0.94187,1,-0.05937,0.02359,0.61910,0.00272,1,0.01331,0.01641,0.64337,0.00258,1,0,0.00000,26
0.91277,-0.52894,5283.32471,0.02686,11867,1,1.04447,-0.44713,1,0.79741,-0.64112,1,0.92094,-0.54412,1,0.25541,0.36256,14.59509,0.94187,1,0.55895,0.40277,13.76875,0.94187,1,-0.05937,0.02359,0.61910,0.00276,1,0.01331,0.01641,0.64337,0.00252,1,0,0.00000,26
0.91370,-0.52688,5283.32471,0.03369,11867,1,1.04097,-0.39423,1,0.79577,-0.63899,1,0.91837,-0.51661,1,0.25532,0.36257,14.52560,0.94187,1,0.55886,0.40268,13.70861,0.94187,1,-0.05937,0.02359,0.61910,0.00274,1,0.01331,0.01641,0.64337,0.00258,1,0,0.00000,26
0.91467,-0.52697,5283.32471,0.04053,11867,1,1.04313,-0.40493,1,0.79786,-0.65011,1,0.92050,-0.52752,1,0.25529,0.36256,14.47366,0.94815,1,0.55886,0.40268,13.70861,0.94815,1,-0.06211,0.02466,0.64718,0.00276,1,0.01331,0.01641,0.64337,0.00258,1,0,0.00000,26
0.91809,-0.52308,5283.32471,0.04736,11867,1,1.04567,-0.40225,1,0.83843,-0.58942,1,0.94205,-0.49583,1,0.25520,0.36243,14.58244,0.95444,1,0.55885,0.40266,13.70203,0.95444,1,-0.06211,0.02466,0.64718,0.00277,1,0.01331,0.01641,0.64337,0.00257,1,0,0.00000,26
0.91997,-0.52292,5283.32471,0.05371,11867,1,1.03954,-0.42308,1,0.83046,-0.62012,1,0.93500,-0.52160,1,0.25522,0.36242,14.46804,0.96073,1,0.55877,0.40263,13.80720,0.96073,1,-0.06211,0.02466,0.64718,0.00279,1,0.01331,0.01641,0.64337,0.00252,1,0,0.00000,26
0.92169,-0.52386,5283.32471,0.06055,11867,1,1.04165,-0.43377,1,0.83271,-0.63087,1,0.93718,-0.53232,1,0.25522,0.36242,14.46804,0.96701,1,0.55880,0.40262,13.80852,0.96701,1,-0.06211,0.02466,0.64718,0.00279,1,0.01331,0.01641,0.64337,0.00252,1,0,0.00000,26
0.92264,-0.52492,5283.32471,0.06738,11867,1,1.04387,-0.43543,1,0.82027,-0.63564,1,0.93207,-0.53554,1,0.25508,0.36240,14.61651,0.96701,1,0.55880,0.40263,13.80808,0.96701,1,-0.06211,0.02466,0.64718,0.00277,1,0.01331,0.01641,0.64337,0.00253,1,0,0.00000,26
0.92498,-0.52468,5283.32471,0.07373,11867,1,1.07369,-0.42090,1,0.82792,-0.62321,1,0.95080,-0.52206,1,0.25509,0.36242,14.64991,0.96701,1,0.55867,0.40265,13.83140,0.96701,1,-0.06211,0.02466,0.64718,0.00274,1,0.01331,0.01641,0.64337,0.00255,1,0,0.00000,26
0.92680,-0.52366,5283.32471,0.08057,11867,1,1.07139,-0.41023,1,0.82569,-0.61251,1,0.94854,-0.51137,1,0.25499,0.36259,14.50497,0.96073,1,0.55862,0.40282,14.28675,0.96073,1,-0.05930,0.02353,0.61746,0.00278,1,0.01331,0.01641,0.64337,0.00253,1,0,0.00000,26
0.92833,-0.52706,5283.32471,0.08740,11867,1,1.08054,-0.53047,1,0.81596,-0.61215,1,0.94825,-0.57131,1,0.25480,0.36264,14.71600,0.95444,1,0.55861,0.40287,14.20827,0.95444,1,-0.05930,0.02353,0.61746,0.00278,1,0.01331,0.01641,0.64337,0.00252,1,0,0.00000,26
0.92920,-0.52888,5283.32471,0.09375,11867,1,1.07512,-0.52209,1,0.80779,-0.58664,1,0.94145,-0.55437,1,0.25484,0.36266,14.62392,0.94815,1,0.55858,0.40287,14.14433,0.94815,1,-0.05930,0.02353,0.61746,0.00281,1,0.01331,0.01641,0.64337,0.00254,1,0,0.00000,26
0.92976,-0.52943,5283.32471,0.10059,11867,1,1.07278,-0.51046,1,0.80341,-0.56497,1,0.93810,-0.53772,1,0.25494,0.36266,14.44836,0.94187,1,0.55866,0.40283,14.29246,0.93543,1,-0.05930,0.02353,0.61746,0.00280,1,0.01267,0.01567,0.61466,0.00251,1,0,0.00000,26
0.92971,-0.52769,5283.32471,0.10742,11867,1,1.06093,-0.46600,1,0.79691,-0.53358,1,0.92892,-0.49979,1,0.25489,0.36271,14.55313,0.93543,1,0.55861,0.40282,14.24126,0.92900,1,-0.05930,0.02353,0.61746,0.00279,1,0.01267,0.01567,0.61466,0.00253,1,0,0.00000,26
0.92941,-0.52577,5283.32471,0.11523,11867,1,1.05833,-0.46421,1,0.79013,-0.52208,1,0.92423,-0.49314,1,0.25488,0.36269,14.50336,0.92900,1,0.55866,0.40283,14.29246,0.92257,1,-0.05930,0.02353,0.61746,0.00280,1,0.01267,0.01567,0.61466,0.00251,1,0,0.00000,26
0.92896,-0.52320,5283.32471,0.12109,11867,1,1.05599,-0.45255,1,0.78598,-0.50145,1,0.92099,-0.47700,1,0.25487,0.36272,14.58226,0.92257,1,0.55857,0.40281,14.17025,0.91035,1,-0.06061,0.02395,0.63105,0.00279,1,0.01240,0.01534,0.60352,0.00253,1,0,0.00000,26
0.92887,-0.52061,5283.32471,0.12793,11867,1,1.04430,-0.41372,1,0.81005,-0.52884,1,0.92718,-0.47128,1,0.25482,0.36281,14.61955,0.91035,1,0.55852,0.40279,14.19749,0.90456,1,-0.06061,0.02395,0.63105,0.00278,1,0.01240,0.01534,0.60352,0.00250,1,0,0.00000,26
0.92878,-0.51788,5283.32471,0.13428,11867,1,1.04336,-0.40430,1,0.81056,-0.52248,1,0.92696,-0.46339,1,0.25460,0.36285,14.62363,0.90456,1,0.55853,0.40297,13.75503,0.89877,1,-0.06061,0.02395,0.63105,0.00278,1,0.01240,0.01534,0.60352,0.00253,1,0,0.00000,26
0.92860,-0.51494,5283.32471,0.14111,11867,1,1.04127,-0.39398,1,0.80843,-0.51247,1,0.92485,-0.45323,1,0.25457,0.36289,14.46652,0.89877,1,0.55853,0.40294,13.68215,0.89298,1,-0.05938,0.02338,0.61725,0.00280,1,0.01240,0.01530,0.60352,0.00253,1,0,0.00000,26
0.92798,-0.51182,5283.32471,0.14746,11867,1,1.02465,-0.37757,1,0.80382,-0.50852,1,0.91424,-0.44304,1,0.25454,0.36296,14.53359,0.89298,1,0.55850,0.40301,13.85678,0.89298,1,-0.05938,0.02338,0.61725,0.00280,1,0.01240,0.01530,0.60352,0.00253,1,0,0.00000,26
0.92730,-0.50863,5283.32471,0.15430,11867,1,1.02615,-0.36591,1,0.79711,-0.50460,1,0.91163,-0.43526,1,0.25452,0.36300,14.54617,0.89298,1,0.55827,0.40301,13.95881,0.89298,1,-0.05938,0.02338,0.61725,0.00274,1,0.01240,0.01530,0.60352,0.00257,1,0,0.00000,26
0.92671,-0.50589,5283.32471,0.16113,11867,1,1.02615,-0.36591,1,0.79917,-0.51457,1,0.91266,-0.44024,1,0.25437,0.36295,14.55793,0.89298,1,0.55826,0.40310,14.02579,0.89877,1,-0.06003,0.02360,0.62306,0.00274,1,0.01253,0.01563,0.61645,0.00255,1,0,0.00000,26
0.91825,-0.47051,5283.32471,0.16113,11867,0,0.95514,-0.28689,1,0.74041,-0.46841,1,0.84778,-0.37765,1,0.25255,0.36374,14.57737,0.89877,1,0.55657,0.40359,14.00115,0.90456,1,-0.06003,0.02360,0.62306,0.00280,1,0.01253,0.01563,0.61645,0.00262,1,0,0.00000,26
0.84079,-0.42289,5283.32471,0.16113,11867,0,0.86685,-0.30113,1,0.65982,-0.44942,1,0.76333,-0.37528,1,0.25070,0.36436,14.64557,0.90456,1,0.55451,0.40426,13.94838,0.91035,1,-0.06003,0.02360,0.62306,0.00282,1,0.01253,0.01563,0.61645,0.00256,1,0,0.00000,26
0.81602,-0.41534,5283.32471,0.16113,11867,0,0.86909,-0.32039,1,0.66386,-0.48006,1,0.76647,-0.40023,1,0.24983,0.36467,14.70265,0.91663,1,0.55362,0.40467,14.58893,0.92885,1,-0.06232,0.02406,0.64032,0.00280,1,0.01235,0.01627,0.64353,0.00261,1,0,0.00000,26
0.71943,-0.35736,5283.32471,0.16113,11867,0,0.72983,-0.25074,1,0.52713,-0.34240,1,0.62848,-0.29657,1,0.24631,0.36735,16.09648,0.93514,1,0.55010,0.40579,14.62343,0.94157,1,-0.06232,0.02406,0.64032,0.00330,1,0.01235,0.01627,0.64353,0.00268,1,0,0.00000,26
0.63803,-0.31898,5283.32471,0.16113,11867,0,0.67678,-0.23357,1,0.43650,-0.32763,1,0.55664,-0.28060,1,0.24520,0.36783,15.97246,0.94786,1,0.54822,0.40664,14.46286,0.95429,1,-0.06232,0.02406,0.64032,0.00327,1,0.01235,0.01627,0.64353,0.00263,1,0,0.00000,26
0.61090,-0.31406,5283.32471,0.16113,11867,0,0.67672,-0.25115,1,0.43652,-0.35729,1,0.55662,-0.30422,1,0.24498,0.36835,15.93019,0.96058,1,0.54759,0.40816,15.05846,0.97420,1,-0.06250,0.02382,0.63636,0.00324,1,0.01176,0.01630,0.65055,0.00316,1,0,0.00000,26
0.52618,-0.27094,5283.32471,0.16113,11867,0,0.57520,-0.16540,1,0.35535,-0.29062,1,0.46528,-0.22801,1,0.24306,0.36907,16.76034,0.97420,1,0.54532,0.40893,15.17097,0.98139,1,-0.06250,0.02382,0.63636,0.00332,1,0.01176,0.01630,0.65055,0.00302,1,0,0.00000,26
0.47819,-0.23977,5283.32471,0.16113,11867,0,0.53709,-0.16405,1,0.32333,-0.25316,1,0.43021,-0.20860,1,0.24245,0.36958,16.90393,0.98139,1,0.54465,0.40854,15.05788,0.98858,1,-0.06250,0.02382,0.63636,0.00333,1,0.01176,0.01630,0.65055,0.00300,1,0,0.00000,26
0.46216,-0.22977,5283.32471,0.16113,11867,0,0.53697,-0.16515,1,0.32324,-0.25440,1,0.43010,-0.20978,1,0.24224,0.36954,15.72197,0.98229,1,0.54384,0.40876,14.69945,0.98948,1,-0.06142,0.02314,0.62201,0.00349,1,0.01163,0.01653,0.66594,0.00316,1,0,0.00000,26
0.42537,-0.21214,5283.32471,0.16113,11867,0,0.55654,-0.17064,1,0.27509,-0.26542,1,0.41581,-0.21803,1,0.24148,0.36920,15.71241,0.98320,1,0.54401,0.40910,15.20740,0.98320,1,-0.06142,0.02314,0.62201,0.00336,1,0.01163,0.01653,0.66594,0.00307,1,0,0.00000,26
0.42427,-0.22367,5283.32471,0.16113,11867,0,0.54750,-0.18762,1,0.29882,-0.28280,1,0.42316,-0.23521,1,0.24142,0.36952,16.08661,0.97691,1,0.54396,0.40899,15.23105,0.97691,1,-0.06142,0.02314,0.62201,0.00343,1,0.01163,0.01653,0.66594,0.00311,1,0,0.00000,26
0.42390,-0.22752,5283.32471,0.16113,11867,0,0.54750,-0.18762,1,0.29882,-0.28280,1,0.42316,-0.23521,1,0.24142,0.36952,16.08661,0.97691,1,0.54393,0.40904,15.21880,0.97691,1,-0.06338,0.02386,0.64131,0.00343,1,0.01163,0.01643,0.65978,0.00310,1,0,0.00000,26
0.42294,-0.23152,5283.55225,0.02051,11868,1,0.53849,-0.20042,1,0.30167,-0.28661,1,0.42008,-0.24351,1,0.24130,0.36937,16.24652,0.98320,1,0.54412,0.40909,15.73725,0.98320,1,-0.06338,0.02386,0.64131,0.00339,1,0.01163,0.01643,0.65978,0.00298,1,0,0.00000,26
0.42273,-0.23742,5283.55225,0.02734,11868,1,0.53801,-0.21129,1,0.30574,-0.31074,1,0.42187,-0.26102,1,0.24111,0.36884,16.15608,0.98948,1,0.54407,0.40898,15.35244,0.98948,1,-0.06338,0.02386,0.64131,0.00318,1,0.01163,0.01643,0.65978,0.00300,1,0,0.00000,26
0.42231,-0.24434,5283.55225,0.03320,11868,1,0.53624,-0.22802,1,0.30417,-0.32990,1,0.42021,-0.27896,1,0.24081,0.36869,15.71335,1.00280,1,0.54435,0.40899,15.79543,1.00280,1,-0.06509,0.02458,0.65816,0.00321,1,0.01163,0.01643,0.65978,0.00311,1,0,0.00000,26
0.42038,-0.24763,5283.55225,0.04004,11868,1,0.51314,-0.25109,1,0.30441,-0.28368,1,0.40878,-0.26738,1,0.24085,0.36880,16.47178,1.00982,1,0.54438,0.40892,15.64534,1.00982,1,-0.06509,0.02458,0.65816,0.00323,1,0.01163,0.01643,0.65978,0.00314,1,0,0.00000,26
0.41908,-0.25037,5283.55225,0.04736,11868,1,0.51105,-0.25622,1,0.30904,-0.28281,1,0.41005,-0.26951,1,0.24077,0.36868,16.18101,1.01685,1,0.54441,0.40901,15.78524,1.01685,1,-0.06509,0.02458,0.65816,0.00325,1,0.01163,0.01643,0.65978,0.00304,1,0,0.00000,26
0.41812,-0.25195,5283.55225,0.05420,11868,1,0.51105,-0.25622,1,0.30984,-0.27295,1,0.41045,-0.26458,1,0.24076,0.36864,16.19738,1.01685,1,0.54441,0.40901,15.78524,1.00966,1,-0.06444,0.02437,0.65108,0.00323,1,0.01146,0.01612,0.64736,0.00304,1,0,0.00000,26
0.41773,-0.25517,5283.55225,0.06055,11868,1,0.53922,-0.24205,1,0.28920,-0.32637,1,0.41421,-0.28421,1,0.24059,0.36859,15.83104,1.00263,1,0.54430,0.40893,15.73046,0.99544,1,-0.06444,0.02437,0.65108,0.00325,1,0.01146,0.01612,0.64736,0.00310,1,0,0.00000,26
0.41734,-0.25266,5283.55225,0.06738,11868,1,0.53123,-0.22349,1,0.29564,-0.23149,1,0.41343,-0.22749,1,0.24065,0.36864,16.01971,0.98842,1,0.54428,0.40895,15.76461,0.98123,1,-0.06444,0.02437,0.65108,0.00317,1,0.01146,0.01612,0.64736,0.00309,1,0,0.00000,26
0.41718,-0.24900,5283.55225,0.07422,11868,1,0.53322,-0.20545,1,0.29747,-0.21201,1,0.41535,-0.20873,1,0.24066,0.36863,16.13822,0.97420,1,0.54437,0.40896,15.58109,0.96701,1,-0.06444,0.02437,0.65108,0.00317,1,0.01146,0.01612,0.64736,0.00310,1,0,0.00000,26
0.41660,-0.24888,5283.55225,0.08105,11868,1,0.52805,-0.21453,1,0.29127,-0.28045,1,0.40966,-0.24749,1,0.24056,0.36867,16.04724,0.96701,1,0.54412,0.40895,15.03013,0.96701,1,-0.06444,0.02437,0.65108,0.00325,1,0.01146,0.01612,0.64736,0.00307,1,0,0.00000,26
0.41632,-0.24681,5283.55225,0.08740,11868,1,0.52467,-0.21027,1,0.30078,-0.22949,1,0.41272,-0.21988,1,0.24061,0.36853,15.84347,0.96701,1,0.54465,0.40899,15.27096,0.96701,1,-0.06444,0.02437,0.65108,0.00321,1,0.01146,0.01612,0.64736,0.00313,1,0,0.00000,26
0.41608,-0.24501,5283.55225,0.09424,11868,1,0.52467,-0.21027,1,0.30078,-0.22949,1,0.41272,-0.21988,1,0.24067,0.36849,15.93368,0.96701,1,0.54450,0.40900,15.57868,0.96701,1,-0.06444,0.02437,0.65108,0.00322,1,0.01137,0.01605,0.64277,0.00312,1,0,0.00000,26
0.41583,-0.24445,5283.55225,0.10107,11868,1,0.52349,-0.22274,1,0.30052,-0.24924,1,0.41201,-0.23599,1,0.24043,0.36845,16.05425,0.96701,1,0.54435,0.40876,14.55073,0.96701,1,-0.06444,0.02437,0.65108,0.00322,1,0.01137,0.01605,0.64277,0.00313,1,0,0.00000,26
0.41492,-0.24409,5283.55225,0.10791,11868,1,0.52924,-0.22974,1,0.27157,-0.24684,1,0.40041,-0.23829,1,0.24037,0.36842,15.99291,0.96701,1,0.54472,0.40887,14.89377,0.96701,1,-0.06444,0.02437,0.65108,0.00322,1,0.01137,0.01605,0.64277,0.00317,1,0,0.00000,26
0.41411,-0.24377,5283.55225,0.11426,11868,1,0.52924,-0.22974,1,0.27157,-0.24684,1,0.40041,-0.23829,1,0.24036,0.36834,16.02863,0.96701,1,0.54472,0.40887,14.89377,0.96701,1,-0.06300,0.02387,0.63654,0.00320,1,0.01146,0.01622,0.64736,0.00317,1,0,0.00000,26
0.41414,-0.24411,5283.55225,0.12109,11868,1,0.55798,-0.23995,1,0.27119,-0.26066,1,0.41458,-0.25031,1,0.24035,0.36842,15.81958,0.96701,1,0.54454,0.40869,15.03179,0.96701,1,-0.06300,0.02387,0.63654,0.00325,1,0.01146,0.01622,0.64736,0.00309,1,0,0.00000,26
0.41398,-0.24472,5283.55225,0.12793,11868,1,0.55063,-0.23915,1,0.27124,-0.27352,1,0.41093,-0.25634,1,0.24038,0.36846,15.84551,0.96701,1,0.54440,0.40864,14.79452,0.96701,1,-0.06300,0.02387,0.63654,0.00325,1,0.01146,0.01622,0.64736,0.00312,1,0,0.00000,26
0.41385,-0.24511,5283.55225,0.13379,11868,1,0.55141,-0.23086,1,0.27111,-0.27482,1,0.41126,-0.25284,1,0.24057,0.36857,16.14249,0.96073,1,0.54469,0.40896,14.97834,0.96792,1,-0.06161,0.02333,0.62206,0.00326,1,0.01165,0.01642,0.65562,0.00323,1,0,0.00000,26
0.41386,-0.24454,5283.55225,0.14111,11868,1,0.55652,-0.18108,1,0.27165,-0.28408,1,0.41409,-0.23258,1,0.24059,0.36848,16.05193,0.96163,1,0.54477,0.40870,15.28261,0.96882,1,-0.06161,0.02333,0.62206,0.00336,1,0.01165,0.01642,0.65562,0.00326,1,0,0.00000,26
0.41380,-0.24500,5283.55225,0.14795,11868,1,0.55233,-0.22868,1,0.27266,-0.28153,1,0.41250,-0.25510,1,0.24061,0.36856,16.10931,0.96253,1,0.54451,0.40859,15.02326,0.96972,1,-0.06161,0.02333,0.62206,0.00327,1,0.01165,0.01642,0.65562,0.00311,1,0,0.00000,26
0.41370,-0.24583,5283.55225,0.15430,11868,1,0.55145,-0.23812,1,0.27157,-0.29191,1,0.41151,-0.26501,1,0.24058,0.36839,16.05677,0.96972,1,0.54459,0.40842,15.10866,0.97691,1,-0.06400,0.02421,0.64564,0.00338,1,0.01165,0.01642,0.65562,0.00317,1,0,0.00000,26
0.41332,-0.24605,5283.55225,0.16113,11868,1,0.54656,-0.19617,1,0.26149,-0.30641,1,0.40402,-0.25129,1,0.24055,0.36848,15.90412,0.98320,1,0.54468,0.40864,15.16652,0.98320,1,-0.06400,0.02421,0.64564,0.00340,1,0.01165,0.01642,0.65562,0.00322,1,0,0.00000,26
0.41323,-0.24696,5283.55225,0.16846,11868,1,0.52394,-0.22355,1,0.29832,-0.31611,1,0.41113,-0.26983,1,0.24061,0.36843,16.06879,0.98948,1,0.54468,0.40868,15.31672,0.98948,1,-0.06400,0.02421,0.64564,0.00341,1,0.01165,0.01642,0.65562,0.00321,1,0,0.00000,26
0.41314,-0.24793,5283.55225,0.17480,11868,1,0.52302,-0.23150,1,0.29843,-0.31480,1,0.41072,-0.27315,1,0.24057,0.36845,15.92365,0.99577,1,0.54480,0.40868,15.32411,0.98858,1,-0.06400,0.02421,0.64564,0.00341,1,0.01146,0.01622,0.64736,0.00321,1,0,0.00000,26
0.41287,-0.24938,5283.55225,0.18164,11868,1,0.52397,-0.23234,1,0.28710,-0.34451,1,0.40554,-0.28843,1,0.24068,0.36843,15.81106,0.98858,1,0.54427,0.40839,14.37712,0.98139,1,-0.06400,0.02421,0.64564,0.00344,1,0.01146,0.01622,0.64736,0.00332,1,0,0.00000,26
0.41253,-0.24916,5283.55225,0.18799,11868,1,0.52228,-0.22850,1,0.28355,-0.25751,1,0.40291,-0.24301,1,0.23997,0.36820,15.99515,0.98139,1,0.54443,0.40795,14.63319,0.97420,1,-0.06400,0.02421,0.64564,0.00330,1,0.01146,0.01622,0.64736,0.00335,1,0,0.00000,26
0.41224,-0.24863,5283.55225,0.19482,11868,1,0.52335,-0.21931,1,0.28456,-0.24738,1,0.40395,-0.23334,1,0.23969,0.36806,16.01027,0.97420,1,0.54435,0.40759,14.14034,0.96701,1,-0.06400,0.02421,0.64564,0.00327,1,0.01120,0.01590,0.63294,0.00338,1,0,0.00000,26
0.41214,-0.24828,5283.55225,0.20117,11868,1,0.52573,-0.21030,1,0.29250,-0.26521,1,0.40911,-0.23776,1,0.23968,0.36808,16.03428,0.96701,1,0.54430,0.40750,14.03825,0.96701,1,-0.06400,0.02421,0.64564,0.00327,1,0.01120,0.01590,0.63294,0.00341,1,0,0.00000,26
0.41181,-0.24792,5283.55225,0.20801,11868,1,0.51978,-0.22177,1,0.28363,-0.25156,1,0.40171,-0.23666,1,0.23970,0.36811,16.03184,0.96701,1,0.54430,0.40760,14.07666,0.96701,1,-0.06400,0.02421,0.64564,0.00328,1,0.01120,0.01590,0.63294,0.00337,1,0,0.00000,26
0.41151,-0.24758,5283.55225,0.21484,11868,1,0.51978,-0.22177,1,0.28363,-0.25156,1,0.40171,-0.23666,1,0.23968,0.36797,15.98428,0.96701,1,0.54414,0.40814,14.89710,0.96701,1,-0.06292,0.02377,0.63384,0.00333,1,0.01120,0.01590,0.63294,0.00316,1,0,0.00000,26
0.41124,-0.24744,5283.55225,0.22119,11868,1,0.51615,-0.22054,1,0.28845,-0.26515,1,0.40230,-0.24285,1,0.23966,0.36777,16.02167,0.96701,1,0.54401,0.40804,15.07424,0.96701,1,-0.06292,0.02377,0.63384,0.00329,1,0.01120,0.01590,0.63294,0.00310,1,0,0.00000,26
0.41091,-0.24661,5283.55225,0.22803,11868,1,0.51221,-0.17390,1,0.28736,-0.26313,1,0.39978,-0.21852,1,0.24005,0.36799,16.47640,0.96701,1,0.54408,0.40778,14.82762,0.96701,1,-0.06292,0.02377,0.63384,0.00335,1,0.01120,0.01590,0.63294,0.00327,1,0,0.00000,26
0.41060,-0.24583,5283.55225,0.23535,11868,1,0.51221,-0.17390,1,0.28736,-0.26313,1,0.39978,-0.21852,1,0.24005,0.36799,16.47640,0.96701,1,0.54404,0.40779,14.75727,0.96701,1,-0.06292,0.02377,0.63384,0.00335,1,0.01120,0.01590,0.63294,0.00330,1,0,0.00000,26
0.41066,-0.24500,5283.55225,0.24121,11868,1,0.53798,-0.17454,1,0.28803,-0.25558,1,0.41300,-0.21506,1,0.24006,0.36802,16.48575,0.96701,1,0.54405,0.40784,14.79437,0.96701,1,-0.06292,0.02377,0.63384,0.00335,1,0.01120,0.01590,0.63294,0.00330,1,0,0.00000,26
0.41075,-0.24438,5283.55225,0.24805,11868,1,0.54086,-0.17598,1,0.28672,-0.26706,1,0.41379,-0.22152,1,0.24012,0.36798,16.46218,0.96701,1,0.54403,0.40785,14.97119,0.96701,1,-0.06292,0.02377,0.63384,0.00337,1,0.01120,0.01590,0.63294,0.00327,1,0,0.00000,26
0.41082,-0.24380,5283.55225,0.25488,11868,1,0.54086,-0.17598,1,0.28672,-0.26706,1,0.41379,-0.22152,1,0.23998,0.36809,16.71645,0.96701,1,0.54390,0.40813,14.77379,0.96701,1,-0.06292,0.02377,0.63384,0.00334,1,0.01120,0.01590,0.63294,0.00324,1,0,0.00000,26
0.41079,-0.24334,5283.55225,0.26172,11868,1,0.54191,-0.18140,1,0.27728,-0.26982,1,0.40959,-0.22561,1,0.23988,0.36798,16.71586,0.96701,1,0.54400,0.40796,14.96405,0.96701,1,-0.06292,0.02377,0.63384,0.00328,1,0.01120,0.01590,0.63294,0.00328,1,0,0.00000,26
0.41081,-0.24348,5283.55225,0.26807,11868,1,0.53764,-0.18000,1,0.28524,-0.31828,1,0.41144,-0.24914,1,0.23988,0.36798,16.71586,0.96701,1,0.54390,0.40808,14.51262,0.96701,1,-0.06292,0.02377,0.63384,0.00328,1,0.01120,0.01590,0.63294,0.00324,1,0,0.00000,26
0.41082,-0.24362,5283.55225,0.27490,11868,1,0.53764,-0.18000,1,0.28524,-0.31828,1,0.41144,-0.24914,1,0.23988,0.36798,16.71586,0.96701,1,0.54402,0.40785,14.79173,0.96701,1,-0.06292,0.02377,0.63384,0.00328,1,0.01146,0.01622,0.64736,0.00330,1,0,0.00000,26
0.41115,-0.24381,5283.55225,0.28174,11868,1,0.56080,-0.17639,1,0.28865,-0.32773,1,0.42472,-0.25206,1,0.24001,0.36801,16.61023,0.96701,1,0.54381,0.40815,14.53164,0.96701,1,-0.06292,0.02377,0.63384,0.00333,1,0.01146,0.01622,0.64736,0.00334,1,0,0.00000,26
0.41139,-0.24400,5283.55225,0.28857,11868,1,0.56360,-0.17836,1,0.28004,-0.32606,1,0.42182,-0.25221,1,0.23982,0.36788,16.24899,0.96701,1,0.54380,0.40812,14.52494,0.96701,1,-0.06292,0.02377,0.63384,0.00332,1,0.01146,0.01622,0.64736,0.00336,1,0,0.00000,26
0.41164,-0.24399,5283.55225,0.29492,11868,1,0.56431,-0.17043,1,0.28094,-0.31668,1,0.42263,-0.24355,1,0.23989,0.36792,16.24628,0.96073,1,0.54381,0.40819,15.04923,0.96073,1,-0.06188,0.02336,0.62288,0.00332,1,0.01146,0.01622,0.64736,0.00326,1,0,0.00000,26
0.41216,-0.24432,5283.55225,0.30176,11868,1,0.56205,-0.20462,1,0.30953,-0.31367,1,0.43579,-0.25915,1,0.23989,0.36792,16.24628,0.95444,1,0.54390,0.40798,14.70478,0.95444,1,-0.06188,0.02336,0.62288,0.00332,1,0.01146,0.01622,0.64736,0.00325,1,0,0.00000,26
0.41253,-0.24426,5283.55225,0.30859,11868,1,0.55493,-0.19342,1,0.30391,-0.28872,1,0.42942,-0.24107,1,0.23994,0.36798,16.20324,0.94815,1,0.54379,0.40687,14.61833,0.94815,1,-0.06188,0.02336,0.62288,0.00340,1,0.01146,0.01622,0.64736,0.00262,1,0,0.00000,26
0.41287,-0.24430,5283.55225,0.31543,11868,1,0.55493,-0.19342,1,0.30302,-0.29936,1,0.42897,-0.24639,1,0.23975,0.36780,15.96781,0.94815,1,0.54368,0.40699,14.64843,0.95534,1,-0.06398,0.02413,0.64348,0.00329,1,0.01162,0.01652,0.65959,0.00260,1,0,0.00000,26
0.41274,-0.24496,5283.55225,0.32227,11868,1,0.54787,-0.21074,1,0.28975,-0.27676,1,0.41881,-0.24375,1,0.23962,0.36759,16.02481,0.96163,1,0.54367,0.40703,14.56018,0.96882,1,-0.06398,0.02413,0.64348,0.00331,1,0.01162,0.01652,0.65959,0.00260,1,0,0.00000,26
0.41228,-0.24665,5283.55225,0.33008,11868,1,0.51115,-0.28003,1,0.29168,-0.35277,1,0.40141,-0.31640,1,0.23909,0.36794,16.20787,0.97511,1,0.54363,0.40759,14.85045,0.98229,1,-0.06398,0.02413,0.64348,0.00339,1,0.01162,0.01652,0.65959,0.00297,1,0,0.00000,26
0.41180,-0.24863,5283.55225,0.33545,11868,1,0.50901,-0.29800,1,0.29085,-0.36217,1,0.39993,-0.33009,1,0.23881,0.36699,15.90349,0.98858,1,0.54306,0.40637,14.41884,0.98858,1,-0.06404,0.02417,0.64318,0.00364,1,0.01111,0.01633,0.64424,0.00259,1,0,0.00000,26
0.41237,-0.27799,5283.55225,0.33545,11868,0,0.45425,-0.41388,1,0.22980,-0.49209,1,0.34202,-0.45298,1,0.23762,0.36484,15.23545,0.98858,1,0.54160,0.40499,14.67095,0.98139,1,-0.06404,0.02417,0.64318,0.00286,1,0.01111,0.01633,0.64424,0.00265,1,0,0.00000,26
0.36237,-0.36920,5283.55225,0.33545,11868,0,0.42029,-0.45177,1,0.20446,-0.46902,1,0.31238,-0.46040,1,0.23694,0.36438,15.13043,0.98139,1,0.54084,0.40466,14.18945,0.97420,1,-0.06404,0.02417,0.64318,0.00280,1,0.01111,0.01633,0.64424,0.00264,1,0,0.00000,26
0.34672,-0.39263,5283.55225,0.33545,11868,0,0.42352,-0.43212,1,0.20730,-0.44688,1,0.31541,-0.43950,1,0.23661,0.36424,15.01938,0.96792,1,0.54041,0.40438,14.20818,0.96073,1,-0.06206,0.02343,0.62098,0.00278,1,0.01075,0.01628,0.64030,0.00268,1,0,0.00000,26
0.30982,-0.45086,5283.55225,0.33545,11868,0,0.41594,-0.44465,1,0.18742,-0.46070,1,0.30168,-0.45267,1,0.23603,0.36397,14.80352,0.95444,1,0.53970,0.40427,14.42879,0.95444,1,-0.06206,0.02343,0.62098,0.00280,1,0.01075,0.01628,0.64030,0.00260,1,0,0.00000,26
0.29940,-0.45082,5283.55225,0.33545,11868,0,0.39049,-0.43624,1,0.18749,-0.46535,1,0.28899,-0.45079,1,0.23593,0.36385,14.78658,0.94815,1,0.53956,0.40412,14.23358,0.94815,1,-0.06206,0.02343,0.62098,0.00283,1,0.01075,0.01628,0.64030,0.00261,1,0,0.00000,26
0.29647,-0.44749,5283.55225,0.33545,11868,0,0.39223,-0.42693,1,0.18894,-0.45474,1,0.29059,-0.44083,1,0.23569,0.36387,14.80619,0.94187,1,0.53953,0.40408,14.11241,0.94187,1,-0.06266,0.02362,0.62604,0.00277,1,0.01056,0.01628,0.64026,0.00261,1,0,0.00000,26
0.29768,-0.44358,5283.91455,0.02002,11869,1,0.42009,-0.42490,1,0.18258,-0.43877,1,0.30133,-0.43184,1,0.23562,0.36386,14.99970,0.94187,1,0.53946,0.40422,14.34938,0.94187,1,-0.06266,0.02362,0.62604,0.00279,1,0.01056,0.01628,0.64026,0.00263,1,0,0.00000,26
0.29725,-0.44182,5283.91455,0.02734,11869,1,0.41571,-0.41802,1,0.17530,-0.45153,1,0.29550,-0.43478,1,0.23548,0.36399,15.06387,0.94187,1,0.53939,0.40409,14.18439,0.94187,1,-0.06266,0.02362,0.62604,0.00275,1,0.01056,0.01628,0.64026,0.00261,1,0,0.00000,26
0.29696,-0.44064,5283.91455,0.03369,11869,1,0.41571,-0.41802,1,0.17530,-0.45153,1,0.29550,-0.43478,1,0.23548,0.36399,15.06304,0.94187,1,0.53939,0.40409,14.18439,0.94187,1,-0.06208,0.02336,0.61928,0.00275,1,0.01061,0.01641,0.64349,0.00261,1,0,0.00000,26
0.29652,-0.44195,5283.91455,0.04102,11869,1,0.41386,-0.41887,1,0.17391,-0.48071,1,0.29388,-0.44979,1,0.23520,0.36387,15.07318,0.94187,1,0.53928,0.40403,14.57807,0.94187,1,-0.06208,0.02336,0.61928,0.00279,1,0.01061,0.01641,0.64349,0.00258,1,0,0.00000,26
0.29625,-0.44283,5283.91455,0.04639,11869,1,0.41397,-0.42576,1,0.17475,-0.47218,1,0.29436,-0.44897,1,0.23516,0.36385,15.10012,0.94187,1,0.53925,0.40399,14.57495,0.94187,1,-0.06208,0.02336,0.61928,0.00276,1,0.01061,0.01641,0.64349,0.00261,1,0,0.00000,26
0.29604,-0.44351,5283.91455,0.05371,11869,1,0.41397,-0.42576,1,0.17475,-0.47218,1,0.29436,-0.44897,1,0.23514,0.36377,14.97888,0.94187,1,0.53924,0.40398,14.47955,0.94187,1,-0.06208,0.02333,0.61836,0.00282,1,0.01061,0.01641,0.64349,0.00260,1,0,0.00000,26
0.29625,-0.44525,5283.91455,0.06006,11869,1,0.39966,-0.42998,1,0.19665,-0.49191,1,0.29816,-0.46095,1,0.23505,0.36382,15.00729,0.94187,1,0.53910,0.40388,14.33867,0.94187,1,-0.06208,0.02333,0.61836,0.00276,1,0.01061,0.01641,0.64349,0.00265,1,0,0.00000,26
0.29624,-0.44657,5283.91455,0.06689,11869,1,0.40029,-0.42875,1,0.19207,-0.49075,1,0.29618,-0.45975,1,0.23497,0.36379,14.97543,0.94187,1,0.53909,0.40395,14.41693,0.94187,1,-0.06208,0.02333,0.61836,0.00274,1,0.01061,0.01641,0.64349,0.00266,1,0,0.00000,26
0.29630,-0.44721,5283.91455,0.07373,11869,1,0.40029,-0.42875,1,0.19354,-0.47965,1,0.29691,-0.45420,1,0.23490,0.36380,14.93532,0.94187,1,0.53906,0.40394,14.46172,0.93543,1,-0.06208,0.02333,0.61836,0.00275,1,0.01043,0.01625,0.63524,0.00266,1,0,0.00000,26
0.29577,-0.44799,5283.91455,0.07959,11869,1,0.39171,-0.43626,1,0.18724,-0.47851,1,0.28948,-0.45739,1,0.23482,0.36380,14.69310,0.93543,1,0.53903,0.40387,14.17438,0.92900,1,-0.06208,0.02333,0.61836,0.00278,1,0.01043,0.01625,0.63524,0.00268,1,0,0.00000,26
0.29630,-0.44739,5283.91455,0.08691,11869,1,0.42612,-0.41881,1,0.18000,-0.46032,1,0.30306,-0.43957,1,0.23481,0.36386,14.82781,0.92900,1,0.53900,0.40382,14.37881,0.92257,1,-0.06208,0.02333,0.61836,0.00279,1,0.01043,0.01625,0.63524,0.00266,1,0,0.00000,26
0.29670,-0.44722,5283.91455,0.09375,11869,1,0.42616,-0.41859,1,0.17846,-0.47120,1,0.30231,-0.44490,1,0.23478,0.36381,14.71563,0.92886,1,0.53893,0.40378,14.31310,0.92886,1,-0.06506,0.02443,0.64751,0.00277,1,0.01065,0.01667,0.65169,0.00262,1,0,0.00000,26
0.29623,-0.44800,5283.91455,0.10107,11869,1,0.40674,-0.42597,1,0.17176,-0.49335,1,0.28925,-0.45966,1,0.23460,0.36369,14.90151,0.93514,1,0.53887,0.40368,14.39994,0.94157,1,-0.06506,0.02443,0.64751,0.00272,1,0.01065,0.01667,0.65169,0.00263,1,0,0.00000,26
0.29635,-0.44934,5283.91455,0.10693,11869,1,0.42724,-0.42891,1,0.16921,-0.51261,1,0.29822,-0.47076,1,0.23453,0.36365,14.91258,0.94786,1,0.53893,0.40379,14.41503,0.95429,1,-0.06506,0.02443,0.64751,0.00275,1,0.01065,0.01667,0.65169,0.00263,1,0,0.00000,26
0.29636,-0.45110,5283.91455,0.11426,11869,1,0.42569,-0.43848,1,0.16762,-0.52375,1,0.29666,-0.48111,1,0.23453,0.36365,14.91258,0.95429,1,0.53879,0.40374,14.47715,0.96073,1,-0.06336,0.02377,0.63016,0.00275,1,0.01056,0.01667,0.65184,0.00261,1,0,0.00000,26
0.29678,-0.45322,5283.91455,0.12061,11869,1,0.40808,-0.45281,1,0.20024,-0.52978,1,0.30416,-0.49130,1,0.23438,0.36377,14.99983,0.95444,1,0.53861,0.40364,14.20717,0.95444,1,-0.06336,0.02377,0.63016,0.00281,1,0.01056,0.01667,0.65184,0.00269,1,0,0.00000,26
0.29688,-0.45479,5283.91455,0.12695,11869,1,0.41249,-0.44430,1,0.18522,-0.52511,1,0.29886,-0.48470,1,0.23438,0.36377,15.04134,0.94815,1,0.53860,0.40365,14.22939,0.94815,1,-0.06336,0.02377,0.63016,0.00276,1,0.01056,0.01667,0.65184,0.00268,1,0,0.00000,26
0.29705,-0.45573,5283.91455,0.13379,11869,1,0.41409,-0.43488,1,0.18669,-0.51409,1,0.30039,-0.47449,1,0.23438,0.36377,14.99980,0.94187,1,0.53868,0.40367,14.37658,0.94187,1,-0.06202,0.02319,0.61594,0.00281,1,0.01056,0.01667,0.65184,0.00267,1,0,0.00000,26
0.29696,-0.45615,5283.91455,0.14062,11869,1,0.40777,-0.42803,1,0.18271,-0.50195,1,0.29524,-0.46499,1,0.23436,0.36377,14.97888,0.94187,1,0.53869,0.40369,14.42723,0.94187,1,-0.06202,0.02319,0.61594,0.00282,1,0.01056,0.01667,0.65184,0.00266,1,0,0.00000,26
0.29672,-0.45659,5283.91455,0.14844,11869,1,0.41072,-0.43817,1,0.17193,-0.49426,1,0.29133,-0.46621,1,0.23436,0.36377,14.97888,0.94187,1,0.53861,0.40364,14.22168,0.94187,1,-0.06202,0.02319,0.61594,0.00282,1,0.01056,0.01667,0.65184,0.00268,1,0,0.00000,26
0.29649,-0.45699,5283.91455,0.15674,11869,1,0.41072,-0.43817,1,0.17193,-0.49426,1,0.29133,-0.46621,1,0.23436,0.36382,14.87458,0.94187,1,0.53861,0.40364,14.22168,0.94187,1,-0.06202,0.02319,0.61594,0.00282,1,0.01046,0.01647,0.64579,0.00268,1,0,0.00000,26
0.29598,-0.45708,5283.91455,0.16504,11869,1,0.39737,-0.42091,1,0.16967,-0.49752,1,0.28352,-0.45921,1,0.23419,0.36398,15.03064,0.94187,1,0.53845,0.40359,14.29066,0.94187,1,-0.06202,0.02319,0.61594,0.00275,1,0.01046,0.01647,0.64579,0.00263,1,0,0.00000,26
0.29535,-0.45745,5283.91455,0.17041,11869,1,0.38833,-0.42189,1,0.17125,-0.51145,1,0.27979,-0.46667,1,0.23418,0.36396,15.06301,0.94187,1,0.53854,0.40360,14.30322,0.94187,1,-0.06202,0.02319,0.61594,0.00275,1,0.01046,0.01647,0.64579,0.00267,1,0,0.00000,26
0.29478,-0.45779,5283.91455,0.17627,11869,1,0.38833,-0.42189,1,0.17125,-0.51145,1,0.27979,-0.46667,1,0.23398,0.36399,15.05102,0.94187,1,0.53854,0.40360,14.30322,0.94187,1,-0.06202,0.02319,0.61594,0.00285,1,0.01046,0.01647,0.64579,0.00267,1,0,0.00000,26
0.29436,-0.45797,5283.91455,0.18115,11869,1,0.39665,-0.42765,1,0.16982,-0.49818,1,0.28324,-0.46292,1,0.23413,0.36394,14.94814,0.94187,1,0.53858,0.40363,14.14713,0.94187,1,-0.06202,0.02319,0.61594,0.00280,1,0.01046,0.01647,0.64579,0.00268,1,0,0.00000,26
0.29413,-0.45803,5283.91455,0.18799,11869,1,0.39749,-0.41556,1,0.17770,-0.50383,1,0.28759,-0.45970,1,0.23421,0.36391,14.84004,0.94187,1,0.53854,0.40360,14.31259,0.94187,1,-0.06202,0.02319,0.61594,0.00277,1,0.01046,0.01647,0.64579,0.00267,1,0,0.00000,26
0.29391,-0.45809,5283.91455,0.19434,11869,1,0.39749,-0.41556,1,0.17770,-0.50383,1,0.28759,-0.45970,1,0.23424,0.36390,14.88284,0.94187,1,0.53859,0.40367,14.29847,0.94187,1,-0.06202,0.02319,0.61594,0.00275,1,0.01046,0.01647,0.64579,0.00266,1,0,0.00000,26
0.29372,-0.45818,5283.91455,0.20068,11869,1,0.39656,-0.42287,1,0.17929,-0.49927,1,0.28792,-0.46107,1,0.23424,0.36390,14.88284,0.94187,1,0.53868,0.40375,14.28985,0.94187,1,-0.06202,0.02319,0.61594,0.00275,1,0.01046,0.01647,0.64579,0.00268,1,0,0.00000,26
0.29391,-0.45789,5283.91455,0.20752,11869,1,0.41190,-0.42083,1,0.18752,-0.47689,1,0.29971,-0.44886,1,0.23426,0.36386,14.93119,0.94187,1,0.53865,0.40374,14.52825,0.94187,1,-0.06202,0.02319,0.61594,0.00276,1,0.01046,0.01647,0.64579,0.00267,1,0,0.00000,26
0.29408,-0.45762,5283.91455,0.21436,11869,1,0.41190,-0.42083,1,0.18752,-0.47689,1,0.29971,-0.44886,1,0.23435,0.36384,14.74214,0.94187,1,0.53862,0.40378,14.37524,0.94187,1,-0.06306,0.02353,0.62629,0.00282,1,0.01056,0.01657,0.65184,0.00265,1,0,0.00000,26
0.29429,-0.45621,5283.91455,0.22119,11869,1,0.41182,-0.36986,1,0.19012,-0.44935,1,0.30097,-0.40960,1,0.23431,0.36424,14.88656,0.94187,1,0.53863,0.40414,14.22052,0.94187,1,-0.06306,0.02353,0.62629,0.00277,1,0.01056,0.01657,0.65184,0.00266,1,0,0.00000,26
0.29403,-0.45444,5283.91455,0.22803,11869,1,0.40703,-0.35909,1,0.16336,-0.42930,1,0.28519,-0.39420,1,0.23436,0.36475,14.97888,0.94187,1,0.53837,0.40457,14.49523,0.94187,1,-0.06306,0.02353,0.62629,0.00282,1,0.01056,0.01657,0.65184,0.00261,1,0,0.00000,26
0.29378,-0.45276,5283.91455,0.23486,11869,1,0.40703,-0.35909,1,0.16336,-0.42930,1,0.28519,-0.39420,1,0.23423,0.36510,15.26972,0.94187,1,0.53839,0.40495,14.66980,0.94187,1,-0.06336,0.02358,0.63016,0.00275,1,0.01046,0.01637,0.64579,0.00259,1,0,0.00000,26
0.29385,-0.45093,5283.91455,0.24121,11869,1,0.41219,-0.38304,1,0.18080,-0.38702,1,0.29650,-0.38503,1,0.23431,0.36522,14.88656,0.94187,1,0.53852,0.40506,14.88303,0.94187,1,-0.06336,0.02358,0.63016,0.00277,1,0.01046,0.01637,0.64579,0.00259,1,0,0.00000,26
0.29385,-0.44995,5283.91455,0.24805,11869,1,0.42371,-0.41347,1,0.16407,-0.41369,1,0.29389,-0.41358,1,0.23437,0.36510,14.98061,0.94187,1,0.53858,0.40492,14.51690,0.94187,1,-0.06336,0.02358,0.63016,0.00283,1,0.01046,0.01637,0.64579,0.00262,1,0,0.00000,26
0.29388,-0.44888,5283.91455,0.25439,11869,1,0.42371,-0.41347,1,0.16572,-0.40310,1,0.29472,-0.40829,1,0.23450,0.36491,14.84823,0.94187,1,0.53867,0.40482,14.44097,0.93543,1,-0.06238,0.02327,0.62047,0.00280,1,0.01046,0.01637,0.64579,0.00268,1,0,0.00000,26
0.29324,-0.42042,5283.91455,0.25439,11869,0,0.42934,-0.31329,1,0.17040,-0.41063,1,0.29987,-0.36196,1,0.23458,0.36493,15.03697,0.93543,1,0.53875,0.40474,14.37924,0.92900,1,-0.06238,0.02327,0.62047,0.00273,1,0.01046,0.01637,0.64579,0.00271,1,0,0.00000,26
0.29174,-0.39224,5283.91455,0.25439,11869,0,0.39954,-0.31726,1,0.18095,-0.41088,1,0.29025,-0.36407,1,0.23460,0.36491,14.93650,0.92900,1,0.53889,0.40476,14.42552,0.92257,1,-0.06238,0.02327,0.62047,0.00272,1,0.01046,0.01637,0.64579,0.00259,1,0,0.00000,26
0.29180,-0.37956,5283.91455,0.25439,11869,0,0.40132,-0.30827,1,0.18253,-0.40010,1,0.29193,-0.35419,1,0.23459,0.36484,14.73879,0.92257,1,0.53903,0.40474,14.37829,0.91614,1,-0.06238,0.02327,0.62047,0.00274,1,0.01046,0.01637,0.64579,0.00266,1,0,0.00000,26
0.29296,-0.37101,5284.17627,0.01904,11870,1,0.41129,-0.30691,1,0.18157,-0.38384,1,0.29643,-0.34537,1,0.23465,0.36476,14.61713,0.91614,1,0.53901,0.40475,14.37137,0.91614,1,-0.06238,0.02327,0.62047,0.00273,1,0.01046,0.01637,0.64579,0.00265,1,0,0.00000,26
0.29581,-0.36708,5284.17627,0.02539,11870,1,0.42324,-0.30361,1,0.19114,-0.39905,1,0.30719,-0.35133,1,0.23473,0.36468,14.72234,0.91614,1,0.53903,0.40472,14.35182,0.91614,1,-0.06238,0.02327,0.62047,0.00277,1,0.01046,0.01637,0.64579,0.00264,1,0,0.00000,26
0.29732,-0.36696,5284.17627,0.03418,11870,1,0.42163,-0.31248,1,0.18812,-0.42032,1,0.30487,-0.36640,1,0.23470,0.36470,14.71604,0.92242,1,0.53903,0.40474,14.28549,0.92886,1,-0.06416,0.02395,0.63855,0.00278,1,0.01046,0.01637,0.64579,0.00264,1,0,0.00000,26
0.29432,-0.36932,5284.17627,0.03955,11870,1,0.38626,-0.32891,1,0.16639,-0.43805,1,0.27633,-0.38348,1,0.23476,0.36457,14.98738,0.93514,1,0.53910,0.40469,14.44785,0.94157,1,-0.06416,0.02395,0.63855,0.00279,1,0.01046,0.01637,0.64579,0.00259,1,0,0.00000,26
0.29224,-0.37413,5284.17627,0.04590,11870,1,0.39211,-0.35605,1,0.16326,-0.45956,1,0.27768,-0.40781,1,0.23484,0.36458,14.90070,0.94786,1,0.53910,0.40468,14.43873,0.95429,1,-0.06416,0.02395,0.63855,0.00276,1,0.01046,0.01637,0.64579,0.00259,1,0,0.00000,26
0.29052,-0.37838,5284.17627,0.05225,11870,1,0.39033,-0.36508,1,0.16326,-0.45956,1,0.27679,-0.41232,1,0.23484,0.36458,14.90070,0.95429,1,0.53910,0.40468,14.43873,0.95429,1,-0.06208,0.02324,0.61836,0.00276,1,0.01046,0.01637,0.64579,0.00259,1,0,0.00000,26
