FPOGX,FPOGY,FPOGS,FPOGD,FPOGID,FPOGV,LPOGX,LPOGY,LPOGV,RPOGX,RPOGY,RPOGV,BPOGX,BPOGY,BPOGV,LPCX,LPCY,LPD,LPS,LPV,RPCX,RPCY,RPD,RPS,RPV,LEYEX,LEYEY,LEYEZ,LPUPILD,LPUPILV,REYEX,REYEY,REYEZ,RPUPILD,RPUPILV,BKID,BKDUR,BKPMIN
0.56077,0.23333,88.86062,0.19237,190,1,0.52025,0.32101,1,0.58372,0.18874,1,0.55198,0.25488,1,0.38410,0.43285,21.72587,1.02360,1,0.64511,0.42451,24.11335,1.02360,1,-0.02849,0.01208,0.65185,0.00457,1,0.03675,0.01404,0.66867,0.00498,1,0,0.00000,23
0.56058,0.23381,88.86062,0.19913,190,1,0.52392,0.30906,1,0.58580,0.18725,1,0.55486,0.24815,1,0.38419,0.43276,21.74266,1.02360,1,0.64514,0.42448,24.08417,1.02360,1,-0.02849,0.01208,0.65185,0.00457,1,0.03675,0.01404,0.66867,0.00498,1,0,0.00000,23
0.54592,0.21886,89.79691,0.17393,192,1,0.49748,0.21523,1,0.57538,0.20119,1,0.53643,0.20821,1,0.37985,0.43025,21.72311,0.99695,1,0.64243,0.42121,23.38713,0.98886,1,-0.03081,0.01311,0.68260,0.00436,1,0.03583,0.01452,0.66284,0.00492,1,0,0.00000,23
0.54604,0.21893,89.79691,0.18049,192,1,0.50450,0.26501,1,0.59391,0.17707,1,0.54920,0.22104,1,0.38003,0.43018,21.72367,1.00379,1,0.64254,0.42127,23.35622,1.01098,1,-0.03081,0.01311,0.68260,0.00445,1,0.03583,0.01452,0.66284,0.00486,1,0,0.00000,23
0.54574,0.21800,89.79691,0.18758,192,1,0.50813,0.22366,1,0.56642,0.15978,1,0.53727,0.19172,1,0.38016,0.43015,21.97673,1.02591,1,0.64259,0.42125,23.39040,1.03310,1,-0.03081,0.01311,0.68260,0.00441,1,0.03583,0.01452,0.66284,0.00486,1,0,0.00000,23
0.54546,0.21660,89.79691,0.19427,192,1,0.50585,0.21232,1,0.56904,0.13989,1,0.53745,0.17610,1,0.38026,0.43018,22.04261,1.04012,1,0.64266,0.42126,23.73530,1.05540,1,-0.02963,0.01263,0.65758,0.00442,1,0.03645,0.01474,0.67326,0.00489,1,0,0.00000,23
0.53994,0.19023,89.79691,0.19427,192,0,0.51824,0.24506,1,0.58885,0.13711,1,0.55354,0.19109,1,0.38030,0.43010,21.98055,1.04750,1,0.64281,0.42124,23.94750,1.05559,1,-0.02963,0.01263,0.65758,0.00441,1,0.03645,0.01474,0.67326,0.00490,1,0,0.00000,23
0.54153,0.18851,89.79691,0.19427,192,0,0.52834,0.24910,1,0.55790,0.12447,1,0.54312,0.18679,1,0.38030,0.43006,21.95364,1.04768,1,0.64283,0.42126,23.94788,1.05577,1,-0.02963,0.01263,0.65758,0.00445,1,0.03645,0.01474,0.67326,0.00492,1,0,0.00000,23
0.54182,0.19214,89.79691,0.19427,192,0,0.52929,0.25431,1,0.55552,0.14453,1,0.54241,0.19942,1,0.38040,0.43005,22.02024,1.04084,1,0.64305,0.42124,24.32007,1.03365,1,-0.02849,0.01216,0.63338,0.00438,1,0.03448,0.01396,0.63523,0.00481,1,0,0.00000,23
0.53695,0.19318,89.99791,0.02002,193,1,0.47217,0.23475,1,0.57248,0.15779,1,0.52233,0.19627,1,0.38047,0.42998,21.98011,1.02662,1,0.64312,0.42114,23.85721,1.01135,1,-0.02849,0.01216,0.63338,0.00442,1,0.03448,0.01396,0.63523,0.00484,1,0,0.00000,23
0.53541,0.19630,89.99791,0.02598,193,1,0.48560,0.25353,1,0.57285,0.16407,1,0.52923,0.20880,1,0.38050,0.42994,22.05215,1.00432,1,0.64322,0.42105,23.39299,0.98904,1,-0.02849,0.01216,0.63338,0.00443,1,0.03448,0.01396,0.63523,0.00491,1,0,0.00000,23
0.53465,0.20038,89.99791,0.03264,193,1,0.48974,0.27100,1,0.57195,0.17058,1,0.53084,0.22079,1,0.38051,0.42995,21.95478,0.98202,1,0.64326,0.42104,23.47540,0.98202,1,-0.02915,0.01249,0.64791,0.00444,1,0.03699,0.01498,0.67957,0.00492,1,0,0.00000,23
0.53587,0.20249,89.99791,0.03980,193,1,0.50229,0.26200,1,0.58410,0.16832,1,0.54319,0.21516,1,0.38066,0.42984,21.87166,0.98202,1,0.64333,0.42102,23.77053,0.99729,1,-0.02915,0.01249,0.64791,0.00443,1,0.03699,0.01498,0.67957,0.00494,1,0,0.00000,23
0.53438,0.20076,89.99791,0.04633,193,1,0.49415,0.24421,1,0.55385,0.13308,1,0.52400,0.18865,1,0.38067,0.42990,22.10538,0.99729,1,0.64331,0.42111,23.94917,1.01257,1,-0.02915,0.01249,0.64791,0.00443,1,0.03699,0.01498,0.67957,0.00493,1,0,0.00000,23
0.53314,0.19727,89.99791,0.05360,193,1,0.49018,0.22641,1,0.55627,0.11219,1,0.52322,0.16930,1,0.38072,0.42988,22.21697,1.01960,1,0.64333,0.42110,23.92821,1.03488,1,-0.02963,0.01276,0.65963,0.00446,1,0.03732,0.01507,0.68555,0.00492,1,0,0.00000,23
0.53192,0.19315,89.99791,0.06030,193,1,0.48531,0.19671,1,0.55649,0.11553,1,0.52090,0.15612,1,0.38073,0.42981,22.32309,1.04190,1,0.64336,0.42103,24.12092,1.04190,1,-0.02963,0.01276,0.65963,0.00448,1,0.03732,0.01507,0.68555,0.00490,1,0,0.00000,23
0.53114,0.18855,89.99791,0.06689,193,1,0.48470,0.18875,1,0.56196,0.09627,1,0.52333,0.14251,1,0.38079,0.42984,22.26307,1.04893,1,0.64336,0.42109,23.95027,1.04893,1,-0.02963,0.01276,0.65963,0.00449,1,0.03732,0.01507,0.68555,0.00493,1,0,0.00000,23
0.53047,0.18420,89.99791,0.07363,193,1,0.48345,0.18308,1,0.56275,0.08968,1,0.52310,0.13638,1,0.38084,0.42976,22.44240,1.05595,1,0.64332,0.42093,24.28008,1.05595,1,-0.02963,0.01276,0.65963,0.00444,1,0.03699,0.01498,0.67957,0.00491,1,0,0.00000,23
0.52991,0.18501,89.99791,0.08036,193,1,0.48374,0.19145,1,0.56269,0.19794,1,0.52321,0.19469,1,0.38077,0.42972,22.51858,1.05595,1,0.64332,0.42093,24.28008,1.05595,1,-0.02963,0.01276,0.65963,0.00441,1,0.03699,0.01498,0.67957,0.00490,1,0,0.00000,23
0.52916,0.18326,89.99791,0.08702,193,1,0.47977,0.16908,1,0.55894,0.15188,1,0.51936,0.16048,1,0.38072,0.42978,22.38298,1.05595,1,0.64331,0.42100,24.36947,1.05595,1,-0.02963,0.01276,0.65963,0.00446,1,0.03699,0.01498,0.67957,0.00493,1,0,0.00000,23
0.52852,0.18214,89.99791,0.09363,193,1,0.48104,0.17483,1,0.55818,0.15807,1,0.51961,0.16645,1,0.38060,0.42964,22.15427,1.04893,1,0.64331,0.42098,24.44073,1.04893,1,-0.02849,0.01226,0.63338,0.00445,1,0.03732,0.01517,0.68555,0.00492,1,0,0.00000,23
0.52806,0.18351,89.99791,0.09986,193,1,0.47943,0.18378,1,0.56286,0.22432,1,0.52115,0.20405,1,0.38054,0.42968,22.10475,1.04190,1,0.64330,0.42097,24.43608,1.04190,1,-0.02849,0.01226,0.63338,0.00447,1,0.03732,0.01517,0.68555,0.00493,1,0,0.00000,23
0.52800,0.18548,89.99791,0.10657,193,1,0.48580,0.19354,1,0.56847,0.24068,1,0.52713,0.21711,1,0.38065,0.42962,22.12520,1.03488,1,0.64332,0.42092,24.35126,1.03488,1,-0.02849,0.01226,0.63338,0.00449,1,0.03732,0.01517,0.68555,0.00492,1,0,0.00000,23
0.52793,0.18742,89.99791,0.11363,193,1,0.48580,0.19354,1,0.56750,0.24726,1,0.52665,0.22040,1,0.38085,0.42962,22.23565,1.03488,1,0.64353,0.42101,24.39729,1.02679,1,-0.02963,0.01276,0.65963,0.00446,1,0.03593,0.01458,0.65911,0.00496,1,0,0.00000,23
0.52908,0.18800,89.99791,0.12030,193,1,0.53045,0.20645,1,0.56915,0.19046,1,0.54980,0.19846,1,0.38109,0.42979,22.53752,1.03381,1,0.64390,0.42117,24.27044,1.02573,1,-0.02963,0.01276,0.65963,0.00444,1,0.03593,0.01458,0.65911,0.00492,1,0,0.00000,23
0.53050,0.18927,89.99791,0.12713,193,1,0.52582,0.22647,1,0.58904,0.20006,1,0.55743,0.21326,1,0.38108,0.42988,22.36373,1.03275,1,0.64362,0.42115,24.32134,1.02466,1,-0.02963,0.01276,0.65963,0.00447,1,0.03593,0.01458,0.65911,0.00494,1,0,0.00000,23
0.53181,0.19056,89.99791,0.13385,193,1,0.52697,0.23289,1,0.58904,0.20006,1,0.55801,0.21647,1,0.38104,0.42982,22.23230,1.02466,1,0.64362,0.42113,24.24737,1.02466,1,-0.02849,0.01226,0.63338,0.00449,1,0.03732,0.01517,0.68555,0.00493,1,0,0.00000,23
0.53226,0.19185,89.99791,0.14020,193,1,0.50935,0.23685,1,0.57417,0.20113,1,0.54176,0.21899,1,0.38097,0.42980,22.09979,1.01764,1,0.64352,0.42112,24.22705,1.02573,1,-0.02849,0.01226,0.63338,0.00448,1,0.03732,0.01517,0.68555,0.00495,1,0,0.00000,23
0.53229,0.19292,89.99791,0.14692,193,1,0.50001,0.23411,1,0.56586,0.19851,1,0.53294,0.21631,1,0.38094,0.42974,21.77840,1.01870,1,0.64351,0.42106,24.12802,1.02679,1,-0.02849,0.01226,0.63338,0.00450,1,0.03732,0.01517,0.68555,0.00494,1,0,0.00000,23
0.53232,0.19386,89.99791,0.15353,193,1,0.49983,0.23327,1,0.56599,0.19760,1,0.53291,0.21543,1,0.38085,0.42975,22.19734,1.01976,1,0.64342,0.42108,24.26087,1.02785,1,-0.02849,0.01226,0.63338,0.00450,1,0.03732,0.01517,0.68555,0.00493,1,0,0.00000,23
0.53325,0.19465,89.99791,0.16022,193,1,0.55550,0.23237,1,0.55609,0.19514,1,0.55579,0.21376,1,0.38079,0.42976,22.32443,1.02785,1,0.64333,0.42098,24.41969,1.02785,1,-0.02849,0.01226,0.63338,0.00450,1,0.03732,0.01517,0.68555,0.00492,1,0,0.00000,23
0.53414,0.19478,89.99791,0.16706,193,1,0.55145,0.21625,1,0.56092,0.17993,1,0.55619,0.19809,1,0.38069,0.42981,22.28154,1.02785,1,0.64332,0.42097,24.41341,1.02785,1,-0.02849,0.01226,0.63338,0.00452,1,0.03732,0.01517,0.68555,0.00493,1,0,0.00000,23
0.53494,0.19482,89.99791,0.17380,193,1,0.55061,0.21055,1,0.56080,0.18086,1,0.55571,0.19570,1,0.38060,0.42980,22.34174,1.03488,1,0.64334,0.42088,24.19466,1.02679,1,-0.02963,0.01272,0.65758,0.00450,1,0.03652,0.01490,0.67358,0.00491,1,0,0.00000,23
0.53506,0.19504,89.99791,0.18005,193,1,0.53788,0.21087,1,0.53897,0.19139,1,0.53842,0.20113,1,0.38049,0.42975,22.24923,1.03381,1,0.64332,0.42084,24.14972,1.02573,1,-0.02963,0.01272,0.65758,0.00451,1,0.03652,0.01490,0.67358,0.00496,1,0,0.00000,23
0.53576,0.19465,89.99791,0.18745,193,1,0.53766,0.20288,1,0.57294,0.16458,1,0.55530,0.18373,1,0.38048,0.42973,22.30689,1.03275,1,0.64328,0.42086,24.08205,1.02466,1,-0.02963,0.01272,0.65758,0.00443,1,0.03652,0.01490,0.67358,0.00496,1,0,0.00000,23
0.53641,0.19432,89.99791,0.19373,193,1,0.53780,0.20375,1,0.57281,0.16553,1,0.55530,0.18464,1,0.38038,0.42972,22.42541,1.03169,1,0.64325,0.42087,24.26964,1.02360,1,-0.03047,0.01309,0.67397,0.00447,1,0.03652,0.01490,0.67358,0.00494,1,0,0.00000,23
0.53652,0.19457,89.99791,0.20016,193,1,0.52229,0.23263,1,0.55734,0.17134,1,0.53981,0.20199,1,0.38033,0.42975,22.53284,1.02360,1,0.64329,0.42065,23.84175,1.02360,1,-0.03047,0.01309,0.67397,0.00446,1,0.03652,0.01490,0.67358,0.00495,1,0,0.00000,23
0.53649,0.19462,89.99791,0.20760,193,1,0.51199,0.21360,1,0.55932,0.17897,1,0.53565,0.19628,1,0.38022,0.42968,22.21896,1.02360,1,0.64294,0.42080,23.98652,1.02360,1,-0.03047,0.01309,0.67397,0.00447,1,0.03652,0.01490,0.67358,0.00503,1,0,0.00000,23
0.53649,0.19474,89.99791,0.21382,193,1,0.51309,0.21929,1,0.55944,0.17803,1,0.53626,0.19866,1,0.38015,0.42966,21.93472,1.01658,1,0.64286,0.42088,24.51755,1.02466,1,-0.02931,0.01252,0.64712,0.00450,1,0.03645,0.01495,0.67326,0.00497,1,0,0.00000,23
0.53728,0.19559,89.99791,0.22042,193,1,0.55558,0.22226,1,0.57140,0.22486,1,0.56349,0.22356,1,0.37998,0.42972,22.11839,1.01764,1,0.64271,0.42084,24.45302,1.02573,1,-0.02931,0.01252,0.64712,0.00452,1,0.03645,0.01495,0.67326,0.00494,1,0,0.00000,23
0.53787,0.19613,89.99791,0.22688,193,1,0.55058,0.20493,1,0.56540,0.22431,1,0.55799,0.21462,1,0.37984,0.42974,22.29968,1.01870,1,0.64266,0.42083,24.30453,1.02679,1,-0.02931,0.01252,0.64712,0.00447,1,0.03645,0.01495,0.67326,0.00495,1,0,0.00000,23
0.53840,0.19646,89.99791,0.23473,193,1,0.54864,0.19167,1,0.56549,0.22371,1,0.55706,0.20769,1,0.37984,0.42970,22.51928,1.03469,1,0.64258,0.42077,24.25611,1.02750,1,-0.03085,0.01314,0.67903,0.00446,1,0.03410,0.01397,0.63159,0.00491,1,0,0.00000,23
0.53842,0.19690,89.99791,0.24125,193,1,0.53298,0.20540,1,0.54529,0.22007,1,0.53913,0.21274,1,0.37963,0.42973,22.39297,1.04243,1,0.64262,0.42079,24.17159,1.02716,1,-0.03085,0.01314,0.67903,0.00446,1,0.03410,0.01397,0.63159,0.00496,1,0,0.00000,23
0.53859,0.19661,89.99791,0.24787,193,1,0.51816,0.21399,1,0.57139,0.15837,1,0.54477,0.18618,1,0.37963,0.42975,22.51756,1.04209,1,0.64251,0.42083,24.16681,1.02681,1,-0.03085,0.01314,0.67903,0.00447,1,0.03410,0.01397,0.63159,0.00495,1,0,0.00000,23
0.53877,0.19659,89.99791,0.25523,193,1,0.52043,0.22617,1,0.57040,0.16564,1,0.54541,0.19590,1,0.37946,0.42972,21.90262,1.02681,1,0.64234,0.42067,24.10248,1.01872,1,-0.02941,0.01249,0.64523,0.00450,1,0.03553,0.01463,0.65900,0.00498,1,0,0.00000,23
0.53921,0.19794,89.99791,0.26125,193,1,0.53462,0.24925,1,0.57860,0.25126,1,0.55661,0.25025,1,0.37938,0.42970,21.79170,1.00379,1,0.64215,0.42081,24.50049,1.01098,1,-0.02941,0.01249,0.64523,0.00451,1,0.03553,0.01463,0.65900,0.00497,1,0,0.00000,23
0.53991,0.19921,89.99791,0.26789,193,1,0.56584,0.25557,1,0.56945,0.24497,1,0.56764,0.25027,1,0.37928,0.42977,21.82521,0.99605,1,0.64201,0.42085,24.61784,1.00324,1,-0.02941,0.01249,0.64523,0.00454,1,0.03553,0.01463,0.65900,0.00497,1,0,0.00000,23
0.54057,0.20044,89.99791,0.27460,193,1,0.56592,0.25614,1,0.56936,0.24557,1,0.56764,0.25086,1,0.37922,0.42989,22.18813,0.99533,1,0.64192,0.42087,24.47427,1.00252,1,-0.03027,0.01283,0.66281,0.00454,1,0.03514,0.01446,0.65365,0.00498,1,0,0.00000,23
0.54079,0.20171,89.99791,0.28129,193,1,0.54921,0.25571,1,0.55145,0.25440,1,0.55033,0.25506,1,0.37900,0.42995,22.46466,1.00955,1,0.64177,0.42083,24.37278,1.00955,1,-0.03027,0.01283,0.66281,0.00449,1,0.03514,0.01446,0.65365,0.00492,1,0,0.00000,23
0.54072,0.20184,89.99791,0.28821,193,1,0.53105,0.23825,1,0.54401,0.17655,1,0.53753,0.20740,1,0.37891,0.42993,22.43358,1.01658,1,0.64171,0.42086,24.44723,1.01658,1,-0.03027,0.01283,0.66281,0.00445,1,0.03514,0.01446,0.65365,0.00497,1,0,0.00000,23
0.54065,0.20197,89.99791,0.29470,193,1,0.53105,0.23825,1,0.54401,0.17655,1,0.53753,0.20740,1,0.37882,0.42995,22.41669,1.01658,1,0.64174,0.42086,24.13760,1.01658,1,-0.02910,0.01222,0.63419,0.00447,1,0.03549,0.01470,0.66205,0.00497,1,0,0.00000,23
0.54112,0.20270,89.99791,0.30135,193,1,0.54392,0.27814,1,0.58079,0.19343,1,0.56236,0.23579,1,0.37860,0.42991,22.03800,1.00955,1,0.64136,0.42096,24.58730,1.00955,1,-0.02910,0.01222,0.63419,0.00457,1,0.03549,0.01470,0.66205,0.00495,1,0,0.00000,23
0.54178,0.20359,89.99791,0.30809,193,1,0.56732,0.28446,1,0.57652,0.20493,1,0.57192,0.24470,1,0.37858,0.42995,22.01449,1.00252,1,0.64126,0.42097,24.43765,1.00252,1,-0.02910,0.01222,0.63419,0.00456,1,0.03549,0.01470,0.66205,0.00497,1,0,0.00000,23
0.55444,0.22814,89.99791,0.30809,193,0,0.56732,0.28446,1,0.57758,0.19787,1,0.57245,0.24117,1,0.37849,0.43021,22.41617,1.00252,1,0.64113,0.42100,24.40671,1.01061,1,-0.03012,0.01258,0.65525,0.00449,1,0.03589,0.01483,0.67034,0.00499,1,0,0.00000,23
0.55280,0.23340,89.99791,0.30809,193,0,0.54673,0.28876,1,0.55559,0.18855,1,0.55116,0.23865,1,0.37826,0.43029,22.53785,1.01764,1,0.64101,0.42096,24.42234,1.02573,1,-0.03012,0.01258,0.65525,0.00454,1,0.03589,0.01483,0.67034,0.00493,1,0,0.00000,23
0.55031,0.22279,89.99791,0.30809,193,0,0.54090,0.21740,1,0.54974,0.18574,1,0.54532,0.20157,1,0.37817,0.43040,22.55718,1.03275,1,0.64096,0.42096,24.39109,1.04084,1,-0.03012,0.01258,0.65525,0.00450,1,0.03589,0.01483,0.67034,0.00495,1,0,0.00000,23
0.54891,0.21521,90.31270,0.01974,194,1,0.53895,0.20524,1,0.55046,0.17968,1,0.54470,0.19246,1,0.37805,0.43038,22.34333,1.04787,1,0.64093,0.42090,24.21403,1.04787,1,-0.03018,0.01257,0.65444,0.00451,1,0.03464,0.01438,0.64979,0.00492,1,0,0.00000,23
0.55008,0.21373,90.31270,0.02658,194,1,0.51511,0.22326,1,0.59441,0.19236,1,0.55476,0.20781,1,0.37796,0.43050,22.48974,1.04787,1,0.64065,0.42103,24.17374,1.03978,1,-0.03018,0.01257,0.65444,0.00453,1,0.03464,0.01438,0.64979,0.00501,1,0,0.00000,23
0.55021,0.21443,90.31270,0.03344,194,1,0.51378,0.23156,1,0.58802,0.20433,1,0.55090,0.21795,1,0.37792,0.43054,22.68593,1.03978,1,0.64066,0.42102,23.82703,1.03169,1,-0.03018,0.01257,0.65444,0.00449,1,0.03464,0.01438,0.64979,0.00502,1,0,0.00000,23
0.55041,0.21620,90.31270,0.04014,194,1,0.51609,0.24338,1,0.58705,0.21029,1,0.55157,0.22683,1,0.37792,0.43052,22.57001,1.02467,1,0.64054,0.42117,24.19167,1.02467,1,-0.02975,0.01237,0.64419,0.00453,1,0.03586,0.01485,0.67363,0.00499,1,0,0.00000,23
0.55230,0.21722,90.31270,0.04636,194,1,0.55957,0.21790,1,0.57145,0.23086,1,0.56551,0.22438,1,0.37772,0.43057,22.55701,1.01764,1,0.64031,0.42124,24.41495,1.02573,1,-0.02975,0.01237,0.64419,0.00457,1,0.03586,0.01485,0.67363,0.00496,1,0,0.00000,23
0.55319,0.21802,90.31270,0.05302,194,1,0.55743,0.21576,1,0.56324,0.23308,1,0.56034,0.22442,1,0.37770,0.43054,22.42201,1.01870,1,0.64032,0.42120,24.25631,1.02679,1,-0.02975,0.01237,0.64419,0.00462,1,0.03586,0.01485,0.67363,0.00497,1,0,0.00000,23
0.55386,0.21768,90.31270,0.05974,194,1,0.55559,0.20264,1,0.56416,0.22654,1,0.55987,0.21459,1,0.37761,0.43059,22.37712,1.03469,1,0.64030,0.42122,24.10521,1.03469,1,-0.03135,0.01289,0.67656,0.00455,1,0.03476,0.01441,0.65580,0.00500,1,0,0.00000,23
0.55476,0.21789,90.31270,0.06773,194,1,0.54124,0.21841,1,0.58641,0.22152,1,0.56383,0.21996,1,0.37748,0.43072,22.38037,1.04962,1,0.64026,0.42119,23.82682,1.04154,1,-0.03135,0.01289,0.67656,0.00456,1,0.03476,0.01441,0.65580,0.00504,1,0,0.00000,23
0.55446,0.21715,90.31270,0.07471,194,1,0.52987,0.20490,1,0.57246,0.21305,1,0.55116,0.20898,1,0.37737,0.43075,22.44508,1.05647,1,0.64008,0.42118,23.87472,1.04838,1,-0.03135,0.01289,0.67656,0.00456,1,0.03476,0.01441,0.65580,0.00499,1,0,0.00000,23
0.55421,0.21658,90.31270,0.08029,194,1,0.53001,0.20575,1,0.57233,0.21393,1,0.55117,0.20984,1,0.37738,0.43085,22.53419,1.05540,1,0.63992,0.42127,24.17387,1.04732,1,-0.03074,0.01262,0.66230,0.00455,1,0.03476,0.01436,0.65580,0.00501,1,0,0.00000,23
0.55434,0.21611,90.31270,0.08714,194,1,0.51964,0.24298,1,0.59238,0.17696,1,0.55601,0.20997,1,0.37720,0.43102,22.61318,1.03941,1,0.63980,0.42146,24.36341,1.03941,1,-0.03074,0.01262,0.66230,0.00457,1,0.03476,0.01436,0.65580,0.00502,1,0,0.00000,23
0.55425,0.21609,90.31270,0.09389,194,1,0.51700,0.25086,1,0.58916,0.18077,1,0.55308,0.21582,1,0.37720,0.43102,22.61318,1.03151,1,0.63979,0.42146,24.38499,1.03151,1,-0.03074,0.01262,0.66230,0.00457,1,0.03476,0.01436,0.65580,0.00501,1,0,0.00000,23
0.55422,0.21662,90.31270,0.10049,194,1,0.51926,0.26237,1,0.58821,0.18673,1,0.55374,0.22455,1,0.37712,0.43107,22.51554,1.01658,1,0.63978,0.42153,24.41909,1.02467,1,-0.03009,0.01228,0.64735,0.00458,1,0.03623,0.01499,0.68442,0.00498,1,0,0.00000,23
0.55469,0.21748,90.31270,0.10745,194,1,0.54589,0.27718,1,0.57856,0.18518,1,0.56223,0.23118,1,0.37701,0.43112,22.43605,1.01764,1,0.63962,0.42146,24.64150,1.02573,1,-0.03009,0.01228,0.64735,0.00460,1,0.03623,0.01499,0.68442,0.00500,1,0,0.00000,23
0.55559,0.21847,90.31270,0.11386,194,1,0.57274,0.27445,1,0.56898,0.19638,1,0.57086,0.23541,1,0.37701,0.43113,22.39935,1.01870,1,0.63959,0.42145,24.64072,1.02679,1,-0.03009,0.01228,0.64735,0.00460,1,0.03623,0.01499,0.68442,0.00499,1,0,0.00000,23
0.55635,0.21936,90.31270,0.12048,194,1,0.57192,0.26824,1,0.56811,0.20257,1,0.57002,0.23541,1,0.37690,0.43123,22.61794,1.02679,1,0.63950,0.42160,24.57064,1.01960,1,-0.03085,0.01252,0.66251,0.00465,1,0.03405,0.01413,0.64506,0.00501,1,0,0.00000,23
0.55633,0.21961,90.31270,0.12733,194,1,0.55650,0.23168,1,0.55539,0.21668,1,0.55595,0.22418,1,0.37684,0.43131,22.70705,1.02663,1,0.63942,0.42161,24.82865,1.01135,1,-0.03085,0.01252,0.66251,0.00463,1,0.03405,0.01413,0.64506,0.00500,1,0,0.00000,23
0.55613,0.22007,90.31270,0.13396,194,1,0.55380,0.23097,1,0.55057,0.22770,1,0.55219,0.22933,1,0.37680,0.43135,22.74024,1.01838,1,0.63945,0.42171,24.58163,1.00310,1,-0.03085,0.01252,0.66251,0.00460,1,0.03405,0.01413,0.64506,0.00501,1,0,0.00000,23
0.55597,0.22066,90.31270,0.14087,194,1,0.55479,0.23762,1,0.55046,0.22861,1,0.55262,0.23311,1,0.37683,0.43137,22.85493,1.01012,1,0.63940,0.42172,24.50108,1.00204,1,-0.03085,0.01252,0.66251,0.00459,1,0.03506,0.01456,0.66505,0.00500,1,0,0.00000,23
0.55638,0.22180,90.31270,0.14726,194,1,0.55072,0.24873,1,0.57991,0.24500,1,0.56531,0.24687,1,0.37674,0.43145,22.80976,1.00204,1,0.63937,0.42176,24.39561,1.00922,1,-0.03085,0.01252,0.66251,0.00467,1,0.03506,0.01456,0.66505,0.00500,1,0,0.00000,23
0.55671,0.22318,90.31270,0.15404,194,1,0.55392,0.26168,1,0.57477,0.24833,1,0.56434,0.25500,1,0.37675,0.43144,22.81163,1.00922,1,0.63941,0.42185,24.31841,1.01641,1,-0.03085,0.01252,0.66251,0.00466,1,0.03506,0.01456,0.66505,0.00497,1,0,0.00000,23
0.55702,0.22397,90.31270,0.16074,194,1,0.55210,0.24986,1,0.57670,0.23596,1,0.56440,0.24291,1,0.37672,0.43138,22.72000,1.02432,1,0.63930,0.42185,24.36392,1.03151,1,-0.03168,0.01284,0.67934,0.00463,1,0.03506,0.01456,0.66505,0.00501,1,0,0.00000,23
0.55722,0.22449,90.31270,0.16714,194,1,0.54600,0.23858,1,0.57863,0.23615,1,0.56232,0.23736,1,0.37675,0.43145,22.80798,1.03941,1,0.63929,0.42184,24.42356,1.03941,1,-0.03168,0.01284,0.67934,0.00465,1,0.03506,0.01456,0.66505,0.00498,1,0,0.00000,23
0.55729,0.22501,90.31270,0.17439,194,1,0.54041,0.24147,1,0.57769,0.23586,1,0.55905,0.23866,1,0.37669,0.43136,22.61136,1.04732,1,0.63930,0.42187,24.36642,1.04732,1,-0.03168,0.01284,0.67934,0.00466,1,0.03506,0.01456,0.66505,0.00498,1,0,0.00000,23
0.55735,0.22528,90.31270,0.18074,194,1,0.53941,0.23538,1,0.57870,0.22948,1,0.55905,0.23243,1,0.37675,0.43146,22.60740,1.05522,1,0.63944,0.42190,24.27434,1.05522,1,-0.03168,0.01284,0.67934,0.00466,1,0.03526,0.01460,0.66894,0.00495,1,0,0.00000,23
0.55768,0.22570,90.31270,0.18763,194,1,0.55173,0.23775,1,0.58163,0.23740,1,0.56668,0.23757,1,0.37676,0.43147,22.59871,1.05522,1,0.63939,0.42196,24.54407,1.05522,1,-0.03168,0.01284,0.67934,0.00466,1,0.03526,0.01460,0.66894,0.00495,1,0,0.00000,23
0.55803,0.22631,90.31270,0.19439,194,1,0.55056,0.24535,1,0.58607,0.24261,1,0.56831,0.24398,1,0.37679,0.43155,22.85873,1.05522,1,0.63944,0.42194,24.35410,1.05522,1,-0.03168,0.01284,0.67934,0.00464,1,0.03526,0.01460,0.66894,0.00494,1,0,0.00000,23
0.55834,0.22735,90.31270,0.20097,194,1,0.55232,0.25676,1,0.58311,0.26018,1,0.56771,0.25847,1,0.37677,0.43150,22.71021,1.04029,1,0.63939,0.42211,24.51012,1.03310,1,-0.02978,0.01211,0.64060,0.00466,1,0.03339,0.01381,0.63264,0.00504,1,0,0.00000,23
0.55880,0.22810,90.31270,0.20831,194,1,0.55916,0.27324,1,0.58684,0.22926,1,0.57300,0.25125,1,0.37678,0.43154,22.74678,1.01817,1,0.63939,0.42211,24.51012,1.01098,1,-0.02978,0.01211,0.64060,0.00467,1,0.03339,0.01381,0.63264,0.00504,1,0,0.00000,23
0.55923,0.22933,90.31270,0.21480,194,1,0.56019,0.28944,1,0.58563,0.24833,1,0.57291,0.26888,1,0.37682,0.43156,22.56956,0.99605,1,0.63940,0.42213,24.51813,0.98886,1,-0.02978,0.01211,0.64060,0.00467,1,0.03339,0.01381,0.63264,0.00503,1,0,0.00000,23
0.55962,0.23102,90.31270,0.22164,194,1,0.56275,0.30644,1,0.58249,0.26695,1,0.57262,0.28670,1,0.37685,0.43159,22.70591,0.97393,1,0.63942,0.42211,24.47425,0.96674,1,-0.02978,0.01211,0.64060,0.00469,1,0.03339,0.01381,0.63264,0.00504,1,0,0.00000,23
0.56021,0.23280,90.31270,0.22786,194,1,0.57828,0.31956,1,0.58216,0.26686,1,0.58022,0.29321,1,0.37687,0.43160,22.67544,0.96674,1,0.63944,0.42210,24.50100,0.96674,1,-0.02978,0.01211,0.64060,0.00469,1,0.03339,0.01381,0.63264,0.00506,1,0,0.00000,23
0.56034,0.23370,90.31270,0.23440,194,1,0.57097,0.27159,1,0.55891,0.25902,1,0.56494,0.26530,1,0.37688,0.43157,22.67437,0.96674,1,0.63950,0.42214,24.45712,0.96674,1,-0.02978,0.01211,0.64060,0.00467,1,0.03339,0.01381,0.63264,0.00504,1,0,0.00000,23
0.56048,0.23447,90.31270,0.24117,194,1,0.57097,0.27159,1,0.55976,0.25289,1,0.56536,0.26224,1,0.37694,0.43162,22.79872,0.96674,1,0.63950,0.42211,24.56542,0.97393,1,-0.02978,0.01211,0.64060,0.00465,1,0.03490,0.01441,0.66030,0.00503,1,0,0.00000,23
0.56772,0.26278,90.31270,0.24117,194,0,0.56912,0.31002,1,0.55639,0.31934,1,0.56275,0.31468,1,0.37698,0.43162,22.82503,0.97393,1,0.63949,0.42207,24.67368,0.98112,1,-0.02978,0.01211,0.64060,0.00472,1,0.03490,0.01441,0.66030,0.00502,1,0,0.00000,23
0.57385,0.28468,90.31270,0.24117,194,0,0.57457,0.30844,1,0.58540,0.30471,1,0.57999,0.30657,1,0.37694,0.43156,22.69754,0.98112,1,0.63951,0.42207,24.68371,0.98831,1,-0.02978,0.01211,0.64060,0.00470,1,0.03490,0.01441,0.66030,0.00501,1,0,0.00000,23
0.57594,0.29012,90.31270,0.24117,194,0,0.57382,0.30295,1,0.58643,0.29906,1,0.58012,0.30101,1,0.37691,0.43154,22.61035,0.98831,1,0.63948,0.42206,24.62630,0.99550,1,-0.02978,0.01211,0.64060,0.00472,1,0.03490,0.01441,0.66030,0.00504,1,0,0.00000,23
0.57306,0.28602,90.56056,0.02011,195,1,0.53850,0.25177,1,0.59034,0.29563,1,0.56442,0.27370,1,0.37696,0.43151,22.56582,0.99550,1,0.63945,0.42209,24.70450,0.99550,1,-0.02978,0.01211,0.64060,0.00473,1,0.03490,0.01441,0.66030,0.00503,1,0,0.00000,23
0.56599,0.29021,90.56056,0.02675,195,1,0.50738,0.30780,1,0.56807,0.30616,1,0.53772,0.30698,1,0.37692,0.43157,22.68974,0.99550,1,0.63948,0.42206,24.62630,0.99550,1,-0.02978,0.01211,0.64060,0.00471,1,0.03490,0.01441,0.66030,0.00504,1,0,0.00000,23
0.56128,0.29300,90.56056,0.03307,195,1,0.50738,0.30780,1,0.56807,0.30616,1,0.53772,0.30698,1,0.37688,0.43151,22.51148,0.99550,1,0.63949,0.42208,24.58040,0.99550,1,-0.02978,0.01211,0.64060,0.00472,1,0.03490,0.01441,0.66030,0.00504,1,0,0.00000,23
0.55701,0.29424,90.56056,0.04007,195,1,0.50795,0.29910,1,0.55482,0.30427,1,0.53139,0.30168,1,0.37690,0.43167,22.83078,0.99550,1,0.63954,0.42205,24.47309,0.99550,1,-0.02978,0.01211,0.64060,0.00472,1,0.03490,0.01441,0.66030,0.00504,1,0,0.00000,23
0.55665,0.29573,90.56056,0.04639,195,1,0.54408,0.31732,1,0.56422,0.29492,1,0.55415,0.30612,1,0.37689,0.43165,22.79105,0.99550,1,0.63949,0.42206,24.62172,0.99550,1,-0.02978,0.01211,0.64060,0.00472,1,0.03490,0.01441,0.66030,0.00504,1,0,0.00000,23
0.55643,0.29653,90.56056,0.05330,195,1,0.54408,0.31732,1,0.56520,0.28852,1,0.55464,0.30292,1,0.37690,0.43172,22.95700,0.99550,1,0.63951,0.42210,24.70604,1.00359,1,-0.02978,0.01211,0.64060,0.00471,1,0.03568,0.01471,0.67393,0.00501,1,0,0.00000,23
0.55480,0.29560,90.56056,0.06015,195,1,0.50769,0.29863,1,0.57247,0.27578,1,0.54008,0.28720,1,0.37701,0.43166,22.85831,1.00359,1,0.63953,0.42214,24.68664,1.01168,1,-0.02978,0.01211,0.64060,0.00469,1,0.03568,0.01471,0.67393,0.00505,1,0,0.00000,23
0.55348,0.29469,90.56056,0.06696,195,1,0.51125,0.29503,1,0.56943,0.27614,1,0.54034,0.28559,1,0.37708,0.43177,23.21786,1.01168,1,0.63961,0.42207,24.55836,1.01976,1,-0.02978,0.01211,0.64060,0.00466,1,0.03568,0.01471,0.67393,0.00505,1,0,0.00000,23
0.55236,0.29296,90.56056,0.07320,195,1,0.50883,0.28382,1,0.57128,0.26420,1,0.54006,0.27401,1,0.37707,0.43162,22.96851,1.02679,1,0.63965,0.42206,24.62246,1.03488,1,-0.03074,0.01252,0.66230,0.00465,1,0.03568,0.01471,0.67393,0.00505,1,0,0.00000,23
0.55220,0.28998,90.56056,0.07957,195,1,0.51907,0.25257,1,0.58141,0.25586,1,0.55024,0.25422,1,0.37716,0.43159,22.92864,1.04190,1,0.63974,0.42195,24.84465,1.04190,1,-0.03074,0.01252,0.66230,0.00470,1,0.03568,0.01471,0.67393,0.00504,1,0,0.00000,23
0.55263,0.28634,90.56056,0.08684,195,1,0.52410,0.24488,1,0.59236,0.23305,1,0.55823,0.23897,1,0.37725,0.43156,22.95911,1.04893,1,0.63979,0.42195,24.66548,1.04893,1,-0.03074,0.01252,0.66230,0.00478,1,0.03568,0.01471,0.67393,0.00508,1,0,0.00000,23
0.55296,0.28262,90.56056,0.09326,195,1,0.52198,0.23348,1,0.59332,0.22753,1,0.55765,0.23050,1,0.37729,0.43155,22.98381,1.06386,1,0.63989,0.42189,24.70112,1.05577,1,-0.03135,0.01279,0.67656,0.00477,1,0.03476,0.01436,0.65580,0.00508,1,0,0.00000,23
0.55309,0.27859,90.56056,0.10028,195,1,0.53656,0.21898,1,0.57330,0.21729,1,0.55493,0.21814,1,0.37738,0.43146,22.92950,1.06368,1,0.63988,0.42190,24.78413,1.05559,1,-0.03135,0.01279,0.67656,0.00474,1,0.03476,0.01436,0.65580,0.00505,1,0,0.00000,23
0.55386,0.27472,90.56056,0.10697,195,1,0.55442,0.20442,1,0.57817,0.22136,1,0.56629,0.21289,1,0.37744,0.43144,22.99963,1.06349,1,0.63996,0.42196,24.71695,1.05541,1,-0.03135,0.01279,0.67656,0.00471,1,0.03476,0.01436,0.65580,0.00502,1,0,0.00000,23
0.55452,0.27213,90.56056,0.11346,195,1,0.55613,0.21646,1,0.57535,0.23953,1,0.56574,0.22799,1,0.37756,0.43150,23.16157,1.04838,1,0.64002,0.42196,24.72785,1.03310,1,-0.02975,0.01218,0.64419,0.00470,1,0.03415,0.01409,0.64326,0.00511,1,0,0.00000,23
0.55499,0.27090,90.56056,0.12023,195,1,0.52917,0.24512,1,0.59773,0.25256,1,0.56345,0.24884,1,0.37774,0.43148,23.23039,1.01817,1,0.64034,0.42190,25.00521,1.01098,1,-0.02975,0.01218,0.64419,0.00472,1,0.03415,0.01409,0.64326,0.00498,1,0,0.00000,23
0.55441,0.27172,90.56056,0.12682,195,1,0.51293,0.31246,1,0.57355,0.26231,1,0.54324,0.28739,1,0.37780,0.43144,23.26862,0.99605,1,0.64045,0.42182,25.11830,0.98886,1,-0.02975,0.01218,0.64419,0.00469,1,0.03415,0.01409,0.64326,0.00499,1,0,0.00000,23
0.55393,0.27273,90.56056,0.13350,195,1,0.51536,0.32360,1,0.57358,0.26216,1,0.54447,0.29288,1,0.37770,0.43138,23.09672,0.98096,1,0.64055,0.42163,24.60957,0.98905,1,-0.03018,0.01242,0.65444,0.00469,1,0.03586,0.01475,0.67363,0.00505,1,0,0.00000,23
0.55349,0.27248,90.56056,0.13987,195,1,0.53198,0.29093,1,0.55652,0.24363,1,0.54425,0.26728,1,0.37821,0.43154,23.83154,0.99607,1,0.64066,0.42179,24.77384,1.01135,1,-0.03018,0.01242,0.65444,0.00475,1,0.03586,0.01475,0.67363,0.00509,1,0,0.00000,23
0.55362,0.27142,90.56056,0.14708,195,1,0.53781,0.27289,1,0.57513,0.22335,1,0.55647,0.24812,1,0.37836,0.43154,23.90194,1.01838,1,0.64064,0.42184,24.96914,1.03365,1,-0.03018,0.01242,0.65444,0.00467,1,0.03586,0.01475,0.67363,0.00509,1,0,0.00000,23
0.55370,0.26998,90.56056,0.15346,195,1,0.53482,0.25589,1,0.57602,0.21752,1,0.55542,0.23670,1,0.37822,0.43126,23.34514,1.04068,1,0.64072,0.42171,24.83933,1.04068,1,-0.03012,0.01248,0.65525,0.00471,1,0.03434,0.01409,0.64318,0.00510,1,0,0.00000,23
0.55382,0.26912,90.56056,0.16039,195,1,0.52120,0.27163,1,0.59244,0.22521,1,0.55682,0.24842,1,0.37835,0.43119,23.29362,1.04068,1,0.64087,0.42188,25.19726,1.02540,1,-0.03012,0.01248,0.65525,0.00479,1,0.03434,0.01409,0.64318,0.00511,1,0,0.00000,23
0.55313,0.26858,90.56056,0.16692,195,1,0.49956,0.26406,1,0.57225,0.24655,1,0.53590,0.25530,1,0.37846,0.43117,23.15224,1.02540,1,0.64109,0.42193,25.21383,1.01012,1,-0.03012,0.01248,0.65525,0.00473,1,0.03434,0.01409,0.64318,0.00504,1,0,0.00000,23
0.55252,0.26843,90.56056,0.17406,195,1,0.50214,0.27567,1,0.57122,0.25323,1,0.53668,0.26445,1,0.37850,0.43117,22.99832,1.01012,1,0.64129,0.42179,24.63778,1.00204,1,-0.03036,0.01262,0.66259,0.00473,1,0.03549,0.01450,0.66205,0.00512,1,0,0.00000,23
0.55325,0.26939,90.56056,0.18077,195,1,0.57477,0.30303,1,0.57114,0.28770,1,0.57296,0.29537,1,0.37941,0.43148,23.86049,1.00204,1,0.64174,0.42202,25.09355,1.00923,1,-0.03036,0.01262,0.66259,0.00476,1,0.03549,0.01450,0.66205,0.00510,1,0,0.00000,23
0.55494,0.27011,90.56056,0.18713,195,1,0.58085,0.29883,1,0.62367,0.28179,1,0.60226,0.29031,1,0.37978,0.43158,23.83529,1.00923,1,0.64225,0.42187,24.96366,1.01641,1,-0.03036,0.01262,0.66259,0.00475,1,0.03549,0.01450,0.66205,0.00512,1,0,0.00000,23
0.55652,0.27049,90.56056,0.19344,195,1,0.57942,0.28747,1,0.62504,0.27559,1,0.60223,0.28153,1,0.38022,0.43160,23.97414,1.02432,1,0.64268,0.42218,25.42498,1.02432,1,-0.03085,0.01294,0.67903,0.00475,1,0.03410,0.01383,0.63159,0.00519,1,0,0.00000,23
0.55886,0.26937,90.56056,0.20010,195,1,0.59842,0.26960,1,0.65998,0.20195,1,0.62920,0.23577,1,0.38057,0.43154,23.81038,1.03222,1,0.64292,0.42208,25.49581,1.02503,1,-0.03085,0.01294,0.67903,0.00475,1,0.03410,0.01383,0.63159,0.00510,1,0,0.00000,23
0.56108,0.26847,90.56056,0.20963,195,1,0.59255,0.27406,1,0.66683,0.20674,1,0.62969,0.24040,1,0.38064,0.43141,24.18682,1.03294,1,0.64294,0.42215,25.52505,1.02575,1,-0.03085,0.01294,0.67903,0.00468,1,0.03410,0.01383,0.63159,0.00513,1,0,0.00000,23
0.56313,0.26796,90.56056,0.21654,195,1,0.59372,0.28488,1,0.66384,0.21875,1,0.62878,0.25182,1,0.38073,0.43136,24.27034,1.01872,1,0.64306,0.42219,25.44400,1.01153,1,-0.02931,0.01233,0.64712,0.00473,1,0.03410,0.01378,0.63159,0.00517,1,0,0.00000,23
0.56399,0.26795,90.56056,0.22153,195,1,0.58187,0.29605,1,0.60274,0.23858,1,0.59231,0.26731,1,0.38084,0.43139,24.27867,0.99660,1,0.64311,0.42223,25.62293,0.99660,1,-0.02931,0.01233,0.64712,0.00473,1,0.03410,0.01378,0.63159,0.00518,1,0,0.00000,23
0.56491,0.26823,90.56056,0.22691,195,1,0.58348,0.30103,1,0.60882,0.25444,1,0.59615,0.27773,1,0.38092,0.43135,24.23030,0.98167,1,0.64316,0.42229,25.61164,0.98167,1,-0.02931,0.01233,0.64712,0.00474,1,0.03410,0.01378,0.63159,0.00515,1,0,0.00000,23
0.56579,0.26865,90.56056,0.23362,195,1,0.58490,0.31256,1,0.60888,0.25415,1,0.59689,0.28336,1,0.38100,0.43142,24.32400,0.96674,1,0.64329,0.42226,25.44773,0.98202,1,-0.02931,0.01233,0.64712,0.00474,1,0.03645,0.01464,0.67327,0.00513,1,0,0.00000,23
0.59303,0.26895,90.56056,0.23362,195,0,0.56234,0.31633,1,0.62421,0.25176,1,0.59328,0.28404,1,0.38097,0.43155,24.10056,0.98202,1,0.64328,0.42235,25.46717,0.99730,1,-0.02931,0.01233,0.64712,0.00475,1,0.03645,0.01464,0.67327,0.00513,1,0,0.00000,23
0.59723,0.26718,90.56056,0.23362,195,0,0.57067,0.29341,1,0.63220,0.23740,1,0.60144,0.26541,1,0.38107,0.43145,24.11758,0.99730,1,0.64347,0.42235,25.53759,1.01258,1,-0.02931,0.01233,0.64712,0.00470,1,0.03645,0.01464,0.67327,0.00506,1,0,0.00000,23
0.59855,0.26068,90.56056,0.23362,195,0,0.56748,0.27031,1,0.63492,0.22504,1,0.60120,0.24767,1,0.38112,0.43151,24.13829,1.02751,1,0.64355,0.42232,25.73015,1.02751,1,-0.03081,0.01300,0.68260,0.00472,1,0.03469,0.01390,0.63912,0.00508,1,0,0.00000,23
0.60284,0.26035,90.80110,0.02110,196,1,0.57559,0.27723,1,0.65578,0.24148,1,0.61568,0.25935,1,0.38121,0.43159,24.03441,1.04244,1,0.64362,0.42229,25.45993,1.02716,1,-0.03081,0.01300,0.68260,0.00472,1,0.03469,0.01390,0.63912,0.00506,1,0,0.00000,23
0.60208,0.25932,90.80110,0.02744,196,1,0.58002,0.27503,1,0.61810,0.23536,1,0.59906,0.25520,1,0.38123,0.43164,24.00424,1.04209,1,0.64366,0.42238,25.46386,1.02681,1,-0.03081,0.01300,0.68260,0.00473,1,0.03469,0.01390,0.63912,0.00506,1,0,0.00000,23
0.60158,0.25868,90.80110,0.03822,196,1,0.58006,0.27529,1,0.61805,0.23565,1,0.59905,0.25547,1,0.38125,0.43163,24.00450,1.04174,1,0.64369,0.42240,25.30406,1.02646,1,-0.03081,0.01300,0.68260,0.00473,1,0.03469,0.01390,0.63912,0.00509,1,0,0.00000,23
0.60062,0.26009,90.80110,0.04802,196,1,0.58395,0.29019,1,0.60588,0.24691,1,0.59492,0.26855,1,0.38134,0.43155,23.92325,1.02646,1,0.64390,0.42245,25.16285,1.02646,1,-0.03081,0.01300,0.68260,0.00474,1,0.03469,0.01390,0.63912,0.00513,1,0,0.00000,23
0.60003,0.26114,90.80110,0.05654,196,1,0.58466,0.29611,1,0.60703,0.24094,1,0.59585,0.26852,1,0.38135,0.43155,23.91198,1.01856,1,0.64395,0.42243,25.09131,1.03384,1,-0.02963,0.01253,0.65758,0.00475,1,0.03699,0.01478,0.67957,0.00514,1,0,0.00000,23
0.60097,0.26229,90.80110,0.06403,196,1,0.60678,0.30675,1,0.61026,0.23615,1,0.60852,0.27145,1,0.38151,0.43161,23.94839,1.02593,1,0.64399,0.42240,25.02652,1.04121,1,-0.02963,0.01253,0.65758,0.00468,1,0.03699,0.01478,0.67957,0.00513,1,0,0.00000,23
0.60200,0.26190,90.80110,0.07037,196,1,0.60612,0.29627,1,0.61647,0.22061,1,0.61130,0.25844,1,0.38150,0.43164,23.91126,1.03331,1,0.64401,0.42241,24.82146,1.04858,1,-0.02963,0.01253,0.65758,0.00470,1,0.03699,0.01478,0.67957,0.00514,1,0,0.00000,23
0.60285,0.26156,90.80110,0.07638,196,1,0.60610,0.29602,1,0.61653,0.22033,1,0.61132,0.25817,1,0.38163,0.43171,24.13701,1.03365,1,0.64398,0.42243,25.41786,1.04893,1,-0.02849,0.01207,0.63338,0.00470,1,0.03732,0.01486,0.68555,0.00506,1,0,0.00000,23
0.60397,0.26161,90.80110,0.08243,196,1,0.61100,0.27908,1,0.62151,0.24509,1,0.61625,0.26209,1,0.38163,0.43171,24.12477,1.04191,1,0.64407,0.42252,25.05851,1.04191,1,-0.02849,0.01207,0.63338,0.00470,1,0.03732,0.01486,0.68555,0.00510,1,0,0.00000,23
0.60231,0.26163,90.80110,0.08894,196,1,0.54397,0.27545,1,0.62081,0.24841,1,0.58239,0.26193,1,0.38159,0.43160,23.85079,1.03488,1,0.64417,0.42255,25.17826,1.03488,1,-0.02849,0.01207,0.63338,0.00470,1,0.03732,0.01486,0.68555,0.00500,1,0,0.00000,23
0.60083,0.26227,90.80110,0.09388,196,1,0.54486,0.28071,1,0.61827,0.26052,1,0.58156,0.27062,1,0.38164,0.43156,23.85867,1.02785,1,0.64424,0.42252,25.29570,1.01977,1,-0.02849,0.01207,0.63338,0.00470,1,0.03593,0.01429,0.65911,0.00503,1,0,0.00000,23
0.60005,0.26296,90.80110,0.10085,196,1,0.54714,0.29040,1,0.63124,0.25476,1,0.58919,0.27258,1,0.38165,0.43157,23.84548,1.01977,1,0.64425,0.42252,25.33541,1.01168,1,-0.02849,0.01207,0.63338,0.00469,1,0.03593,0.01429,0.65911,0.00501,1,0,0.00000,23
0.59932,0.26373,90.80110,0.10767,196,1,0.54581,0.28805,1,0.63097,0.26258,1,0.58839,0.27531,1,0.38165,0.43157,23.84548,1.01168,1,0.64425,0.42252,25.33541,1.00359,1,-0.02849,0.01207,0.63338,0.00469,1,0.03593,0.01429,0.65911,0.00501,1,0,0.00000,23
0.59863,0.26496,90.80110,0.11422,196,1,0.54684,0.29416,1,0.62817,0.27498,1,0.58751,0.28457,1,0.38165,0.43157,23.84548,1.00359,1,0.64426,0.42252,25.32866,0.98831,1,-0.02849,0.01207,0.63338,0.00469,1,0.03465,0.01376,0.63475,0.00502,1,0,0.00000,23
0.59720,0.26739,90.80110,0.12059,196,1,0.55085,0.31291,1,0.59491,0.30455,1,0.57288,0.30873,1,0.38171,0.43167,24.11680,0.98831,1,0.64429,0.42257,25.31502,0.98112,1,-0.02849,0.01207,0.63338,0.00468,1,0.03465,0.01376,0.63475,0.00505,1,0,0.00000,23
0.59601,0.27017,90.80110,0.12738,196,1,0.55301,0.32073,1,0.59631,0.31980,1,0.57466,0.32027,1,0.38171,0.43171,24.10126,0.98112,1,0.64428,0.42258,25.31674,0.97393,1,-0.02849,0.01207,0.63338,0.00469,1,0.03465,0.01376,0.63475,0.00504,1,0,0.00000,23
0.59494,0.27295,90.80110,0.13448,196,1,0.55391,0.32611,1,0.59520,0.32542,1,0.57455,0.32576,1,0.38169,0.43169,24.11223,0.97393,1,0.64428,0.42260,25.28597,0.96674,1,-0.02849,0.01207,0.63338,0.00468,1,0.03465,0.01376,0.63475,0.00504,1,0,0.00000,23
0.59416,0.27529,90.80110,0.14098,196,1,0.56119,0.32631,1,0.59599,0.31769,1,0.57859,0.32200,1,0.38176,0.43169,24.12537,0.96674,1,0.64433,0.42263,25.24887,0.96674,1,-0.02849,0.01207,0.63338,0.00469,1,0.03465,0.01376,0.63475,0.00505,1,0,0.00000,23
0.59344,0.27750,90.80110,0.14732,196,1,0.55966,0.32716,1,0.59685,0.32075,1,0.57825,0.32396,1,0.38171,0.43175,24.06191,0.96674,1,0.64434,0.42268,25.15942,0.96674,1,-0.02849,0.01207,0.63338,0.00469,1,0.03465,0.01376,0.63475,0.00502,1,0,0.00000,23
0.59278,0.27929,90.80110,0.15521,196,1,0.55881,0.32187,1,0.59796,0.31523,1,0.57838,0.31855,1,0.38173,0.43172,24.16501,0.97377,1,0.64435,0.42273,25.04884,0.97377,1,-0.02952,0.01252,0.65737,0.00470,1,0.03488,0.01380,0.63903,0.00504,1,0,0.00000,23
0.59228,0.28113,90.80110,0.16095,196,1,0.55805,0.32725,1,0.60348,0.31991,1,0.58076,0.32358,1,0.38170,0.43167,24.10461,0.98079,1,0.64440,0.42270,24.98650,0.98079,1,-0.02952,0.01252,0.65737,0.00468,1,0.03488,0.01380,0.63903,0.00506,1,0,0.00000,23
0.58086,0.30510,90.80110,0.16095,196,0,0.55654,0.31572,1,0.61463,0.31482,1,0.58559,0.31527,1,0.38180,0.43168,24.17458,0.98782,1,0.64445,0.42262,24.93134,0.98782,1,-0.02952,0.01252,0.65737,0.00466,1,0.03488,0.01380,0.63903,0.00507,1,0,0.00000,23
0.58331,0.30751,90.80110,0.16095,196,0,0.55569,0.31046,1,0.61583,0.30939,1,0.58576,0.30992,1,0.38182,0.43168,23.99828,0.99485,1,0.64445,0.42246,24.49342,0.99485,1,-0.02952,0.01252,0.65737,0.00467,1,0.03488,0.01380,0.63903,0.00511,1,0,0.00000,23
0.58420,0.29574,90.80110,0.16095,196,0,0.55594,0.30619,1,0.61603,0.23823,1,0.58598,0.27221,1,0.38187,0.43166,23.87851,0.99485,1,0.64455,0.42260,24.26006,0.99485,1,-0.02952,0.01252,0.65737,0.00466,1,0.03488,0.01380,0.63903,0.00516,1,0,0.00000,23
0.58176,0.28958,90.96896,0.02032,197,1,0.54968,0.29182,1,0.59920,0.25034,1,0.57444,0.27108,1,0.38176,0.43163,24.10863,0.99485,1,0.64444,0.42254,24.42201,0.99485,1,-0.02952,0.01252,0.65737,0.00464,1,0.03488,0.01380,0.63903,0.00503,1,0,0.00000,23
0.58039,0.28640,90.96896,0.02660,197,1,0.55057,0.29720,1,0.59922,0.25021,1,0.57489,0.27370,1,0.38148,0.43154,23.82220,0.98782,1,0.64421,0.42268,25.25664,0.99501,1,-0.02849,0.01207,0.63338,0.00466,1,0.03616,0.01433,0.66339,0.00500,1,0,0.00000,23
0.57594,0.28431,90.96896,0.03452,197,1,0.54294,0.30938,1,0.56450,0.23827,1,0.55372,0.27383,1,0.38060,0.43123,22.71213,0.98798,1,0.64362,0.42261,24.81947,0.99517,1,-0.02849,0.01207,0.63338,0.00471,1,0.03616,0.01433,0.66339,0.00496,1,0,0.00000,23
0.57098,0.28294,90.96896,0.04202,197,1,0.52982,0.30461,1,0.55254,0.24485,1,0.54118,0.27473,1,0.38056,0.43131,22.79146,0.98815,1,0.64356,0.42263,24.65317,0.99534,1,-0.02849,0.01207,0.63338,0.00472,1,0.03616,0.01433,0.66339,0.00493,1,0,0.00000,23
0.56724,0.28119,90.96896,0.04635,197,1,0.52877,0.29919,1,0.55333,0.23880,1,0.54105,0.26899,1,0.38032,0.43136,22.74872,0.99534,1,0.64331,0.42274,24.85245,1.00253,1,-0.02963,0.01253,0.65758,0.00459,1,0.03630,0.01447,0.66771,0.00496,1,0,0.00000,23
0.56453,0.27965,90.96896,0.05360,197,1,0.54197,0.29247,1,0.54372,0.24217,1,0.54284,0.26732,1,0.38040,0.43131,22.70820,1.00955,1,0.64324,0.42276,24.86087,1.00955,1,-0.02963,0.01253,0.65758,0.00462,1,0.03630,0.01447,0.66771,0.00487,1,0,0.00000,23
0.56114,0.27712,90.96896,0.06019,197,1,0.51064,0.28509,1,0.55080,0.22364,1,0.53072,0.25436,1,0.38045,0.43126,22.61872,1.01658,1,0.64340,0.42274,24.63813,1.01658,1,-0.02963,0.01253,0.65758,0.00464,1,0.03630,0.01447,0.66771,0.00496,1,0,0.00000,23
0.55838,0.27505,90.96896,0.06709,197,1,0.51064,0.28509,1,0.55080,0.22364,1,0.53072,0.25436,1,0.38051,0.43132,22.66257,1.01658,1,0.64334,0.42276,24.54522,1.01658,1,-0.02849,0.01207,0.63338,0.00471,1,0.03593,0.01429,0.65911,0.00495,1,0,0.00000,23
0.55663,0.27420,90.96896,0.07310,197,1,0.51641,0.29037,1,0.55831,0.23934,1,0.53736,0.26486,1,0.38062,0.43124,22.67363,1.00955,1,0.64340,0.42281,24.55915,1.00955,1,-0.02849,0.01207,0.63338,0.00466,1,0.03593,0.01429,0.65911,0.00495,1,0,0.00000,23
0.55518,0.27449,90.96896,0.08056,197,1,0.51668,0.30176,1,0.55882,0.25399,1,0.53775,0.27788,1,0.38066,0.43129,22.77122,1.00253,1,0.64344,0.42282,24.36412,1.00253,1,-0.02849,0.01207,0.63338,0.00466,1,0.03593,0.01429,0.65911,0.00496,1,0,0.00000,23
0.55394,0.27512,90.96896,0.08717,197,1,0.51778,0.30698,1,0.55802,0.25980,1,0.53790,0.28339,1,0.38072,0.43134,22.59268,0.99550,1,0.64348,0.42285,24.29640,0.99550,1,-0.02849,0.01207,0.63338,0.00466,1,0.03593,0.01429,0.65911,0.00495,1,0,0.00000,23
0.55336,0.27608,90.96896,0.09544,197,1,0.52606,0.30996,1,0.56435,0.26897,1,0.54520,0.28946,1,0.38069,0.43139,22.39158,0.99550,1,0.64347,0.42284,24.30730,0.99550,1,-0.02849,0.01207,0.63338,0.00467,1,0.03593,0.01429,0.65911,0.00494,1,0,0.00000,23
0.55240,0.27635,90.96896,0.10384,197,1,0.50496,0.29818,1,0.57120,0.26267,1,0.53808,0.28042,1,0.38081,0.43141,22.51773,0.99550,1,0.64346,0.42286,24.40335,0.99550,1,-0.02849,0.01207,0.63338,0.00467,1,0.03593,0.01429,0.65911,0.00495,1,0,0.00000,23
0.55155,0.27627,90.96896,0.10901,197,1,0.50377,0.29291,1,0.57209,0.25689,1,0.53793,0.27490,1,0.38085,0.43145,22.81403,1.00253,1,0.64350,0.42284,24.33281,1.00253,1,-0.02952,0.01252,0.65737,0.00464,1,0.03616,0.01433,0.66339,0.00495,1,0,0.00000,23
0.55114,0.27582,90.96896,0.11819,197,1,0.51005,0.28727,1,0.57832,0.24939,1,0.54419,0.26833,1,0.38083,0.43150,22.70620,1.00955,1,0.64353,0.42293,24.44568,1.00955,1,-0.02952,0.01252,0.65737,0.00470,1,0.03616,0.01433,0.66339,0.00499,1,0,0.00000,23
0.55082,0.27628,90.96896,0.12453,197,1,0.50768,0.30020,1,0.58230,0.26892,1,0.54499,0.28456,1,0.38084,0.43144,22.80476,1.01658,1,0.64355,0.42289,24.32002,1.01658,1,-0.02952,0.01252,0.65737,0.00466,1,0.03616,0.01433,0.66339,0.00495,1,0,0.00000,23
0.55052,0.27613,90.96896,0.13009,197,1,0.50525,0.28926,1,0.58432,0.25700,1,0.54479,0.27313,1,0.38091,0.43148,22.85235,1.03151,1,0.64364,0.42286,24.12020,1.03151,1,-0.03050,0.01296,0.68013,0.00466,1,0.03571,0.01410,0.65513,0.00497,1,0,0.00000,23
0.55059,0.27503,90.96896,0.13474,197,1,0.51275,0.27168,1,0.59124,0.23444,1,0.55200,0.25306,1,0.38104,0.43138,22.76209,1.03941,1,0.64375,0.42285,24.29106,1.03941,1,-0.03050,0.01296,0.68013,0.00461,1,0.03571,0.01410,0.65513,0.00497,1,0,0.00000,23
0.54956,0.27405,90.96896,0.14077,197,1,0.52311,0.26933,1,0.53268,0.23755,1,0.52790,0.25344,1,0.38104,0.43138,22.69847,1.04732,1,0.64373,0.42296,24.51832,1.04732,1,-0.03050,0.01296,0.68013,0.00461,1,0.03571,0.01410,0.65513,0.00495,1,0,0.00000,23
0.54860,0.27328,90.96896,0.14709,197,1,0.52311,0.26933,1,0.53206,0.24337,1,0.52759,0.25635,1,0.38103,0.43139,22.71848,1.04732,1,0.64385,0.42297,24.29293,1.04013,1,-0.02945,0.01253,0.65780,0.00461,1,0.03481,0.01373,0.63782,0.00499,1,0,0.00000,23
0.54796,0.27312,90.96896,0.15348,197,1,0.53279,0.27235,1,0.53343,0.26677,1,0.53311,0.26956,1,0.38106,0.43126,22.62663,1.03222,1,0.64405,0.42292,24.44912,1.02504,1,-0.02945,0.01253,0.65780,0.00467,1,0.03481,0.01373,0.63782,0.00496,1,0,0.00000,23
0.54767,0.27203,90.96896,0.16051,197,1,0.54213,0.28540,1,0.53941,0.20608,1,0.54077,0.24574,1,0.38122,0.43117,22.79217,1.01713,1,0.64405,0.42295,24.40257,1.00994,1,-0.02945,0.01253,0.65780,0.00472,1,0.03481,0.01373,0.63782,0.00497,1,0,0.00000,23
0.54742,0.27171,90.96896,0.16737,197,1,0.54502,0.30206,1,0.53729,0.22532,1,0.54116,0.26369,1,0.38131,0.43118,22.88178,0.99501,1,0.64404,0.42296,24.51269,0.98782,1,-0.02886,0.01230,0.64575,0.00470,1,0.03546,0.01390,0.64793,0.00495,1,0,0.00000,23
0.54703,0.27194,90.96896,0.17407,197,1,0.52203,0.30823,1,0.55205,0.24797,1,0.53704,0.27810,1,0.38137,0.43121,22.93805,0.98079,1,0.64413,0.42298,24.51983,0.98079,1,-0.02886,0.01230,0.64575,0.00472,1,0.03546,0.01390,0.64793,0.00491,1,0,0.00000,23
0.54673,0.27371,90.96896,0.18051,197,1,0.52390,0.31586,1,0.55311,0.32715,1,0.53850,0.32151,1,0.38147,0.43125,23.21916,0.97377,1,0.64413,0.42300,24.47724,0.97377,1,-0.02886,0.01230,0.64575,0.00466,1,0.03546,0.01390,0.64793,0.00491,1,0,0.00000,23
0.54646,0.27545,90.96896,0.18751,197,1,0.52498,0.32115,1,0.55313,0.32703,1,0.53905,0.32409,1,0.38148,0.43127,23.01880,0.96674,1,0.64430,0.42308,24.44500,0.97393,1,-0.02886,0.01230,0.64575,0.00469,1,0.03634,0.01422,0.66302,0.00499,1,0,0.00000,23
0.54613,0.27575,90.96896,0.19405,197,1,0.50538,0.31649,1,0.56773,0.25206,1,0.53656,0.28428,1,0.38153,0.43130,23.03101,0.97393,1,0.64429,0.42311,24.46518,0.98112,1,-0.02886,0.01230,0.64575,0.00467,1,0.03634,0.01422,0.66302,0.00497,1,0,0.00000,23
0.54599,0.27653,90.96896,0.20097,197,1,0.50983,0.32698,1,0.57354,0.27332,1,0.54168,0.30015,1,0.38156,0.43135,23.05918,0.98112,1,0.64435,0.42312,24.55212,0.98831,1,-0.02886,0.01230,0.64575,0.00468,1,0.03634,0.01422,0.66302,0.00494,1,0,0.00000,23
0.54584,0.27673,90.96896,0.20766,197,1,0.50614,0.31076,1,0.57643,0.25523,1,0.54128,0.28299,1,0.38164,0.43136,23.22549,1.00324,1,0.64448,0.42304,23.92749,1.01043,1,-0.03054,0.01306,0.68568,0.00467,1,0.03634,0.01417,0.66303,0.00498,1,0,0.00000,23
0.54578,0.27637,90.96896,0.21428,197,1,0.50610,0.29216,1,0.58160,0.23706,1,0.54385,0.26461,1,0.38164,0.43136,23.21496,1.02536,1,0.64452,0.42309,23.82833,1.02536,1,-0.03054,0.01306,0.68568,0.00466,1,0.03634,0.01417,0.66303,0.00503,1,0,0.00000,23
0.54540,0.27522,90.96896,0.22171,197,1,0.50902,0.25447,1,0.55621,0.22040,1,0.53261,0.23743,1,0.38168,0.43132,23.19315,1.04029,1,0.64455,0.42304,23.98395,1.04029,1,-0.03054,0.01306,0.68568,0.00468,1,0.03634,0.01417,0.66303,0.00502,1,0,0.00000,23
0.54501,0.27389,90.96896,0.22737,197,1,0.50667,0.24315,1,0.55705,0.21398,1,0.53186,0.22856,1,0.38169,0.43129,23.26118,1.05522,1,0.64458,0.42338,24.52183,1.04803,1,-0.03054,0.01306,0.68568,0.00468,1,0.03443,0.01341,0.62741,0.00495,1,0,0.00000,23
0.54445,0.27318,90.96896,0.23383,197,1,0.51352,0.26685,1,0.53622,0.22965,1,0.52487,0.24825,1,0.38169,0.43132,22.94339,1.04803,1,0.64462,0.42333,24.29213,1.04084,1,-0.03054,0.01306,0.68568,0.00469,1,0.03443,0.01341,0.62741,0.00499,1,0,0.00000,23
0.54379,0.27299,90.96896,0.24114,197,1,0.50840,0.27628,1,0.53197,0.25640,1,0.52019,0.26634,1,0.38165,0.43131,23.03176,1.04084,1,0.64460,0.42346,24.44084,1.03365,1,-0.03054,0.01306,0.68568,0.00469,1,0.03443,0.01341,0.62741,0.00497,1,0,0.00000,23
0.54320,0.27305,90.96896,0.24748,197,1,0.51079,0.28743,1,0.53129,0.26274,1,0.52104,0.27508,1,0.38180,0.43138,23.38787,1.02575,1,0.64473,0.42343,24.60065,1.02575,1,-0.02895,0.01240,0.65108,0.00467,1,0.03586,0.01395,0.65242,0.00492,1,0,0.00000,23
0.54283,0.27309,90.96896,0.25414,197,1,0.51740,0.29167,1,0.54024,0.25742,1,0.52882,0.27455,1,0.38184,0.43143,23.14008,1.01785,1,0.64464,0.42345,24.64362,1.02504,1,-0.02895,0.01240,0.65108,0.00469,1,0.03586,0.01395,0.65242,0.00496,1,0,0.00000,23
0.54267,0.27352,90.96896,0.26112,197,1,0.52687,0.31494,1,0.54594,0.26570,1,0.53640,0.29032,1,0.38186,0.43150,22.92135,1.01713,1,0.64472,0.42345,24.69179,1.02432,1,-0.02895,0.01240,0.65108,0.00474,1,0.03586,0.01395,0.65242,0.00492,1,0,0.00000,23
0.54251,0.27394,90.96896,0.26815,197,1,0.52697,0.31545,1,0.54587,0.26627,1,0.53642,0.29086,1,0.38190,0.43146,22.81454,1.01642,1,0.64481,0.42342,24.68114,1.02361,1,-0.02895,0.01240,0.65108,0.00472,1,0.03586,0.01395,0.65242,0.00491,1,0,0.00000,23
0.54235,0.27446,90.96896,0.27458,197,1,0.52394,0.30700,1,0.54753,0.28498,1,0.53574,0.29599,1,0.38193,0.43158,23.13168,1.02361,1,0.64473,0.42356,24.79080,1.02361,1,-0.02895,0.01240,0.65108,0.00476,1,0.03586,0.01395,0.65242,0.00496,1,0,0.00000,23
0.54214,0.27505,90.96896,0.28145,197,1,0.52008,0.31624,1,0.54607,0.28304,1,0.53307,0.29964,1,0.38183,0.43154,23.00224,1.02361,1,0.64470,0.42353,24.83242,1.02361,1,-0.02895,0.01240,0.65108,0.00473,1,0.03586,0.01395,0.65242,0.00493,1,0,0.00000,23
0.54193,0.27561,90.96896,0.28767,197,1,0.52008,0.31624,1,0.54607,0.28304,1,0.53307,0.29964,1,0.38182,0.43158,23.11194,1.02361,1,0.64478,0.42352,24.91355,1.02361,1,-0.02950,0.01259,0.66353,0.00471,1,0.03586,0.01395,0.65242,0.00497,1,0,0.00000,23
0.54168,0.27600,90.96896,0.29411,197,1,0.51839,0.32357,1,0.54288,0.26323,1,0.53064,0.29340,1,0.38184,0.43165,23.18068,1.02361,1,0.64469,0.42355,24.77425,1.02361,1,-0.02950,0.01259,0.66353,0.00469,1,0.03586,0.01395,0.65242,0.00501,1,0,0.00000,23
0.54141,0.27655,90.96896,0.30109,197,1,0.51488,0.32353,1,0.54343,0.27855,1,0.52915,0.30104,1,0.38181,0.43163,23.07653,1.02361,1,0.64495,0.42349,24.75544,1.02361,1,-0.02950,0.01259,0.66353,0.00468,1,0.03586,0.01395,0.65242,0.00500,1,0,0.00000,23
0.54114,0.27713,90.96896,0.30757,197,1,0.51488,0.32353,1,0.54272,0.28421,1,0.52880,0.30387,1,0.38185,0.43172,23.20715,1.02361,1,0.64478,0.42368,25.02985,1.01642,1,-0.02950,0.01259,0.66353,0.00471,1,0.03531,0.01371,0.64160,0.00500,1,0,0.00000,23
0.54092,0.27643,90.96896,0.31502,197,1,0.52118,0.28141,1,0.53981,0.20561,1,0.53050,0.24351,1,0.38184,0.43178,23.34824,1.01642,1,0.64476,0.42353,24.86266,1.00923,1,-0.02950,0.01259,0.66353,0.00471,1,0.03531,0.01371,0.64160,0.00496,1,0,0.00000,23
0.53998,0.27588,90.96896,0.32137,197,1,0.52379,0.28422,1,0.54836,0.27366,1,0.53607,0.27894,1,0.38188,0.43182,23.34015,1.00923,1,0.64479,0.42353,25.07051,1.00204,1,-0.02950,0.01259,0.66353,0.00473,1,0.03531,0.01371,0.64160,0.00497,1,0,0.00000,23
0.53895,0.27536,90.96896,0.32793,197,1,0.52486,0.28966,1,0.54760,0.27947,1,0.53623,0.28457,1,0.38191,0.43181,23.42402,1.00204,1,0.64482,0.42349,24.96858,0.99485,1,-0.02922,0.01242,0.65720,0.00472,1,0.03531,0.01371,0.64160,0.00498,1,0,0.00000,23
0.53788,0.27636,90.96896,0.33462,197,1,0.52464,0.35204,1,0.54395,0.28853,1,0.53429,0.32028,1,0.38195,0.43179,23.39644,0.99485,1,0.64484,0.42354,24.95730,0.99485,1,-0.02922,0.01242,0.65720,0.00474,1,0.03531,0.01371,0.64160,0.00500,1,0,0.00000,23
0.53720,0.27699,90.96896,0.34153,197,1,0.52974,0.30126,1,0.55453,0.30127,1,0.54214,0.30127,1,0.38197,0.43179,23.47167,0.99485,1,0.64488,0.42355,24.96944,0.99485,1,-0.02922,0.01242,0.65720,0.00474,1,0.03531,0.01371,0.64160,0.00498,1,0,0.00000,23
0.53653,0.27750,90.96896,0.34811,197,1,0.52974,0.30126,1,0.55534,0.29562,1,0.54254,0.29844,1,0.38198,0.43180,23.50020,0.99485,1,0.64488,0.42349,25.01418,1.00204,1,-0.02922,0.01242,0.65720,0.00474,1,0.03635,0.01410,0.65956,0.00500,1,0,0.00000,23
0.53610,0.27838,90.96896,0.35503,197,1,0.50737,0.34516,1,0.55878,0.28687,1,0.53307,0.31601,1,0.38199,0.43175,23.25935,1.00204,1,0.64489,0.42350,25.09215,1.00923,1,-0.02922,0.01242,0.65720,0.00475,1,0.03635,0.01410,0.65956,0.00499,1,0,0.00000,23
0.53597,0.27869,90.96896,0.36191,197,1,0.50532,0.29101,1,0.56509,0.28848,1,0.53521,0.28975,1,0.38201,0.43174,23.30944,1.00923,1,0.64494,0.42355,25.10921,1.01642,1,-0.02922,0.01242,0.65720,0.00476,1,0.03635,0.01410,0.65956,0.00498,1,0,0.00000,23
0.53585,0.27912,90.96896,0.36859,197,1,0.50530,0.29089,1,0.56511,0.28835,1,0.53520,0.28962,1,0.38212,0.43166,23.43642,1.00939,1,0.64519,0.42361,24.84807,1.01658,1,-0.02842,0.01210,0.64024,0.00469,1,0.03635,0.01410,0.65956,0.00493,1,0,0.00000,23
0.53573,0.28015,90.96896,0.37494,197,1,0.49328,0.34552,1,0.58114,0.28724,1,0.53721,0.31638,1,0.38221,0.43167,23.10770,1.00955,1,0.64534,0.42345,24.32882,1.00955,1,-0.02842,0.01210,0.64024,0.00470,1,0.03635,0.01410,0.65956,0.00499,1,0,0.00000,23
0.53566,0.28133,90.96896,0.38191,197,1,0.49863,0.33717,1,0.55569,0.28560,1,0.52716,0.31138,1,0.38227,0.43161,22.69280,1.00253,1,0.64535,0.42342,24.35588,1.00253,1,-0.02842,0.01210,0.64024,0.00472,1,0.03635,0.01410,0.65956,0.00499,1,0,0.00000,23
0.53559,0.28252,90.96896,0.38789,197,1,0.49863,0.33717,1,0.55569,0.28560,1,0.52716,0.31138,1,0.38228,0.43156,22.80351,1.00253,1,0.64518,0.42361,24.92966,1.00253,1,-0.02904,0.01249,0.65545,0.00470,1,0.03608,0.01396,0.65292,0.00500,1,0,0.00000,23
0.53528,0.28319,90.96896,0.39491,197,1,0.50849,0.32990,1,0.53637,0.26450,1,0.52243,0.29720,1,0.38247,0.43150,23.06771,1.00955,1,0.64543,0.42346,24.78733,1.00955,1,-0.02904,0.01249,0.65545,0.00469,1,0.03608,0.01396,0.65292,0.00497,1,0,0.00000,23
0.53509,0.28326,90.96896,0.40133,197,1,0.51532,0.29846,1,0.54236,0.26361,1,0.52884,0.28103,1,0.38250,0.43153,23.17093,1.01658,1,0.64549,0.42346,24.50035,1.01658,1,-0.02904,0.01249,0.65545,0.00469,1,0.03608,0.01396,0.65292,0.00498,1,0,0.00000,23
0.53490,0.28310,90.96896,0.40878,197,1,0.51422,0.29328,1,0.54305,0.25794,1,0.52864,0.27561,1,0.38262,0.43144,22.93052,1.02361,1,0.64565,0.42351,24.80088,1.02361,1,-0.02934,0.01266,0.66439,0.00468,1,0.03580,0.01381,0.64602,0.00499,1,0,0.00000,23
0.53492,0.28262,90.96896,0.41520,197,1,0.52378,0.28713,1,0.56882,0.24630,1,0.54630,0.26672,1,0.38285,0.43134,22.98101,1.02361,1,0.64579,0.42346,24.75177,1.02361,1,-0.02934,0.01266,0.66439,0.00470,1,0.03580,0.01381,0.64602,0.00501,1,0,0.00000,23
0.53506,0.28226,90.96896,0.42141,197,1,0.51114,0.27499,1,0.57858,0.25094,1,0.54486,0.26296,1,0.38286,0.43130,22.79856,1.02361,1,0.64581,0.42342,24.89348,1.02361,1,-0.02934,0.01266,0.66439,0.00472,1,0.03580,0.01381,0.64602,0.00499,1,0,0.00000,23
0.53521,0.28213,90.96896,0.42808,197,1,0.51225,0.28028,1,0.57767,0.25663,1,0.54496,0.26846,1,0.38291,0.43132,23.35265,1.01658,1,0.64604,0.42332,24.49906,1.01658,1,-0.02836,0.01226,0.64335,0.00467,1,0.03580,0.01381,0.64602,0.00502,1,0,0.00000,23
0.53431,0.28211,90.96896,0.43503,197,1,0.48572,0.28274,1,0.51603,0.25261,1,0.50087,0.26767,1,0.38297,0.43127,23.14696,1.00955,1,0.64606,0.42338,24.81639,1.00955,1,-0.02836,0.01226,0.64335,0.00468,1,0.03580,0.01381,0.64602,0.00498,1,0,0.00000,23
0.53358,0.28175,90.96896,0.44171,197,1,0.49191,0.27659,1,0.52867,0.25764,1,0.51029,0.26712,1,0.38298,0.43127,23.07401,1.00253,1,0.64611,0.42327,24.43832,1.00253,1,-0.02836,0.01226,0.64335,0.00472,1,0.03580,0.01381,0.64602,0.00501,1,0,0.00000,23
0.53286,0.28162,90.96896,0.44844,197,1,0.49191,0.27659,1,0.52867,0.25764,1,0.51029,0.26712,1,0.38316,0.43120,23.19290,1.00253,1,0.64616,0.42303,24.10267,1.00253,1,-0.02894,0.01253,0.65758,0.00469,1,0.03690,0.01425,0.66417,0.00506,1,0,0.00000,23
0.53225,0.28143,90.96896,0.45571,197,1,0.50469,0.25589,1,0.54018,0.23205,1,0.52244,0.24397,1,0.38323,0.43114,23.26677,1.00955,1,0.64625,0.42301,24.19476,1.00955,1,-0.02894,0.01253,0.65758,0.00468,1,0.03690,0.01425,0.66417,0.00505,1,0,0.00000,23
0.53220,0.28127,90.96896,0.46239,197,1,0.50730,0.25154,1,0.54398,0.23923,1,0.52564,0.24539,1,0.38325,0.43115,23.17809,1.01658,1,0.64639,0.42305,24.46331,1.01658,1,-0.02894,0.01253,0.65758,0.00468,1,0.03690,0.01425,0.66417,0.00497,1,0,0.00000,23
0.53215,0.28079,90.96896,0.46885,197,1,0.50487,0.23991,1,0.54546,0.22683,1,0.52517,0.23337,1,0.38323,0.43111,23.03295,1.03151,1,0.64639,0.42297,24.62093,1.03151,1,-0.02965,0.01285,0.67472,0.00473,1,0.03705,0.01432,0.66508,0.00496,1,0,0.00000,23
0.53217,0.28053,90.96896,0.47524,197,1,0.51229,0.23973,1,0.55602,0.27455,1,0.53416,0.25714,1,0.38334,0.43100,23.17473,1.03941,1,0.64650,0.42304,24.48632,1.03941,1,-0.02965,0.01285,0.67472,0.00464,1,0.03705,0.01432,0.66508,0.00493,1,0,0.00000,23
0.53213,0.28042,90.96896,0.48226,197,1,0.52270,0.22916,1,0.55512,0.25174,1,0.53891,0.24045,1,0.38334,0.43095,23.29197,1.04732,1,0.64646,0.42295,24.49891,1.04732,1,-0.02965,0.01285,0.67472,0.00464,1,0.03705,0.01432,0.66508,0.00495,1,0,0.00000,23
0.52857,0.25507,90.96896,0.48226,197,0,0.52270,0.22916,1,0.55512,0.25174,1,0.53891,0.24045,1,0.38343,0.43093,23.25698,1.04732,1,0.64647,0.42295,24.53488,1.04732,1,-0.02964,0.01292,0.67578,0.00461,1,0.03661,0.01419,0.65711,0.00495,1,0,0.00000,23
0.53666,0.24209,90.96896,0.48226,197,0,0.52460,0.22018,1,0.56492,0.23805,1,0.54476,0.22911,1,0.38339,0.43093,22.99745,1.03941,1,0.64669,0.42285,24.10459,1.03941,1,-0.02964,0.01292,0.67578,0.00470,1,0.03661,0.01419,0.65711,0.00502,1,0,0.00000,23
0.53446,0.24256,90.96896,0.48226,197,0,0.49415,0.23895,1,0.56595,0.24807,1,0.53005,0.24351,1,0.38353,0.43089,23.03065,1.03151,1,0.64666,0.42293,24.31675,1.03151,1,-0.02964,0.01292,0.67578,0.00474,1,0.03661,0.01419,0.65711,0.00500,1,0,0.00000,23
0.53341,0.24437,91.45777,0.01967,198,1,0.49551,0.24510,1,0.56501,0.25446,1,0.53026,0.24978,1,0.38367,0.43083,22.98948,1.02361,1,0.64663,0.42286,24.43924,1.02361,1,-0.02964,0.01298,0.67578,0.00468,1,0.03705,0.01442,0.66508,0.00495,1,0,0.00000,23
0.53413,0.25201,91.45777,0.02710,198,1,0.50197,0.33850,1,0.57201,0.22662,1,0.53699,0.28256,1,0.38370,0.43072,22.76154,1.02361,1,0.64674,0.42278,24.64207,1.02361,1,-0.02964,0.01298,0.67578,0.00467,1,0.03705,0.01442,0.66508,0.00496,1,0,0.00000,23
0.53600,0.25618,91.45777,0.03307,198,1,0.51510,0.31910,1,0.57568,0.23498,1,0.54539,0.27704,1,0.38377,0.43072,23.00255,1.02361,1,0.64677,0.42263,24.27068,1.02361,1,-0.02964,0.01298,0.67578,0.00467,1,0.03705,0.01442,0.66508,0.00497,1,0,0.00000,23
0.53736,0.25993,91.45777,0.04018,198,1,0.51618,0.32410,1,0.57478,0.24078,1,0.54548,0.28244,1,0.38378,0.43062,22.86509,1.01658,1,0.64671,0.42268,24.65661,1.01658,1,-0.02794,0.01225,0.63805,0.00466,1,0.03705,0.01442,0.66508,0.00495,1,0,0.00000,23
0.53500,0.26236,91.45777,0.04686,198,1,0.52041,0.32441,1,0.51656,0.23434,1,0.51849,0.27937,1,0.38381,0.43060,22.85520,1.00955,1,0.64674,0.42267,24.71000,1.00955,1,-0.02794,0.01225,0.63805,0.00466,1,0.03705,0.01442,0.66508,0.00497,1,0,0.00000,23
0.53212,0.26878,91.45777,0.05363,198,1,0.49206,0.32766,1,0.52605,0.31265,1,0.50905,0.32016,1,0.38380,0.43054,23.02351,1.00253,1,0.64678,0.42266,24.60769,1.00253,1,-0.02794,0.01225,0.63805,0.00464,1,0.03705,0.01442,0.66508,0.00496,1,0,0.00000,23
0.52978,0.27420,91.45777,0.06017,198,1,0.49206,0.32766,1,0.52544,0.31820,1,0.50875,0.32293,1,0.38377,0.43055,22.75243,1.00253,1,0.64683,0.42256,24.71169,0.99534,1,-0.02879,0.01274,0.65852,0.00464,1,0.03607,0.01401,0.64655,0.00494,1,0,0.00000,23
0.52834,0.27670,91.45777,0.06689,198,1,0.49820,0.31190,1,0.52963,0.29164,1,0.51391,0.30177,1,0.38385,0.43059,22.95935,1.00236,1,0.64697,0.42243,24.44429,0.99518,1,-0.02879,0.01274,0.65852,0.00461,1,0.03607,0.01401,0.64655,0.00498,1,0,0.00000,23
0.52793,0.27897,91.45777,0.07327,198,1,0.50843,0.30985,1,0.53858,0.29787,1,0.52351,0.30386,1,0.38389,0.43061,22.72948,1.00220,1,0.64698,0.42255,24.60841,0.99501,1,-0.02879,0.01274,0.65852,0.00467,1,0.03607,0.01401,0.64655,0.00493,1,0,0.00000,23
0.52760,0.28021,91.45777,0.08034,198,1,0.50716,0.30417,1,0.54002,0.28606,1,0.52359,0.29511,1,0.38401,0.43055,22.84353,1.00994,1,0.64701,0.42250,24.65835,1.00994,1,-0.02978,0.01321,0.68246,0.00469,1,0.03675,0.01422,0.65606,0.00491,1,0,0.00000,23
0.52804,0.27952,91.45777,0.08710,198,1,0.51889,0.27151,1,0.54851,0.26949,1,0.53370,0.27050,1,0.38408,0.43048,22.93024,1.01785,1,0.64704,0.42243,24.90803,1.02504,1,-0.02978,0.01321,0.68246,0.00463,1,0.03675,0.01422,0.65606,0.00490,1,0,0.00000,23
0.52891,0.27789,91.45777,0.09384,198,1,0.52087,0.27805,1,0.56142,0.23210,1,0.54115,0.25508,1,0.38412,0.43048,22.84763,1.03294,1,0.64725,0.42239,24.71506,1.04013,1,-0.02978,0.01321,0.68246,0.00462,1,0.03675,0.01422,0.65606,0.00490,1,0,0.00000,23
0.52967,0.27611,91.45777,0.10039,198,1,0.51981,0.27270,1,0.56224,0.22622,1,0.54102,0.24946,1,0.38421,0.43038,22.87053,1.04013,1,0.64735,0.42248,24.78633,1.04732,1,-0.02886,0.01282,0.66250,0.00460,1,0.03675,0.01422,0.65606,0.00493,1,0,0.00000,23
0.53084,0.27410,91.45777,0.10756,198,1,0.52900,0.25643,1,0.57018,0.22733,1,0.54959,0.24188,1,0.38419,0.43031,22.66991,1.03942,1,0.64735,0.42245,24.63486,1.03942,1,-0.02886,0.01282,0.66250,0.00461,1,0.03675,0.01422,0.65606,0.00494,1,0,0.00000,23
0.53143,0.27316,91.45777,0.11344,198,1,0.50623,0.26685,1,0.57660,0.24753,1,0.54141,0.25719,1,0.38429,0.43028,22.68004,1.03151,1,0.64738,0.42241,24.45739,1.03151,1,-0.02886,0.01282,0.66250,0.00463,1,0.03675,0.01422,0.65606,0.00489,1,0,0.00000,23
0.53197,0.27293,91.45777,0.12086,198,1,0.50864,0.27811,1,0.57468,0.25960,1,0.54166,0.26885,1,0.38447,0.43028,22.78098,1.01658,1,0.64753,0.42220,24.35919,1.01658,1,-0.02796,0.01244,0.64293,0.00467,1,0.03675,0.01422,0.65606,0.00492,1,0,0.00000,23
0.53223,0.27315,91.45777,0.12725,198,1,0.51771,0.28814,1,0.55683,0.26636,1,0.53727,0.27725,1,0.38450,0.43021,22.70267,1.00955,1,0.64765,0.42247,24.16333,1.00955,1,-0.02796,0.01244,0.64293,0.00468,1,0.03675,0.01422,0.65606,0.00502,1,0,0.00000,23
0.53182,0.27322,91.45777,0.13396,198,1,0.52996,0.28485,1,0.51711,0.26433,1,0.52353,0.27459,1,0.38458,0.43017,22.78864,1.00253,1,0.64766,0.42241,24.57609,1.00253,1,-0.02796,0.01244,0.64293,0.00464,1,0.03675,0.01422,0.65606,0.00498,1,0,0.00000,23
0.53144,0.27328,91.45777,0.14073,198,1,0.52996,0.28485,1,0.51711,0.26433,1,0.52353,0.27459,1,0.38467,0.43027,22.95525,1.00253,1,0.64766,0.42215,24.05616,1.00253,1,-0.02845,0.01268,0.65539,0.00462,1,0.03686,0.01422,0.65628,0.00496,1,0,0.00000,23
0.53058,0.27340,91.45777,0.14778,198,1,0.49233,0.28711,1,0.53117,0.26526,1,0.51175,0.27619,1,0.38468,0.43034,22.82327,1.00955,1,0.64780,0.42217,24.22879,1.00955,1,-0.02845,0.01268,0.65539,0.00464,1,0.03686,0.01422,0.65628,0.00489,1,0,0.00000,23
0.52987,0.27299,91.45777,0.15514,198,1,0.49790,0.26759,1,0.52894,0.25911,1,0.51342,0.26335,1,0.38469,0.43033,22.82117,1.01658,1,0.64783,0.42219,24.27476,1.01658,1,-0.02845,0.01268,0.65539,0.00463,1,0.03686,0.01422,0.65628,0.00490,1,0,0.00000,23
0.52917,0.27225,91.45777,0.16078,198,1,0.49534,0.25621,1,0.52960,0.25282,1,0.51247,0.25452,1,0.38469,0.43034,22.85879,1.03151,1,0.64787,0.42218,24.16331,1.02432,1,-0.02963,0.01323,0.68365,0.00463,1,0.03626,0.01397,0.64472,0.00491,1,0,0.00000,23
0.52869,0.27190,91.45777,0.16752,198,1,0.49567,0.27755,1,0.53761,0.24905,1,0.51664,0.26330,1,0.38475,0.43037,22.94945,1.03223,1,0.64790,0.42226,24.11018,1.02504,1,-0.02963,0.01323,0.68365,0.00464,1,0.03626,0.01397,0.64472,0.00495,1,0,0.00000,23
0.52829,0.27129,91.45777,0.17432,198,1,0.49683,0.26071,1,0.53886,0.24984,1,0.51785,0.25527,1,0.38475,0.43030,23.05128,1.03294,1,0.64790,0.42222,24.34678,1.02575,1,-0.02963,0.01323,0.68365,0.00464,1,0.03626,0.01397,0.64472,0.00493,1,0,0.00000,23
0.52793,0.27059,91.45777,0.18067,198,1,0.49671,0.26017,1,0.53961,0.24341,1,0.51816,0.25179,1,0.38485,0.43032,22.95001,1.03366,1,0.64792,0.42236,24.69550,1.03366,1,-0.02963,0.01323,0.68365,0.00464,1,0.17727,0.06972,3.21669,0.00490,0,0,0.00000,23
0.52784,0.26997,91.45777,0.18782,198,1,0.50018,0.27091,1,0.55088,0.23430,1,0.52553,0.25261,1,0.38485,0.43032,22.95001,1.03366,1,0.64792,0.42238,24.91615,1.04085,1,-0.02963,0.01323,0.68365,0.00464,1,0.17727,0.06972,3.21669,0.00490,0,0,0.00000,23
0.52807,0.26943,91.45777,0.19427,198,1,0.51749,0.26633,1,0.55145,0.24141,1,0.53447,0.25387,1,0.38486,0.43032,22.99495,1.04085,1,0.64790,0.42239,24.75765,1.04803,1,-0.02963,0.01323,0.68365,0.00463,1,0.17727,0.06972,3.21669,0.00490,0,0,0.00000,23
0.52827,0.26875,91.45777,0.20119,198,1,0.51642,0.26094,1,0.55219,0.23564,1,0.53431,0.24829,1,0.38488,0.43040,22.99349,1.04803,1,0.64800,0.42251,24.74282,1.05522,1,-0.02963,0.01323,0.68365,0.00462,1,0.17727,0.06972,3.21669,0.00493,0,0,0.00000,23
0.52856,0.26803,91.45777,0.20789,198,1,0.51658,0.24709,1,0.55874,0.24459,1,0.53766,0.24584,1,0.38490,0.43040,23.00703,1.05522,1,0.64806,0.42248,24.79886,1.05522,1,-0.02963,0.01323,0.68365,0.00461,1,0.17727,0.06972,3.21669,0.00494,0,0,0.00000,23
0.52876,0.26735,91.45777,0.21455,198,1,0.51702,0.24749,1,0.55324,0.24336,1,0.53513,0.24542,1,0.38492,0.43037,22.84650,1.05522,1,0.64805,0.42250,24.86731,1.05522,1,-0.02963,0.01323,0.68365,0.00464,1,0.17727,0.06972,3.21669,0.00493,0,0,0.00000,23
0.52895,0.26689,91.45777,0.22085,198,1,0.51819,0.25346,1,0.55242,0.24965,1,0.53530,0.25156,1,0.38492,0.43037,22.84650,1.04732,1,0.64811,0.42245,24.71464,1.04732,1,-0.03014,0.01348,0.69655,0.00464,1,0.17727,0.06972,3.21669,0.00494,0,0,0.00000,23
0.52936,0.26705,91.45777,0.22810,198,1,0.52325,0.27659,1,0.56348,0.26853,1,0.54337,0.27256,1,0.38495,0.43043,22.82837,1.03942,1,0.64814,0.42269,24.77217,1.03942,1,-0.03014,0.01348,0.69655,0.00464,1,0.17727,0.06972,3.21669,0.00493,0,0,0.00000,23
0.52968,0.26655,91.45777,0.23460,198,1,0.51826,0.30058,1,0.56340,0.19746,1,0.54083,0.24902,1,0.38493,0.43045,22.83752,1.03151,1,0.64809,0.42266,24.67115,1.03151,1,-0.03014,0.01348,0.69655,0.00463,1,0.17727,0.06972,3.21669,0.00490,0,0,0.00000,23
0.52999,0.26624,91.45777,0.24096,198,1,0.51945,0.30631,1,0.56248,0.20424,1,0.54097,0.25527,1,0.38486,0.43049,22.67556,1.02361,1,0.64805,0.42278,24.70197,1.02361,1,-0.03014,0.01348,0.69655,0.00462,1,0.17727,0.06972,3.21669,0.00494,0,0,0.00000,23
0.53032,0.26621,91.45777,0.24817,198,1,0.52219,0.30992,1,0.56317,0.21988,1,0.54268,0.26490,1,0.38486,0.43049,22.67556,1.02361,1,0.64810,0.42277,24.70628,1.02361,1,-0.03014,0.01348,0.69655,0.00462,1,0.17727,0.06972,3.21669,0.00493,0,0,0.00000,23
0.53065,0.26620,91.45777,0.25433,198,1,0.52337,0.30443,1,0.56296,0.22782,1,0.54316,0.26612,1,0.38486,0.43049,22.67556,1.02361,1,0.64800,0.42282,24.75463,1.02361,1,-0.03014,0.01348,0.69655,0.00462,1,0.17727,0.06972,3.21669,0.00492,0,0,0.00000,23
0.53096,0.26620,91.45777,0.26102,198,1,0.52337,0.30443,1,0.56296,0.22782,1,0.54316,0.26612,1,0.38482,0.43045,22.51047,1.02361,1,0.64808,0.42282,24.54990,1.02361,1,-0.03014,0.01343,0.69655,0.00462,1,0.17727,0.06972,3.21669,0.00491,0,0,0.00000,23
0.53126,0.26649,91.45777,0.26796,198,1,0.52024,0.31421,1,0.56598,0.24145,1,0.54311,0.27783,1,0.38490,0.43051,22.72794,1.02361,1,0.64811,0.42278,24.33759,1.02361,1,-0.03014,0.01343,0.69655,0.00467,1,0.17727,0.06972,3.21669,0.00493,0,0,0.00000,23
0.53155,0.26589,91.45777,0.27494,198,1,0.51884,0.28150,1,0.56819,0.20168,1,0.54352,0.24159,1,0.38491,0.43045,22.65392,1.02361,1,0.64817,0.42271,24.44641,1.02361,1,-0.03014,0.01343,0.69655,0.00464,1,0.17727,0.06972,3.21669,0.00494,0,0,0.00000,23
0.53183,0.26546,91.45777,0.28168,198,1,0.51990,0.28675,1,0.56735,0.20772,1,0.54362,0.24723,1,0.38492,0.43036,22.89523,1.01658,1,0.64815,0.42245,24.60527,1.01658,1,-0.02763,0.01238,0.63981,0.00459,1,0.17727,0.06972,3.21669,0.00497,0,0,0.00000,23
0.53233,0.26374,91.45777,0.28871,198,1,0.52250,0.25339,1,0.58467,0.12629,1,0.55359,0.18984,1,0.38530,0.43015,23.03202,1.00955,1,0.64827,0.42214,24.44910,1.00955,1,-0.02763,0.01238,0.63981,0.00469,1,0.17727,0.06972,3.21669,0.00501,0,0,0.00000,23
0.53255,0.26233,91.45777,0.29506,198,1,0.50438,0.25468,1,0.58082,0.14605,1,0.54260,0.20036,1,0.38549,0.43004,23.21828,1.00253,1,0.64828,0.42202,24.97227,1.00253,1,-0.02763,0.01238,0.63981,0.00468,1,0.17727,0.06972,3.21669,0.00508,0,0,0.00000,23
0.53278,0.26112,91.45777,0.30196,198,1,0.50556,0.26021,1,0.57987,0.15259,1,0.54271,0.20640,1,0.38546,0.42983,22.81211,0.99550,1,0.64827,0.42188,25.13473,0.99550,1,-0.02763,0.01238,0.63981,0.00467,1,0.17705,0.06988,3.21273,0.00505,0,0,0.00000,23
0.53317,0.25999,91.45777,0.30859,198,1,0.53160,0.27359,1,0.57110,0.14235,1,0.55135,0.20797,1,0.38544,0.42990,22.85677,0.99550,1,0.64820,0.42189,24.98936,0.99550,1,-0.02763,0.01238,0.63981,0.00469,1,0.17705,0.06988,3.21273,0.00503,0,0,0.00000,23
0.54516,0.23664,91.45777,0.30859,198,0,0.53003,0.26668,1,0.57275,0.16550,1,0.55139,0.21609,1,0.38546,0.42992,22.88329,0.99550,1,0.64820,0.42189,24.98936,0.99550,1,-0.02763,0.01238,0.63981,0.00469,1,0.17705,0.06988,3.21273,0.00503,0,0,0.00000,23
0.54853,0.22451,91.45777,0.30859,198,0,0.53003,0.26668,1,0.57378,0.15807,1,0.55191,0.21237,1,0.38542,0.42994,22.87181,0.99550,1,0.64815,0.42193,24.95597,1.00359,1,-0.02763,0.01238,0.63981,0.00468,1,0.03817,0.01471,0.67871,0.00502,1,0,0.00000,23
0.54702,0.21995,91.45777,0.30859,198,0,0.52038,0.26708,1,0.56761,0.15457,1,0.54399,0.21083,1,0.38535,0.43004,22.97238,1.00359,1,0.64815,0.42206,25.17241,1.01168,1,-0.02763,0.01238,0.63981,0.00465,1,0.03817,0.01471,0.67871,0.00500,1,0,0.00000,23
0.54586,0.21672,91.77306,0.02002,199,1,0.51773,0.27570,1,0.56706,0.13839,1,0.54239,0.20705,1,0.38533,0.43006,22.94307,1.01168,1,0.64817,0.42204,25.02634,1.01977,1,-0.02763,0.01238,0.63981,0.00466,1,0.03817,0.01471,0.67871,0.00501,1,0,0.00000,23
0.54514,0.21342,91.77306,0.02672,199,1,0.51649,0.26954,1,0.56802,0.13092,1,0.54225,0.20023,1,0.38534,0.43021,23.10336,1.01977,1,0.64814,0.42209,25.03294,1.02786,1,-0.02763,0.01233,0.63981,0.00470,1,0.03817,0.01471,0.67871,0.00501,1,0,0.00000,23
0.54361,0.21409,91.77306,0.03338,199,1,0.51173,0.26725,1,0.56019,0.16761,1,0.53596,0.21743,1,0.38534,0.43029,23.13731,1.02786,1,0.64811,0.42222,25.12255,1.02786,1,-0.02763,0.01233,0.63981,0.00472,1,0.03817,0.01471,0.67871,0.00499,1,0,0.00000,23
0.54273,0.20934,91.77306,0.04011,199,1,0.51375,0.21206,1,0.56108,0.14965,1,0.53742,0.18085,1,0.38535,0.43025,23.21920,1.02786,1,0.64812,0.42219,25.19952,1.02786,1,-0.02763,0.01233,0.63981,0.00469,1,0.03817,0.01471,0.67871,0.00499,1,0,0.00000,23
0.54204,0.20503,91.77306,0.04699,199,1,0.51267,0.20638,1,0.56188,0.14328,1,0.53727,0.17483,1,0.38535,0.43026,23.16839,1.03488,1,0.64799,0.42228,25.25244,1.03488,1,-0.03014,0.01337,0.69655,0.00469,1,0.03817,0.01471,0.67871,0.00501,1,0,0.00000,23
0.54094,0.19805,91.77306,0.05351,199,1,0.50533,0.14429,1,0.55895,0.14005,1,0.53214,0.14217,1,0.38536,0.43033,23.30448,1.04191,1,0.64812,0.42227,24.99585,1.04191,1,-0.03014,0.01337,0.69655,0.00468,1,0.03817,0.01471,0.67871,0.00507,1,0,0.00000,23
0.54020,0.19318,91.77306,0.06013,199,1,0.51324,0.15101,1,0.55372,0.14781,1,0.53348,0.14941,1,0.38534,0.43030,23.14422,1.04893,1,0.64801,0.42234,25.22895,1.04893,1,-0.03014,0.01337,0.69655,0.00470,1,0.03817,0.01471,0.67871,0.00509,1,0,0.00000,23
0.53953,0.18898,91.77306,0.06685,199,1,0.51218,0.14505,1,0.55361,0.14876,1,0.53289,0.14691,1,0.38528,0.43029,23.17832,1.05596,1,0.64799,0.42231,25.20943,1.04787,1,-0.03014,0.01337,0.69655,0.00467,1,0.03723,0.01432,0.66293,0.00508,1,0,0.00000,23
0.54020,0.18607,91.77306,0.07364,199,1,0.54126,0.15290,1,0.55389,0.15537,1,0.54757,0.15414,1,0.38533,0.43040,23.04512,1.04787,1,0.64796,0.42232,25.27510,1.03978,1,-0.03014,0.01337,0.69655,0.00470,1,0.03723,0.01432,0.66293,0.00504,1,0,0.00000,23
0.53934,0.18480,91.77306,0.08002,199,1,0.50552,0.17611,1,0.55238,0.16295,1,0.52895,0.16953,1,0.38532,0.43042,23.04148,1.03978,1,0.64797,0.42235,25.29365,1.03170,1,-0.03014,0.01337,0.69655,0.00469,1,0.03723,0.01432,0.66293,0.00505,1,0,0.00000,23
0.53861,0.18421,91.77306,0.08710,199,1,0.50682,0.18283,1,0.55153,0.17016,1,0.52917,0.17649,1,0.38532,0.43039,22.95676,1.03170,1,0.64791,0.42241,25.32315,1.02361,1,-0.02883,0.01275,0.66648,0.00470,1,0.03723,0.01432,0.66293,0.00506,1,0,0.00000,23
0.53823,0.18393,91.77306,0.09335,199,1,0.50987,0.17630,1,0.55592,0.18388,1,0.53290,0.18009,1,0.38529,0.43038,22.94381,1.02361,1,0.64797,0.42240,25.17551,1.02361,1,-0.02883,0.01275,0.66648,0.00473,1,0.03723,0.01432,0.66293,0.00506,1,0,0.00000,23
0.53880,0.18388,91.77306,0.09960,199,1,0.54288,0.18678,1,0.55180,0.17943,1,0.54734,0.18310,1,0.38527,0.43039,22.94154,1.02361,1,0.64788,0.42240,25.33014,1.02361,1,-0.02883,0.01275,0.66648,0.00472,1,0.03723,0.01432,0.66293,0.00505,1,0,0.00000,23
0.53930,0.18383,91.77306,0.10628,199,1,0.54288,0.18678,1,0.55180,0.17943,1,0.54734,0.18310,1,0.38527,0.43039,22.94154,1.02361,1,0.64794,0.42237,25.22911,1.02361,1,-0.02883,0.01275,0.66648,0.00472,1,0.03686,0.01413,0.65628,0.00505,1,0,0.00000,23
0.54016,0.18442,91.77306,0.11323,199,1,0.54872,0.18740,1,0.56077,0.20125,1,0.55475,0.19433,1,0.38532,0.43039,23.18211,1.02361,1,0.64792,0.42245,25.33718,1.02361,1,-0.02883,0.01275,0.66648,0.00469,1,0.03686,0.01413,0.65628,0.00504,1,0,0.00000,23
0.54031,0.18468,91.77306,0.12036,199,1,0.53835,0.18853,1,0.54766,0.19039,1,0.54300,0.18946,1,0.38530,0.43037,23.02491,1.02361,1,0.64792,0.42238,25.16403,1.02361,1,-0.02883,0.01275,0.66648,0.00473,1,0.03686,0.01413,0.65628,0.00503,1,0,0.00000,23
0.54044,0.18492,91.77306,0.12637,199,1,0.53835,0.18853,1,0.54766,0.19039,1,0.54300,0.18946,1,0.38529,0.43038,23.04265,1.02361,1,0.64789,0.42245,25.26950,1.02361,1,-0.02883,0.01275,0.66648,0.00472,1,0.03686,0.01413,0.65628,0.00503,1,0,0.00000,23
0.54080,0.18488,91.77306,0.13305,199,1,0.54523,0.18860,1,0.55048,0.17931,1,0.54785,0.18396,1,0.38529,0.43038,23.04265,1.02361,1,0.64785,0.42249,25.36877,1.02361,1,-0.02883,0.01275,0.66648,0.00472,1,0.03686,0.01413,0.65628,0.00507,1,0,0.00000,23
0.54180,0.18465,91.77306,0.14001,199,1,0.54058,0.18017,1,0.58514,0.17975,1,0.56286,0.17996,1,0.38531,0.43046,23.30548,1.02361,1,0.64785,0.42252,25.41150,1.02361,1,-0.02883,0.01275,0.66648,0.00470,1,0.03686,0.01413,0.65628,0.00506,1,0,0.00000,23
0.54272,0.18445,91.77306,0.14648,199,1,0.54058,0.18017,1,0.58514,0.17975,1,0.56286,0.17996,1,0.38528,0.43045,23.11496,1.02361,1,0.64785,0.42254,25.36165,1.02361,1,-0.02883,0.01275,0.66648,0.00471,1,0.03686,0.01413,0.65628,0.00505,1,0,0.00000,23
0.54284,0.18481,91.77306,0.15341,199,1,0.54074,0.19658,1,0.55044,0.18961,1,0.54559,0.19309,1,0.38529,0.43046,23.13143,1.02361,1,0.64784,0.42259,25.18731,1.02361,1,-0.02883,0.01275,0.66648,0.00471,1,0.03686,0.01413,0.65628,0.00506,1,0,0.00000,23
0.54296,0.18556,91.77306,0.16012,199,1,0.54068,0.19707,1,0.55127,0.21008,1,0.54597,0.20358,1,0.38530,0.43045,23.10571,1.02361,1,0.64779,0.42254,25.23646,1.02361,1,-0.02883,0.01275,0.66648,0.00470,1,0.03686,0.01413,0.65628,0.00507,1,0,0.00000,23
0.54308,0.18625,91.77306,0.16740,199,1,0.54068,0.19707,1,0.55127,0.21008,1,0.54597,0.20358,1,0.38530,0.43044,23.12271,1.02361,1,0.64775,0.42261,25.29598,1.02361,1,-0.02883,0.01275,0.66648,0.00470,1,0.03686,0.01413,0.65628,0.00506,1,0,0.00000,23
0.54309,0.18673,91.77306,0.17327,199,1,0.53816,0.19381,1,0.54887,0.20436,1,0.54351,0.19909,1,0.38528,0.43043,23.11829,1.02361,1,0.64782,0.42264,25.24507,1.02361,1,-0.02883,0.01275,0.66648,0.00472,1,0.03686,0.01413,0.65628,0.00512,1,0,0.00000,23
0.54310,0.18715,91.77306,0.18021,199,1,0.54009,0.19849,1,0.54641,0.19844,1,0.54325,0.19846,1,0.38526,0.43036,22.83886,1.02361,1,0.64784,0.42267,25.19597,1.02361,1,-0.02883,0.01275,0.66648,0.00474,1,0.03686,0.01413,0.65628,0.00511,1,0,0.00000,23
0.54310,0.18754,91.77306,0.18687,199,1,0.54009,0.19849,1,0.54641,0.19844,1,0.54325,0.19846,1,0.38526,0.43040,23.28562,1.02361,1,0.64782,0.42263,25.16512,1.02361,1,-0.02883,0.01275,0.66648,0.00470,1,0.03686,0.01413,0.65628,0.00508,1,0,0.00000,23
0.54364,0.18810,91.77306,0.19449,199,1,0.54009,0.19326,1,0.57837,0.21542,1,0.55923,0.20434,1,0.38528,0.43038,23.35970,1.02361,1,0.64781,0.42263,25.13485,1.02361,1,-0.02883,0.01275,0.66648,0.00470,1,0.03686,0.01413,0.65628,0.00508,1,0,0.00000,23
0.54407,0.18844,91.77306,0.20040,199,1,0.53707,0.18470,1,0.57648,0.21253,1,0.55678,0.19862,1,0.38515,0.43049,23.29991,1.02361,1,0.64777,0.42267,25.24119,1.02361,1,-0.02883,0.01275,0.66648,0.00479,1,0.03686,0.01413,0.65628,0.00508,1,0,0.00000,23
0.54446,0.18875,91.77306,0.20708,199,1,0.53707,0.18470,1,0.57648,0.21253,1,0.55678,0.19862,1,0.38520,0.43055,23.17112,1.02361,1,0.64779,0.42266,25.11202,1.02361,1,-0.02883,0.01275,0.66648,0.00477,1,0.03686,0.01413,0.65628,0.00508,1,0,0.00000,23
0.54451,0.18902,91.77306,0.21469,199,1,0.51736,0.18140,1,0.57441,0.21342,1,0.54588,0.19741,1,0.38542,0.43033,23.53549,1.02361,1,0.64818,0.42263,25.40805,1.02361,1,-0.02883,0.01275,0.66648,0.00472,1,0.03686,0.01413,0.65628,0.00507,1,0,0.00000,23
0.54550,0.18920,91.77306,0.22047,199,1,0.53345,0.17768,1,0.62342,0.21292,1,0.57844,0.19530,1,0.38592,0.43061,24.56569,1.02361,1,0.64853,0.42249,24.98813,1.02361,1,-0.02883,0.01275,0.66648,0.00469,1,0.03686,0.01413,0.65628,0.00517,1,0,0.00000,23
0.54643,0.18946,91.77306,0.22688,199,1,0.53345,0.17768,1,0.62219,0.21899,1,0.57782,0.19833,1,0.38639,0.43060,24.48109,1.02361,1,0.64896,0.42269,25.51923,1.01642,1,-0.02825,0.01258,0.65528,0.00466,1,0.03586,0.01369,0.63604,0.00507,1,0,0.00000,23
0.54788,0.19043,91.77306,0.23401,199,1,0.58104,0.23446,1,0.61665,0.21443,1,0.59885,0.22445,1,0.38674,0.43066,24.21861,1.01642,1,0.64907,0.42263,25.56725,1.00923,1,-0.02825,0.01258,0.65528,0.00471,1,0.03586,0.01369,0.63604,0.00515,1,0,0.00000,23
0.54956,0.19129,91.77306,0.24023,199,1,0.57717,0.23542,1,0.64237,0.20849,1,0.60977,0.22195,1,0.38671,0.43062,24.27127,1.00923,1,0.64902,0.42263,25.54435,1.00204,1,-0.02825,0.01258,0.65528,0.00470,1,0.03586,0.01369,0.63604,0.00514,1,0,0.00000,23
0.55117,0.19208,91.77306,0.24696,199,1,0.57788,0.24127,1,0.64393,0.20149,1,0.61091,0.22138,1,0.38669,0.43059,24.10857,1.00204,1,0.64898,0.42261,25.48010,1.01013,1,-0.02825,0.01258,0.65528,0.00472,1,0.03817,0.01461,0.67871,0.00515,1,0,0.00000,23
0.55237,0.19262,91.77306,0.25362,199,1,0.56365,0.24827,1,0.63258,0.17816,1,0.59812,0.21322,1,0.38659,0.43058,24.05891,1.01013,1,0.64891,0.42253,25.45776,1.02540,1,-0.02825,0.01258,0.65528,0.00469,1,0.03817,0.01461,0.67871,0.00513,1,0,0.00000,23
0.57816,0.20565,91.77306,0.25362,199,0,0.56906,0.22874,1,0.63516,0.16261,1,0.60211,0.19568,1,0.38649,0.43065,24.14856,1.02540,1,0.64888,0.42257,25.56633,1.04068,1,-0.02825,0.01258,0.65528,0.00472,1,0.03817,0.01461,0.67871,0.00512,1,0,0.00000,23
0.59042,0.19424,91.77306,0.25362,199,0,0.56748,0.21644,1,0.63789,0.14922,1,0.60268,0.18283,1,0.38647,0.43064,24.16524,1.04068,1,0.64891,0.42253,25.45776,1.05596,1,-0.02734,0.01222,0.63422,0.00473,1,0.03817,0.01461,0.67871,0.00512,1,0,0.00000,23
0.59319,0.19780,91.77306,0.25362,199,0,0.56546,0.26345,1,0.63199,0.14642,1,0.59873,0.20494,1,0.38646,0.43057,24.20010,1.05596,1,0.64890,0.42251,25.47918,1.05596,1,-0.02734,0.01222,0.63422,0.00470,1,0.03817,0.01461,0.67871,0.00513,1,0,0.00000,23
0.59140,0.20112,92.03395,0.02013,200,1,0.54864,0.25751,1,0.62343,0.16459,1,0.58604,0.21105,1,0.38650,0.43046,24.34782,1.05596,1,0.64881,0.42250,25.41894,1.05596,1,-0.02734,0.01222,0.63422,0.00468,1,0.03817,0.01461,0.67871,0.00515,1,0,0.00000,23
0.59033,0.20310,92.03395,0.02649,200,1,0.54864,0.25751,1,0.62343,0.16459,1,0.58604,0.21105,1,0.38652,0.43051,24.33871,1.05596,1,0.64876,0.42247,25.44636,1.05596,1,-0.02734,0.01222,0.63422,0.00470,1,0.03817,0.01461,0.67871,0.00517,1,0,0.00000,23
0.59042,0.20297,92.03395,0.03345,200,1,0.54875,0.25428,1,0.63298,0.15030,1,0.59087,0.20229,1,0.38654,0.43041,24.32971,1.05596,1,0.64875,0.42243,25.38113,1.05596,1,-0.02734,0.01222,0.63422,0.00471,1,0.03817,0.01461,0.67871,0.00517,1,0,0.00000,23
0.59020,0.20115,92.03395,0.04014,200,1,0.54290,0.23828,1,0.63485,0.14219,1,0.58887,0.19023,1,0.38652,0.43037,24.42396,1.05596,1,0.64881,0.42243,25.40606,1.05596,1,-0.02734,0.01222,0.63422,0.00469,1,0.03817,0.01461,0.67871,0.00515,1,0,0.00000,23
0.59003,0.19978,92.03395,0.04716,200,1,0.54290,0.23828,1,0.63485,0.14219,1,0.58887,0.19023,1,0.38650,0.43029,24.20244,1.05596,1,0.64889,0.42245,25.42593,1.05596,1,-0.02825,0.01268,0.65528,0.00470,1,0.03817,0.01466,0.67871,0.00511,1,0,0.00000,23
0.59048,0.19696,92.03395,0.05328,200,1,0.55470,0.21792,1,0.63346,0.13080,1,0.59408,0.17436,1,0.38645,0.43013,24.22622,1.05596,1,0.64889,0.42247,25.36587,1.05596,1,-0.02825,0.01268,0.65528,0.00468,1,0.03817,0.01466,0.67871,0.00513,1,0,0.00000,23
0.59096,0.19540,92.03395,0.06074,200,1,0.55912,0.22201,1,0.63137,0.14063,1,0.59525,0.18132,1,0.38649,0.43015,24.38749,1.05596,1,0.64888,0.42244,25.60971,1.05596,1,-0.02825,0.01268,0.65528,0.00467,1,0.03817,0.01466,0.67871,0.00510,1,0,0.00000,23
0.59128,0.19444,92.03395,0.06733,200,1,0.55912,0.22201,1,0.62998,0.14778,1,0.59455,0.18490,1,0.38650,0.43013,24.34352,1.05596,1,0.64892,0.42238,25.62667,1.04787,1,-0.02825,0.01268,0.65528,0.00467,1,0.17705,0.06939,3.21272,0.00511,0,0,0.00000,23
0.59201,0.19348,92.03395,0.07436,200,1,0.55738,0.22418,1,0.64263,0.14169,1,0.60001,0.18293,1,0.38649,0.43011,24.20431,1.04787,1,0.64895,0.42235,25.43653,1.03978,1,-0.02825,0.01268,0.65528,0.00466,1,0.17705,0.06939,3.21272,0.00511,0,0,0.00000,23
0.59271,0.19377,92.03395,0.08063,200,1,0.56593,0.23391,1,0.63639,0.16052,1,0.60116,0.19722,1,0.38658,0.43017,24.31818,1.03978,1,0.64895,0.42244,25.39437,1.03170,1,-0.02825,0.01268,0.65528,0.00469,1,0.17705,0.06939,3.21272,0.00511,0,0,0.00000,23
0.59327,0.19425,92.03395,0.08733,200,1,0.56595,0.23405,1,0.63505,0.16705,1,0.60050,0.20055,1,0.38658,0.43016,24.31498,1.03960,1,0.64899,0.42243,25.31823,1.02432,1,-0.02940,0.01322,0.68300,0.00468,1,0.03609,0.01382,0.64004,0.00513,1,0,0.00000,23
0.59320,0.19451,92.03395,0.09400,200,1,0.56971,0.22268,1,0.61464,0.17366,1,0.59217,0.19817,1,0.38663,0.43014,24.30727,1.03223,1,0.64902,0.42235,25.24896,1.02504,1,-0.02940,0.01322,0.68300,0.00470,1,0.03609,0.01382,0.64004,0.00513,1,0,0.00000,23
0.59324,0.19431,92.03395,0.10075,200,1,0.57349,0.22336,1,0.61411,0.15919,1,0.59380,0.19128,1,0.38667,0.43010,24.24394,1.03294,1,0.64904,0.42237,25.15871,1.02575,1,-0.02940,0.01322,0.68300,0.00468,1,0.03609,0.01382,0.64004,0.00513,1,0,0.00000,23
0.59330,0.19391,92.03395,0.10742,200,1,0.57342,0.22279,1,0.61539,0.15212,1,0.59441,0.18745,1,0.38670,0.43007,24.15742,1.03366,1,0.64906,0.42235,25.23501,1.03366,1,-0.02940,0.01322,0.68300,0.00467,1,0.03710,0.01419,0.65703,0.00514,1,0,0.00000,23
0.59349,0.19329,92.03395,0.11413,200,1,0.57383,0.21412,1,0.61957,0.15142,1,0.59670,0.18277,1,0.38670,0.43008,24.22093,1.03366,1,0.64906,0.42247,25.40603,1.04085,1,-0.02940,0.01322,0.68300,0.00466,1,0.03710,0.01419,0.65703,0.00516,1,0,0.00000,23
0.59386,0.19288,92.03395,0.12084,200,1,0.57106,0.22860,1,0.62980,0.14254,1,0.60043,0.18557,1,0.38670,0.43006,24.12968,1.04085,1,0.64914,0.42241,25.39454,1.04804,1,-0.02940,0.01322,0.68300,0.00469,1,0.03710,0.01419,0.65703,0.00518,1,0,0.00000,23
0.59420,0.19222,92.03395,0.12753,200,1,0.57034,0.22289,1,0.63104,0.13615,1,0.60069,0.17952,1,0.38673,0.43008,24.14592,1.04804,1,0.64914,0.42241,25.39454,1.05522,1,-0.02940,0.01322,0.68300,0.00467,1,0.03754,0.01431,0.66486,0.00518,1,0,0.00000,23
0.59462,0.19149,92.03395,0.13428,200,1,0.57222,0.19433,1,0.63395,0.15981,1,0.60309,0.17707,1,0.38670,0.43005,24.13391,1.05522,1,0.64916,0.42240,25.42739,1.05522,1,-0.02940,0.01322,0.68300,0.00469,1,0.03754,0.01431,0.66486,0.00517,1,0,0.00000,23
0.59506,0.19057,92.03395,0.14095,200,1,0.57611,0.20859,1,0.63222,0.13378,1,0.60417,0.17118,1,0.38672,0.43005,24.28023,1.05522,1,0.64919,0.42238,25.51098,1.05522,1,-0.02940,0.01322,0.68300,0.00468,1,0.03754,0.01431,0.66486,0.00516,1,0,0.00000,23
0.59545,0.18973,92.03395,0.14706,200,1,0.57611,0.20859,1,0.63222,0.13378,1,0.60417,0.17118,1,0.38670,0.43002,24.26311,1.05522,1,0.64917,0.42241,25.44488,1.05522,1,-0.02940,0.01322,0.68300,0.00469,1,0.03754,0.01431,0.66486,0.00516,1,0,0.00000,23
0.59597,0.18902,92.03395,0.15387,200,1,0.57849,0.19143,1,0.63724,0.15383,1,0.60787,0.17263,1,0.38670,0.43003,24.29094,1.05522,1,0.64925,0.42237,25.36251,1.05522,1,-0.02940,0.01322,0.68300,0.00468,1,0.03754,0.01431,0.66486,0.00518,1,0,0.00000,23
0.59643,0.18870,92.03395,0.16058,200,1,0.57861,0.20636,1,0.63631,0.15577,1,0.60746,0.18106,1,0.38672,0.43010,24.19924,1.05522,1,0.64928,0.42231,25.20839,1.05522,1,-0.02940,0.01322,0.68300,0.00466,1,0.03754,0.01431,0.66486,0.00519,1,0,0.00000,23
0.59684,0.18866,92.03395,0.16747,200,1,0.57934,0.21272,1,0.63491,0.16265,1,0.60712,0.18769,1,0.38676,0.43011,24.23992,1.04732,1,0.64929,0.42229,25.20362,1.04732,1,-0.02845,0.01281,0.66218,0.00463,1,0.03754,0.01431,0.66486,0.00517,1,0,0.00000,23
0.59680,0.18883,92.03395,0.17394,200,1,0.58635,0.22164,1,0.60526,0.16496,1,0.59581,0.19330,1,0.38674,0.43002,24.19256,1.03942,1,0.64931,0.42236,25.33931,1.03942,1,-0.02845,0.01281,0.66218,0.00464,1,0.03754,0.01431,0.66486,0.00516,1,0,0.00000,23
0.59680,0.18944,92.03395,0.18085,200,1,0.58546,0.22421,1,0.60820,0.18768,1,0.59683,0.20595,1,0.38679,0.43005,24.32677,1.03151,1,0.64935,0.42244,25.29351,1.03151,1,-0.02845,0.01281,0.66218,0.00464,1,0.03754,0.01431,0.66486,0.00514,1,0,0.00000,23
0.59680,0.19024,92.03395,0.18865,200,1,0.58616,0.23060,1,0.60697,0.19450,1,0.59656,0.21255,1,0.38684,0.43011,24.37600,1.02361,1,0.64941,0.42243,25.35739,1.02361,1,-0.02845,0.01281,0.66218,0.00465,1,0.03754,0.01431,0.66486,0.00517,1,0,0.00000,23
0.59648,0.19099,92.03395,0.19407,200,1,0.55742,0.23784,1,0.61715,0.18763,1,0.58729,0.21273,1,0.38688,0.43008,24.46252,1.02361,1,0.64948,0.42251,25.36368,1.02361,1,-0.02845,0.01281,0.66218,0.00466,1,0.03754,0.01431,0.66486,0.00517,1,0,0.00000,23
0.59631,0.19166,92.03395,0.20112,200,1,0.56227,0.23006,1,0.62033,0.19335,1,0.59130,0.21171,1,0.38691,0.43004,24.47076,1.02361,1,0.64943,0.42249,25.29802,1.02361,1,-0.02845,0.01281,0.66218,0.00465,1,0.03754,0.01431,0.66486,0.00515,1,0,0.00000,23
0.59617,0.19236,92.03395,0.20751,200,1,0.56305,0.23571,1,0.62051,0.19243,1,0.59178,0.21407,1,0.38699,0.43007,24.33278,1.01658,1,0.64950,0.42249,25.26813,1.02467,1,-0.02766,0.01248,0.64505,0.00466,1,0.03818,0.01454,0.67529,0.00518,1,0,0.00000,23
0.59612,0.19290,92.03395,0.21439,200,1,0.56887,0.22508,1,0.62035,0.19513,1,0.59461,0.21010,1,0.38701,0.43001,24.42458,1.01764,1,0.64966,0.42251,25.31853,1.02573,1,-0.02766,0.01248,0.64505,0.00465,1,0.03818,0.01454,0.67529,0.00513,1,0,0.00000,23
0.59604,0.19312,92.03395,0.22098,200,1,0.55124,0.21416,1,0.63538,0.18679,1,0.59331,0.20048,1,0.38708,0.43000,24.30742,1.01871,1,0.64968,0.42251,25.34841,1.02679,1,-0.02766,0.01248,0.64505,0.00466,1,0.03818,0.01454,0.67529,0.00514,1,0,0.00000,23
0.59594,0.19340,92.03395,0.22750,200,1,0.55111,0.21329,1,0.63411,0.19287,1,0.59261,0.20308,1,0.38710,0.43000,24.31709,1.01977,1,0.64969,0.42253,25.33110,1.01977,1,-0.02766,0.01248,0.64505,0.00466,1,0.04189,0.01593,0.73994,0.00513,1,0,0.00000,23
0.59579,0.19382,92.03395,0.23428,200,1,0.54365,0.21233,1,0.63703,0.20476,1,0.59034,0.20855,1,0.38713,0.42997,24.24235,1.01977,1,0.64976,0.42256,25.34127,1.01168,1,-0.02766,0.01248,0.64505,0.00464,1,0.04189,0.01593,0.73994,0.00517,1,0,0.00000,23
0.59582,0.19453,92.03395,0.24064,200,1,0.55208,0.21932,1,0.64189,0.22079,1,0.59698,0.22005,1,0.38714,0.42993,24.28486,1.01168,1,0.64979,0.42259,25.38438,1.00359,1,-0.02766,0.01248,0.64505,0.00466,1,0.04189,0.01593,0.73994,0.00514,1,0,0.00000,23
0.59583,0.19531,92.03395,0.24756,200,1,0.55220,0.22019,1,0.64030,0.22781,1,0.59625,0.22400,1,0.38715,0.42991,24.24584,1.01062,1,0.64975,0.42264,25.55511,0.99534,1,-0.02825,0.01277,0.65988,0.00466,1,0.03667,0.01392,0.64690,0.00513,1,0,0.00000,23
0.59559,0.19610,92.03395,0.25438,200,1,0.56196,0.21515,1,0.61124,0.23726,1,0.58660,0.22620,1,0.38721,0.42994,24.19809,1.00237,1,0.64985,0.42272,25.52932,0.99518,1,-0.02825,0.01277,0.65988,0.00463,1,0.03667,0.01392,0.64690,0.00518,1,0,0.00000,23
0.59541,0.19699,92.03395,0.26099,200,1,0.56530,0.22933,1,0.61110,0.23394,1,0.58820,0.23164,1,0.38723,0.42996,24.16744,1.00220,1,0.64991,0.42249,24.90648,0.99501,1,-0.02825,0.01277,0.65988,0.00462,1,0.03667,0.01392,0.64690,0.00520,1,0,0.00000,23
0.59525,0.19760,92.03395,0.26777,200,1,0.56445,0.22297,1,0.61356,0.22128,1,0.58901,0.22212,1,0.38726,0.42995,24.18417,1.00994,1,0.64994,0.42259,25.02604,1.00994,1,-0.02923,0.01323,0.68389,0.00460,1,0.03658,0.01387,0.64439,0.00517,1,0,0.00000,23
0.59520,0.19818,92.03395,0.27412,200,1,0.56384,0.22567,1,0.62252,0.21791,1,0.59318,0.22179,1,0.38737,0.43000,24.20573,1.01785,1,0.64995,0.42253,24.91895,1.02504,1,-0.02923,0.01323,0.68389,0.00466,1,0.03658,0.01387,0.64439,0.00515,1,0,0.00000,23
0.59527,0.19821,92.03395,0.28265,200,1,0.56520,0.20888,1,0.63091,0.19050,1,0.59806,0.19969,1,0.38736,0.42999,24.22889,1.03294,1,0.64998,0.42251,24.97538,1.04013,1,-0.02923,0.01323,0.68389,0.00471,1,0.03658,0.01387,0.64439,0.00515,1,0,0.00000,23
0.59534,0.19796,92.03395,0.28746,200,1,0.56359,0.19655,1,0.63356,0.17766,1,0.59858,0.18711,1,0.38739,0.42999,24.16107,1.04804,1,0.64999,0.42253,24.96088,1.05523,1,-0.02923,0.01323,0.68389,0.00467,1,0.03658,0.01387,0.64439,0.00516,1,0,0.00000,23
0.59509,0.19788,92.03395,0.29443,200,1,0.56395,0.19168,1,0.60379,0.19687,1,0.58387,0.19428,1,0.38737,0.42997,24.13867,1.05523,1,0.65002,0.42257,24.98391,1.05523,1,-0.02923,0.01323,0.68389,0.00466,1,0.03658,0.01387,0.64439,0.00514,1,0,0.00000,23
0.59495,0.19776,92.03395,0.30154,200,1,0.56968,0.19743,1,0.60793,0.18766,1,0.58881,0.19254,1,0.38740,0.43001,24.16138,1.05523,1,0.65003,0.42260,24.97498,1.05523,1,-0.02923,0.01323,0.68389,0.00466,1,0.03658,0.01387,0.64439,0.00516,1,0,0.00000,23
0.59482,0.19765,92.03395,0.30808,200,1,0.56968,0.19743,1,0.60793,0.18766,1,0.58881,0.19254,1,0.38743,0.42997,24.23444,1.05523,1,0.65010,0.42269,25.07010,1.05523,1,-0.02923,0.01323,0.68389,0.00466,1,0.03658,0.01387,0.64439,0.00521,1,0,0.00000,23
0.59473,0.19764,92.03395,0.31496,200,1,0.56930,0.19805,1,0.61155,0.19637,1,0.59042,0.19721,1,0.38745,0.43005,24.15971,1.05523,1,0.65019,0.42267,24.97177,1.05523,1,-0.02923,0.01323,0.68389,0.00468,1,0.03658,0.01387,0.64439,0.00521,1,0,0.00000,23
0.59506,0.19759,92.03395,0.32129,200,1,0.57224,0.20190,1,0.61598,0.20479,1,0.59411,0.20334,1,0.38749,0.43008,24.20832,1.05523,1,0.65020,0.42269,25.03057,1.05523,1,-0.02923,0.01323,0.68389,0.00466,1,0.03658,0.01387,0.64439,0.00520,1,0,0.00000,23
0.59489,0.19809,92.03395,0.32768,200,1,0.57301,0.20828,1,0.61601,0.20464,1,0.59451,0.20646,1,0.38718,0.42981,23.67150,1.04732,1,0.65018,0.42270,25.08330,1.05541,1,-0.02839,0.01288,0.66539,0.00464,1,0.03807,0.01442,0.66974,0.00519,1,0,0.00000,23
0.59482,0.19821,92.03395,0.33498,200,1,0.57370,0.20962,1,0.61636,0.21187,1,0.59503,0.21074,1,0.38752,0.43005,24.28526,1.04750,1,0.65019,0.42260,24.90326,1.05559,1,-0.02839,0.01288,0.66539,0.00465,1,0.03807,0.01442,0.66974,0.00520,1,0,0.00000,23
0.59503,0.19757,92.03395,0.34142,200,1,0.57740,0.21416,1,0.61549,0.14638,1,0.59645,0.18027,1,0.38751,0.43005,24.35132,1.04769,1,0.65020,0.42261,24.87887,1.05578,1,-0.02839,0.01288,0.66539,0.00465,1,0.03807,0.01442,0.66974,0.00519,1,0,0.00000,23
0.59525,0.19692,92.03395,0.34837,200,1,0.57738,0.21401,1,0.61552,0.14622,1,0.59645,0.18012,1,0.38733,0.42984,23.67057,1.04787,1,0.65020,0.42261,24.87887,1.05596,1,-0.02839,0.01288,0.66539,0.00467,1,0.03838,0.01449,0.67536,0.00519,1,0,0.00000,23
0.59546,0.19715,92.03395,0.35507,200,1,0.58076,0.22134,1,0.62106,0.20499,1,0.60091,0.21316,1,0.38733,0.42984,23.70689,1.05596,1,0.65021,0.42267,24.84503,1.05596,1,-0.02839,0.01288,0.66539,0.00466,1,0.03838,0.01449,0.67536,0.00518,1,0,0.00000,23
0.59579,0.19716,92.03395,0.36165,200,1,0.58507,0.21473,1,0.62423,0.16653,1,0.60465,0.19063,1,0.38754,0.43013,24.31378,1.05596,1,0.65023,0.42285,25.13839,1.05596,1,-0.02839,0.01288,0.66539,0.00461,1,0.03838,0.01449,0.67536,0.00514,1,0,0.00000,23
0.59612,0.19716,92.03395,0.36821,200,1,0.58507,0.21473,1,0.62423,0.16653,1,0.60465,0.19063,1,0.38759,0.43014,24.26049,1.05596,1,0.65025,0.42301,25.26387,1.05596,1,-0.02839,0.01288,0.66539,0.00465,1,0.03838,0.01449,0.67536,0.00518,1,0,0.00000,23
0.59604,0.19696,92.03395,0.37505,200,1,0.55148,0.22627,1,0.62978,0.10281,1,0.59063,0.16454,1,0.38754,0.43013,24.31378,1.05596,1,0.65026,0.42303,25.23386,1.05596,1,-0.02839,0.01288,0.66539,0.00461,1,0.03838,0.01449,0.67536,0.00518,1,0,0.00000,23
0.59620,0.19656,92.03395,0.38194,200,1,0.58089,0.23354,1,0.62502,0.09090,1,0.60295,0.16222,1,0.38765,0.43022,24.23247,1.05596,1,0.65024,0.42305,25.30559,1.05596,1,-0.02839,0.01288,0.66539,0.00466,1,0.03838,0.01449,0.67536,0.00520,1,0,0.00000,23
0.59638,0.19609,92.03395,0.38817,200,1,0.58089,0.23354,1,0.62502,0.09090,1,0.60295,0.16222,1,0.38764,0.43025,24.23476,1.05596,1,0.65026,0.42306,25.28447,1.05596,1,-0.02839,0.01288,0.66539,0.00466,1,0.03838,0.01449,0.67536,0.00519,1,0,0.00000,23
0.59624,0.19608,92.03395,0.39474,200,1,0.55378,0.24060,1,0.63318,0.12440,1,0.59348,0.18250,1,0.38764,0.43036,24.21659,1.05596,1,0.65031,0.42313,25.17250,1.05596,1,-0.02839,0.01288,0.66539,0.00466,1,0.03838,0.01449,0.67536,0.00518,1,0,0.00000,23
0.59621,0.19597,92.03395,0.40258,200,1,0.56204,0.24256,1,0.63672,0.14160,1,0.59938,0.19208,1,0.38766,0.43041,24.15908,1.05596,1,0.65043,0.42329,25.46321,1.05596,1,-0.02839,0.01288,0.66539,0.00467,1,0.03838,0.01449,0.67536,0.00509,1,0,0.00000,23
0.59618,0.19592,92.03395,0.40837,200,1,0.56279,0.24795,1,0.63548,0.14780,1,0.59914,0.19788,1,0.38748,0.43019,23.27386,1.04893,1,0.65043,0.42342,25.34731,1.04893,1,-0.02740,0.01235,0.64349,0.00471,1,0.03807,0.01422,0.66974,0.00511,1,0,0.00000,23
0.59584,0.19513,92.03395,0.41519,200,1,0.55330,0.16094,1,0.59894,0.15946,1,0.57612,0.16020,1,0.38712,0.43036,23.31337,1.04191,1,0.65011,0.42334,25.30157,1.04191,1,-0.02740,0.01235,0.64349,0.00469,1,0.03807,0.01422,0.66974,0.00509,1,0,0.00000,23
0.59470,0.19462,92.03395,0.42190,200,1,0.51590,0.17019,1,0.56140,0.16376,1,0.53865,0.16698,1,0.38685,0.43044,23.36986,1.03488,1,0.64980,0.42337,25.13258,1.03488,1,-0.02740,0.01235,0.64349,0.00467,1,0.03807,0.01422,0.66974,0.00513,1,0,0.00000,23
0.59352,0.19427,92.03395,0.42816,200,1,0.51590,0.17019,1,0.56049,0.17094,1,0.53820,0.17056,1,0.38653,0.43038,23.02023,1.03488,1,0.64962,0.42324,24.93795,1.02679,1,-0.02785,0.01248,0.65274,0.00469,1,0.03658,0.01368,0.64439,0.00516,1,0,0.00000,23
0.59251,0.19410,92.03395,0.43507,200,1,0.53450,0.17823,1,0.56163,0.17153,1,0.54806,0.17488,1,0.38667,0.43040,22.78050,1.03382,1,0.64975,0.42326,24.87070,1.02573,1,-0.02785,0.01248,0.65274,0.00466,1,0.03658,0.01368,0.64439,0.00514,1,0,0.00000,23
0.59148,0.19428,92.03395,0.44180,200,1,0.52379,0.18235,1,0.57801,0.20553,1,0.55090,0.19394,1,0.38681,0.43048,23.08517,1.03276,1,0.64970,0.42352,25.51493,1.02467,1,-0.02785,0.01248,0.65274,0.00465,1,0.03658,0.01368,0.64439,0.00511,1,0,0.00000,23
0.59044,0.19472,92.03395,0.44848,200,1,0.52496,0.18910,1,0.57696,0.21243,1,0.55096,0.20077,1,0.38699,0.43049,23.09148,1.02467,1,0.64990,0.42352,24.86065,1.01658,1,-0.02740,0.01226,0.64349,0.00463,1,0.03741,0.01390,0.65744,0.00517,1,0,0.00000,23
0.58908,0.19494,92.03395,0.45535,200,1,0.50794,0.22969,1,0.56726,0.14552,1,0.53760,0.18761,1,0.38713,0.43075,23.09937,1.00956,1,0.64998,0.42393,25.27263,1.00956,1,-0.02740,0.01226,0.64349,0.00470,1,0.03741,0.01390,0.65744,0.00513,1,0,0.00000,23
0.56518,0.18240,92.03395,0.45535,200,0,0.52231,0.23873,1,0.57109,0.15969,1,0.54670,0.19921,1,0.38717,0.43081,23.14746,1.00253,1,0.65007,0.42405,25.27579,1.00253,1,-0.02740,0.01226,0.64349,0.00470,1,0.03741,0.01390,0.65744,0.00513,1,0,0.00000,23
0.55589,0.18740,92.03395,0.45535,200,0,0.52112,0.23237,1,0.57208,0.15243,1,0.54660,0.19240,1,0.38730,0.43098,23.17410,1.01043,1,0.65018,0.42405,25.03847,1.01043,1,-0.02893,0.01299,0.68168,0.00469,1,0.03795,0.01397,0.66506,0.00519,1,0,0.00000,23
0.55284,0.19395,92.03395,0.45535,200,0,0.53184,0.25287,1,0.56163,0.16120,1,0.54673,0.20704,1,0.38737,0.43104,23.09661,1.02536,1,0.65046,0.42418,25.06605,1.02536,1,-0.02893,0.01299,0.68168,0.00470,1,0.03795,0.01397,0.66506,0.00511,1,0,0.00000,23
0.55410,0.19528,92.49580,0.02074,201,1,0.54551,0.24242,1,0.57028,0.15613,1,0.55790,0.19927,1,0.38760,0.43106,23.05708,1.04030,1,0.65046,0.42426,25.07247,1.04030,1,-0.02893,0.01299,0.68168,0.00467,1,0.03795,0.01397,0.66506,0.00512,1,0,0.00000,23
0.55495,0.19419,92.49580,0.02747,201,1,0.54464,0.23696,1,0.57209,0.14270,1,0.55837,0.18983,1,0.38774,0.43111,22.90247,1.04732,1,0.65055,0.42431,25.00224,1.05541,1,-0.02802,0.01260,0.66143,0.00469,1,0.03967,0.01453,0.69437,0.00516,1,0,0.00000,23
0.55247,0.19583,92.49580,0.03472,201,1,0.48623,0.23764,1,0.59385,0.17037,1,0.54004,0.20400,1,0.38787,0.43114,23.06183,1.04751,1,0.65069,0.42443,25.06702,1.05559,1,-0.02802,0.01260,0.66143,0.00470,1,0.03967,0.01453,0.69437,0.00518,1,0,0.00000,23
0.55398,0.19772,92.49580,0.04079,201,1,0.52987,0.24603,1,0.59619,0.17218,1,0.56303,0.20910,1,0.38784,0.43119,22.94424,1.04769,1,0.65070,0.42448,24.99474,1.05578,1,-0.02802,0.01260,0.66143,0.00469,1,0.03967,0.01453,0.69437,0.00516,1,0,0.00000,23
0.55497,0.20066,92.49580,0.04756,201,1,0.53081,0.25126,1,0.59306,0.19117,1,0.56194,0.22122,1,0.38792,0.43118,23.03624,1.04085,1,0.65074,0.42454,25.18154,1.03366,1,-0.02695,0.01209,0.63737,0.00469,1,0.03659,0.01332,0.63880,0.00510,1,0,0.00000,23
0.55277,0.20260,92.49580,0.05419,201,1,0.50788,0.27462,1,0.56239,0.16164,1,0.53513,0.21813,1,0.38794,0.43128,23.06264,1.02663,1,0.65080,0.42456,25.23497,1.01135,1,-0.02695,0.01209,0.63737,0.00470,1,0.03659,0.01332,0.63880,0.00512,1,0,0.00000,23
0.55103,0.19938,92.49580,0.06085,201,1,0.50907,0.22005,1,0.56179,0.12082,1,0.53543,0.17043,1,0.38795,0.43128,22.98366,1.00433,1,0.65081,0.42459,25.00436,0.98905,1,-0.02695,0.01209,0.63737,0.00472,1,0.03659,0.01332,0.63880,0.00514,1,0,0.00000,23
0.54965,0.19800,92.49580,0.06756,201,1,0.51156,0.23256,1,0.55998,0.13566,1,0.53577,0.18411,1,0.38791,0.43133,22.95835,0.98905,1,0.65085,0.42456,24.82707,0.97377,1,-0.02766,0.01239,0.65530,0.00469,1,0.03659,0.01332,0.63880,0.00515,1,0,0.00000,23
0.54852,0.19913,92.49580,0.07427,201,1,0.50825,0.26161,1,0.56393,0.16165,1,0.53609,0.21163,1,0.38795,0.43147,23.29972,0.98080,1,0.65085,0.42456,24.82305,0.98080,1,-0.02766,0.01239,0.65530,0.00469,1,0.03659,0.01332,0.63880,0.00515,1,0,0.00000,23
0.54714,0.19840,92.49580,0.08100,201,1,0.50341,0.22377,1,0.55789,0.15542,1,0.53065,0.18960,1,0.38783,0.43131,22.89635,0.98782,1,0.65090,0.42474,24.94469,0.98782,1,-0.02766,0.01239,0.65530,0.00469,1,0.03659,0.01332,0.63880,0.00518,1,0,0.00000,23
0.54596,0.19777,92.49580,0.08769,201,1,0.50341,0.22377,1,0.55789,0.15542,1,0.53065,0.18960,1,0.38788,0.43137,23.00446,0.98782,1,0.65087,0.42466,24.71902,0.98782,1,-0.02701,0.01197,0.63864,0.00468,1,0.03659,0.01332,0.63880,0.00511,1,0,0.00000,23
0.54675,0.19743,92.49580,0.09434,201,1,0.53011,0.22367,1,0.58549,0.16157,1,0.55780,0.19262,1,0.38790,0.43144,22.84280,0.98080,1,0.65084,0.42489,25.05440,0.98080,1,-0.02701,0.01197,0.63864,0.00470,1,0.03659,0.01332,0.63880,0.00510,1,0,0.00000,23
0.54746,0.19841,92.49580,0.10094,201,1,0.52972,0.24919,1,0.58642,0.17725,1,0.55807,0.21322,1,0.38785,0.43178,22.17625,0.97377,1,0.65085,0.42459,24.63393,0.97377,1,-0.02701,0.01197,0.63864,0.00470,1,0.03659,0.01332,0.63880,0.00516,1,0,0.00000,23
0.54811,0.19909,92.49580,0.10726,201,1,0.52972,0.24919,1,0.58745,0.17059,1,0.55859,0.20989,1,0.38784,0.43182,22.02270,0.97377,1,0.65075,0.42475,25.05956,0.98096,1,-0.02823,0.01254,0.66638,0.00473,1,0.03804,0.01386,0.66492,0.00513,1,0,0.00000,23
0.54963,0.20762,92.49580,0.11417,201,1,0.57260,0.44784,1,0.57816,0.25753,1,0.57538,0.35269,1,0.38765,0.43304,19.36487,0.98799,1,0.65072,0.42456,24.70490,0.99518,1,-0.02823,0.01254,0.66638,0.00461,1,0.03804,0.01386,0.66492,0.00516,1,0,0.00000,23
0.55012,0.22039,92.49580,0.12096,201,1,0.53698,0.68335,1,0.58102,0.21693,1,0.55900,0.45014,1,0.38784,0.43370,16.50666,1.00220,1,0.65067,0.42448,24.70817,1.00939,1,-0.02823,0.01254,0.66638,0.00429,1,0.03804,0.01386,0.66492,0.00517,1,0,0.00000,23
0.55056,0.23119,92.49580,0.12766,201,1,0.53387,0.67495,1,0.58400,0.19801,1,0.55893,0.43648,1,0.38785,0.43470,14.80371,1.02432,1,0.65060,0.42443,24.78264,1.03151,1,-0.02893,0.01299,0.68168,0.00419,1,0.03791,0.01387,0.66261,0.00513,1,0,0.00000,23
0.55254,0.26498,92.49580,0.12766,201,0,0.53387,0.67495,0,0.59417,0.37935,1,0.59417,0.37935,1,0.38785,0.43470,14.80371,1.03942,0,0.65077,0.42570,22.20937,1.03942,1,-0.02893,0.01299,0.68168,0.00419,1,0.03791,0.01387,0.66261,0.00517,1,0,0.00000,23
0.59138,0.44326,92.49580,0.12766,201,0,0.53387,0.67495,0,0.63022,0.62153,1,0.63022,0.62153,1,0.38785,0.43470,14.80371,1.04732,0,0.65108,0.42700,18.68288,1.04732,1,-0.02893,0.01299,0.68168,0.00419,1,0.03791,0.01387,0.66261,0.00476,1,0,0.00000,23
0.60528,0.50033,92.49580,0.12766,201,0,0.53387,0.67495,0,0.63308,0.61448,1,0.63308,0.61448,1,0.38785,0.43470,14.80371,1.05523,0,0.65093,0.42735,17.50066,1.06331,1,-0.02893,0.01299,0.68168,0.00419,1,0.03967,0.01474,0.69437,0.00484,1,0,0.00000,23
0.64738,0.74768,92.49580,0.12766,201,0,0.53387,0.67495,0,0.67884,1.00704,1,0.67884,1.00704,1,0.38785,0.43470,14.80371,1.06331,0,0.65199,0.42933,10.87709,1.07140,1,-0.02893,0.01299,0.68168,0.00419,1,0.03967,0.01474,0.69437,0.00389,1,0,0.00000,23
0.66394,0.86675,92.49580,0.12766,201,0,0.53387,0.67495,0,0.68049,0.98581,1,0.68049,0.98581,1,0.38785,0.43470,14.80371,1.07140,0,0.65237,0.42932,11.48289,1.07949,1,-0.02893,0.01299,0.68168,0.00419,1,0.03967,0.01474,0.69437,0.00373,1,0,0.00000,23
0.66394,0.86675,92.49580,0.12766,201,0,0.53387,0.67495,0,0.68049,0.98581,0,0.68049,0.98581,0,0.38785,0.43470,14.80371,1.07949,0,0.65237,0.42932,11.48289,1.08758,0,-0.02893,0.01299,0.68168,0.00419,1,0.03967,0.01474,0.69437,0.00373,1,0,0.00000,23
0.68049,0.98581,92.49580,0.12766,201,0,0.53387,0.67495,0,0.68049,0.98581,0,0.68049,0.98581,0,0.38785,0.43470,14.80371,1.08758,0,0.65237,0.42932,11.48289,1.08758,0,-0.02893,0.01299,0.68168,0.00419,1,0.03967,0.01474,0.69437,0.00373,1,0,0.00000,23
0.68049,0.98581,92.49580,0.12766,201,0,0.53387,0.67495,0,0.68049,0.98581,0,0.68049,0.98581,0,0.38785,0.43470,14.80371,1.08758,0,0.65237,0.42932,11.48289,1.08758,0,-0.02893,0.01299,0.68168,0.00419,1,0.03967,0.01474,0.69437,0.00373,1,0,0.00000,23
0.68049,0.98581,92.49580,0.12766,201,0,0.53387,0.67495,0,0.68049,0.98581,0,0.68049,0.98581,0,0.38785,0.43470,14.80371,1.08758,0,0.65237,0.42932,11.48289,1.08758,0,-0.02893,0.01299,0.68168,0.00419,1,0.03967,0.01474,0.69437,0.00373,1,0,0.00000,23
0.00000,0.00000,92.49580,0.12766,201,0,0.53387,0.67495,0,0.68049,0.98581,0,0.68049,0.98581,0,0.38785,0.43470,14.80371,1.08758,0,0.65237,0.42932,11.48289,1.08758,0,-0.02893,0.01299,0.68168,0.00419,1,0.03967,0.01474,0.69437,0.00373,1,0,0.00000,23
0.00000,0.00000,92.49580,0.12766,201,0,0.53387,0.67495,0,0.68049,0.98581,0,0.68049,0.98581,0,0.38785,0.43470,14.80371,1.08758,0,0.65237,0.42932,11.48289,1.08758,0,-0.02893,0.01299,0.68168,0.00419,1,0.03967,0.01474,0.69437,0.00373,1,25,0.00000,23
0.00000,0.00000,92.49580,0.12766,201,0,0.53387,0.67495,0,0.68049,0.98581,0,0.68049,0.98581,0,0.38785,0.43470,14.80371,1.08758,0,0.65237,0.42932,11.48289,1.08758,0,-0.02893,0.01299,0.68168,0.00419,1,0.03967,0.01474,0.69437,0.00373,1,25,0.00000,23
0.00000,0.00000,92.49580,0.12766,201,0,0.53387,0.67495,0,0.68049,0.98581,0,0.68049,0.98581,0,0.38785,0.43470,14.80371,1.08758,0,0.65237,0.42932,11.48289,1.08758,0,-0.02893,0.01299,0.68168,0.00419,1,0.03967,0.01474,0.69437,0.00373,1,25,0.00000,23
0.00000,0.00000,92.49580,0.12766,201,0,0.53387,0.67495,0,0.68049,0.98581,0,0.68049,0.98581,0,0.38785,0.43470,14.80371,1.08758,0,0.65237,0.42932,11.48289,1.08758,0,-0.02893,0.01299,0.68168,0.00419,1,0.03967,0.01474,0.69437,0.00373,1,25,0.00000,23
0.00000,0.00000,92.49580,0.12766,201,0,0.53387,0.67495,0,0.68049,0.98581,0,0.68049,0.98581,0,0.38785,0.43470,14.80371,1.08758,0,0.65237,0.42932,11.48289,1.08758,0,-0.02893,0.01299,0.68168,0.00419,1,0.03967,0.01474,0.69437,0.00373,1,25,0.00000,23
0.95526,0.26281,92.49580,0.12766,201,0,0.95526,0.26281,1,0.68049,0.98581,0,0.95526,0.26281,1,0.65291,0.42410,24.51745,1.08758,1,0.65237,0.42932,11.48289,1.08758,0,-0.02893,0.01299,0.68168,0.00515,1,0.03967,0.01474,0.69437,0.00373,1,0,0.03405,24
0.95526,0.26281,92.49580,0.12766,201,0,0.95526,0.26281,1,0.68049,0.98581,0,0.95526,0.26281,1,0.65281,0.42397,24.87956,1.08758,1,0.65237,0.42932,11.48289,1.08758,0,0.03859,0.01426,0.67190,0.00507,1,0.03967,0.01474,0.69437,0.00373,1,0,0.00000,24
0.95235,0.25877,92.49580,0.12766,201,0,0.94653,0.25069,1,0.68049,0.98581,0,0.94653,0.25069,1,0.65272,0.42383,25.42303,1.08758,1,0.65237,0.42932,11.48289,1.08758,0,0.03859,0.01426,0.67190,0.00509,1,0.03967,0.01474,0.69437,0.00373,1,0,0.00000,24
0.94822,0.24555,92.73794,0.01949,202,1,0.93581,0.20588,1,0.68049,0.98581,0,0.93581,0.20588,1,0.65269,0.42377,25.41454,1.08758,1,0.65237,0.42932,11.48289,1.08758,0,0.03859,0.01426,0.67190,0.00511,1,0.03967,0.01474,0.69437,0.00373,1,0,0.00000,24
0.94539,0.23896,92.73794,0.02639,202,1,0.93406,0.21260,1,0.68049,0.98581,0,0.93406,0.21260,1,0.65266,0.42373,25.52864,1.07967,1,0.65237,0.42932,11.48289,1.07967,0,0.03732,0.01381,0.65057,0.00510,1,0.03967,0.01474,0.69437,0.00373,1,0,0.00000,24
0.94340,0.23340,92.73794,0.03319,202,1,0.93349,0.20559,1,0.68049,0.98581,0,0.93349,0.20559,1,0.65263,0.42354,25.59348,1.07177,1,0.65237,0.42932,11.48289,1.07177,0,0.03732,0.01381,0.65057,0.00516,1,0.03967,0.01474,0.69437,0.00373,1,0,0.00000,24
0.94571,0.23202,92.73794,0.03976,202,1,0.95954,0.22378,1,0.68049,0.98581,0,0.95954,0.22378,1,0.65255,0.42353,25.66275,1.06387,1,0.65237,0.42932,11.48289,1.06387,0,0.03732,0.01381,0.65057,0.00518,1,0.03967,0.01474,0.69437,0.00373,1,0,0.00000,24
0.94698,0.23259,92.73794,0.04649,202,1,0.95586,0.23656,1,0.68049,0.98581,0,0.95586,0.23656,1,0.65248,0.42358,25.75998,1.04894,1,0.65237,0.42932,11.48289,1.04894,0,0.03659,0.01361,0.63880,0.00514,1,0.03967,0.01474,0.69437,0.00373,1,0,0.00000,24
0.94652,0.23281,92.73794,0.05298,202,1,0.94286,0.23453,1,0.68049,0.98581,0,0.94286,0.23453,1,0.65248,0.42342,25.48451,1.04191,1,0.65237,0.42932,11.48289,1.04191,0,0.03659,0.01361,0.63880,0.00517,1,0.03967,0.01474,0.69437,0.00373,1,0,0.00000,24
0.94576,0.23182,92.73794,0.05987,202,1,0.93895,0.22294,1,0.68049,0.98581,0,0.93895,0.22294,1,0.65243,0.42338,25.51029,1.03488,1,0.65237,0.42932,11.48289,1.03488,0,0.03659,0.01361,0.63880,0.00514,1,0.03967,0.01474,0.69437,0.00373,1,0,0.00000,24
0.94499,0.23157,92.73794,0.06644,202,1,0.93730,0.22910,1,0.68049,0.98581,0,0.93730,0.22910,1,0.65240,0.42343,25.63269,1.02786,1,0.65237,0.42932,11.48289,1.02786,0,0.03659,0.01361,0.63880,0.00513,1,0.03967,0.01474,0.69437,0.00373,1,0,0.00000,24
0.92198,0.23563,92.73794,0.07339,202,1,0.63618,0.37246,1,0.70145,0.18806,1,0.66882,0.28026,1,0.38994,0.43145,20.73077,1.02786,1,0.65236,0.42347,25.54990,1.02786,1,0.03659,0.01361,0.63880,0.00473,1,0.03967,0.01474,0.69437,0.00513,1,0,0.00000,24
0.90222,0.23640,92.73794,0.08008,202,1,0.63321,0.32054,1,0.69714,0.17086,1,0.66517,0.24570,1,0.38948,0.43103,20.44159,1.02786,1,0.65235,0.42343,25.54786,1.02786,1,0.03659,0.01361,0.63880,0.00483,1,0.03967,0.01474,0.69437,0.00515,1,0,0.00000,24
0.88516,0.23754,92.73794,0.08660,202,1,0.63321,0.32054,1,0.69351,0.18422,1,0.66336,0.25238,1,0.38998,0.43132,20.56610,1.02786,1,0.65227,0.42350,25.62664,1.01258,1,-0.02701,0.01226,0.63865,0.00482,1,0.03659,0.01361,0.63880,0.00515,1,0,0.00000,24
0.87325,0.23978,92.73794,0.09337,202,1,0.69949,0.33782,1,0.71345,0.20425,1,0.70647,0.27104,1,0.38975,0.43100,22.07663,1.01258,1,0.65222,0.42355,25.53719,0.99730,1,-0.02701,0.01226,0.63865,0.00478,1,0.03659,0.01361,0.63880,0.00515,1,0,0.00000,24
0.83354,0.24036,92.73794,0.09337,202,0,0.68153,0.31572,1,0.71172,0.22406,1,0.69662,0.26989,1,0.38956,0.43091,22.38061,0.99730,1,0.65221,0.42370,25.40572,0.98202,1,-0.02701,0.01226,0.63865,0.00475,1,0.03659,0.01361,0.63880,0.00520,1,0,0.00000,24
0.76555,0.25519,92.73794,0.09337,202,0,0.68153,0.32202,1,0.71357,0.21801,1,0.69755,0.27002,1,0.38946,0.43098,22.10892,0.98905,1,0.65215,0.42373,25.64008,0.98905,1,-0.02802,0.01270,0.66143,0.00471,1,0.03851,0.01435,0.67393,0.00517,1,0,0.00000,24
0.74359,0.25618,92.73794,0.09337,202,0,0.68881,0.31925,1,0.71057,0.19705,1,0.69969,0.25815,1,0.38933,0.43119,21.86117,0.99608,1,0.65210,0.42375,25.76108,1.01135,1,-0.02802,0.01270,0.66143,0.00479,1,0.03851,0.01435,0.67393,0.00517,1,0,0.00000,24
0.69732,0.25423,92.73794,0.09337,202,0,0.67382,0.29411,1,0.71560,0.17493,1,0.69471,0.23452,1,0.38938,0.43110,21.92714,1.01838,1,0.65210,0.42375,25.76108,1.03366,1,-0.02802,0.01270,0.66143,0.00478,1,0.03851,0.01435,0.67393,0.00517,1,0,0.00000,24
0.69786,0.23206,92.73794,0.09337,202,0,0.67360,0.27093,1,0.72323,0.14886,1,0.69841,0.20990,1,0.38933,0.43111,22.07109,1.04859,1,0.65203,0.42367,25.75690,1.06387,1,-0.02893,0.01309,0.68168,0.00478,1,0.03967,0.01474,0.69437,0.00512,1,0,0.00000,24
0.69356,0.20482,92.73794,0.09337,202,0,0.65773,0.15082,1,0.71217,0.14988,1,0.68495,0.15035,1,0.38933,0.43107,22.46550,1.07177,1,0.65194,0.42363,25.82698,1.07177,1,-0.02893,0.01309,0.68168,0.00476,1,0.03967,0.01474,0.69437,0.00510,1,0,0.00000,24
0.69189,0.19032,92.85815,0.01961,203,1,0.66185,0.15266,1,0.71188,0.14095,1,0.68686,0.14680,1,0.38946,0.43099,22.30615,1.07968,1,0.65194,0.42363,25.82698,1.07968,1,-0.02893,0.01309,0.68168,0.00484,1,0.03967,0.01474,0.69437,0.00511,1,0,0.00000,24
0.69086,0.18096,92.85815,0.02631,203,1,0.66171,0.14592,1,0.71183,0.14111,1,0.68677,0.14351,1,0.38947,0.43100,22.31751,1.08758,1,0.65192,0.42364,25.75511,1.07949,1,-0.02910,0.01312,0.68578,0.00484,1,0.03795,0.01412,0.66506,0.00511,1,0,0.00000,24
0.69136,0.17492,92.85815,0.03307,203,1,0.64751,0.14354,1,0.74020,0.14592,1,0.69385,0.14473,1,0.38923,0.43078,23.11945,1.07949,1,0.65179,0.42365,25.79659,1.07140,1,-0.02910,0.01312,0.68578,0.00480,1,0.03795,0.01412,0.66506,0.00514,1,0,0.00000,24
0.69016,0.17352,92.85815,0.03957,203,1,0.63752,0.16558,1,0.72841,0.16466,1,0.68297,0.16512,1,0.38921,0.43076,22.87845,1.07140,1,0.65177,0.42366,25.73370,1.06332,1,-0.02910,0.01312,0.68578,0.00482,1,0.03795,0.01412,0.66506,0.00514,1,0,0.00000,24
0.68904,0.17416,92.85815,0.04664,203,1,0.63815,0.17904,1,0.72430,0.17822,1,0.68122,0.17863,1,0.38916,0.43081,23.08144,1.05541,1,0.65175,0.42365,25.72087,1.04732,1,-0.02811,0.01265,0.66120,0.00478,1,0.03795,0.01412,0.66506,0.00514,1,0,0.00000,24
0.68743,0.17620,92.85815,0.05300,203,1,0.63364,0.20302,1,0.71531,0.18207,1,0.67448,0.19255,1,0.38908,0.43078,22.95187,1.03942,1,0.65173,0.42367,25.66441,1.03942,1,-0.02811,0.01265,0.66120,0.00478,1,0.03795,0.01412,0.66506,0.00516,1,0,0.00000,24
0.68634,0.17818,92.85815,0.06007,203,1,0.64854,0.20605,1,0.70454,0.18596,1,0.67654,0.19600,1,0.38906,0.43082,23.19220,1.03151,1,0.65168,0.42352,25.41697,1.03151,1,-0.02811,0.01265,0.66120,0.00474,1,0.03795,0.01412,0.66506,0.00522,1,0,0.00000,24
0.68522,0.18123,92.85815,0.06657,203,1,0.64899,0.21856,1,0.69914,0.20490,1,0.67407,0.21173,1,0.38890,0.43077,22.93631,1.01658,1,0.65164,0.42345,25.41236,1.00939,1,-0.02740,0.01226,0.64349,0.00483,1,0.03631,0.01357,0.63724,0.00515,1,0,0.00000,24
0.68435,0.18543,92.85815,0.07363,203,1,0.65772,0.24477,1,0.69188,0.21850,1,0.67480,0.23164,1,0.38882,0.43078,22.90726,1.00237,1,0.65155,0.42340,25.45481,0.99518,1,-0.02740,0.01226,0.64349,0.00483,1,0.03631,0.01357,0.63724,0.00517,1,0,0.00000,24
0.68355,0.18873,92.85815,0.08026,203,1,0.65598,0.24714,1,0.69198,0.20933,1,0.67398,0.22824,1,0.38881,0.43078,22.90009,0.98815,1,0.65156,0.42339,25.55364,0.98096,1,-0.02740,0.01226,0.64349,0.00483,1,0.03631,0.01357,0.63724,0.00518,1,0,0.00000,24
0.68288,0.19176,92.85815,0.08702,203,1,0.65615,0.25314,1,0.69198,0.20933,1,0.67407,0.23124,1,0.38893,0.43079,23.15506,0.98096,1,0.65174,0.42353,25.41624,0.98096,1,-0.02811,0.01265,0.66120,0.00475,1,0.03795,0.01417,0.66506,0.00520,1,0,0.00000,24
0.68733,0.19417,92.85815,0.09359,203,1,0.71579,0.26476,1,0.78367,0.19113,1,0.74973,0.22794,1,0.39000,0.43053,22.43688,0.98799,1,0.65265,0.42390,25.62277,0.99518,1,-0.02811,0.01265,0.66120,0.00480,1,0.03795,0.01417,0.66506,0.00521,1,0,0.00000,24
0.69243,0.19676,92.85815,0.10043,203,1,0.73678,0.26904,1,0.80107,0.20205,1,0.76893,0.23555,1,0.39077,0.43065,22.83560,1.00220,1,0.65324,0.42411,25.95189,1.00939,1,-0.02811,0.01265,0.66120,0.00483,1,0.03795,0.01417,0.66506,0.00519,1,0,0.00000,24
0.69694,0.19887,92.85815,0.10795,203,1,0.73715,0.26317,1,0.80107,0.20205,1,0.76911,0.23261,1,0.39156,0.43071,23.12037,1.00939,1,0.65421,0.42427,25.95054,1.00939,1,-0.02714,0.01231,0.64630,0.00481,1,0.03679,0.01346,0.63891,0.00519,1,0,0.00000,24
0.70604,0.20320,92.85815,0.11668,203,1,0.84438,0.30291,1,0.87682,0.25084,1,0.86060,0.27688,1,0.39294,0.43085,23.66969,1.00237,1,0.65531,0.42447,26.16345,0.99518,1,-0.02714,0.01231,0.64630,0.00480,1,0.03679,0.01346,0.63891,0.00513,1,0,0.00000,24
0.72876,0.22967,92.85815,0.11668,203,0,0.83904,0.34473,1,0.89609,0.28141,1,0.86756,0.31307,1,0.39344,0.43117,23.96317,0.98815,1,0.65560,0.42455,25.91784,0.98096,1,-0.02714,0.01231,0.64630,0.00478,1,0.03679,0.01346,0.63891,0.00511,1,0,0.00000,24
0.79684,0.27549,92.85815,0.11668,203,0,0.83688,0.35566,1,0.89298,0.28696,1,0.86493,0.32131,1,0.39399,0.43107,23.90625,0.97394,1,0.65598,0.42471,25.85720,0.97394,1,-0.02682,0.01226,0.64341,0.00484,1,0.03851,0.01407,0.66785,0.00515,1,0,0.00000,24
0.81582,0.28087,92.85815,0.11668,203,0,0.82606,0.32599,1,0.88149,0.25726,1,0.85378,0.29163,1,0.39399,0.43101,23.92380,0.97394,1,0.65576,0.42464,25.86259,0.98113,1,-0.02682,0.01226,0.64341,0.00488,1,0.03851,0.01407,0.66785,0.00509,1,0,0.00000,24
0.85566,0.30391,92.85815,0.11668,203,0,0.82042,0.32931,1,0.87614,0.26828,1,0.84828,0.29879,1,0.39390,0.43108,23.70844,0.98113,1,0.65572,0.42463,25.76353,0.98832,1,-0.02682,0.01226,0.64341,0.00488,1,0.03851,0.01407,0.66785,0.00511,1,0,0.00000,24
0.85221,0.29994,92.85815,0.11668,203,0,0.82138,0.32364,1,0.87614,0.26828,1,0.84876,0.29596,1,0.39380,0.43102,23.58899,0.98832,1,0.65563,0.42448,25.79506,0.98832,1,-0.02682,0.01226,0.64341,0.00485,1,0.03679,0.01346,0.63891,0.00513,1,0,0.00000,24
0.85658,0.29661,92.85815,0.11668,203,0,0.86958,0.32288,1,0.86103,0.25701,1,0.86531,0.28994,1,0.39364,0.43107,23.47047,0.98832,1,0.65558,0.42445,25.72890,0.98113,1,-0.02682,0.01226,0.64341,0.00481,1,0.03679,0.01346,0.63891,0.00511,1,0,0.00000,24
0.85581,0.29809,93.00050,0.01837,204,1,0.86023,0.33630,1,0.84681,0.26876,1,0.85352,0.30253,1,0.39359,0.43108,23.57082,0.98113,1,0.65551,0.42448,25.81141,0.97394,1,-0.02682,0.01226,0.64341,0.00480,1,0.03679,0.01346,0.63891,0.00513,1,0,0.00000,24
0.85579,0.29774,93.00050,0.02493,204,1,0.86157,0.33020,1,0.84988,0.26248,1,0.85573,0.29634,1,0.39347,0.43120,23.48561,0.98887,1,0.65540,0.42448,25.73011,0.98168,1,-0.02830,0.01283,0.67639,0.00482,1,0.03673,0.01349,0.63781,0.00509,1,0,0.00000,24
0.85824,0.29696,93.00050,0.03128,204,1,0.83615,0.34237,1,0.90478,0.24372,1,0.87047,0.29304,1,0.39321,0.43122,23.76443,0.99661,1,0.65525,0.42450,25.69587,0.99661,1,-0.02830,0.01283,0.67639,0.00480,1,0.03673,0.01349,0.63781,0.00511,1,0,0.00000,24
0.85951,0.29418,93.00050,0.03846,204,1,0.82613,0.33030,1,0.90808,0.22472,1,0.86711,0.27751,1,0.39310,0.43130,23.85588,1.01154,1,0.65517,0.42443,25.86875,1.01154,1,-0.02830,0.01283,0.67639,0.00480,1,0.03673,0.01349,0.63781,0.00508,1,0,0.00000,24
0.86065,0.29173,93.00050,0.04517,204,1,0.82613,0.33030,1,0.91123,0.21884,1,0.86868,0.27457,1,0.39305,0.43127,23.70497,1.01154,1,0.65502,0.42445,25.62867,1.01873,1,-0.02714,0.01221,0.64630,0.00485,1,0.03812,0.01402,0.66284,0.00514,1,0,0.00000,24
0.85983,0.28787,93.00050,0.05177,204,1,0.82968,0.30188,1,0.87680,0.21222,1,0.85324,0.25705,1,0.39275,0.43137,23.50422,1.00380,1,0.65481,0.42443,25.79011,1.01099,1,-0.02714,0.01221,0.64630,0.00485,1,0.03812,0.01402,0.66284,0.00510,1,0,0.00000,24
0.85906,0.28650,93.00050,0.05894,204,1,0.84615,0.31660,1,0.85811,0.23165,1,0.85213,0.27412,1,0.39275,0.43131,23.40335,0.99606,1,0.65473,0.42439,25.70262,1.00325,1,-0.02714,0.01221,0.64630,0.00485,1,0.03812,0.01402,0.66284,0.00507,1,0,0.00000,24
0.85848,0.28511,93.00050,0.06545,204,1,0.84728,0.31089,1,0.85811,0.23165,1,0.85269,0.27127,1,0.39266,0.43169,23.46815,1.00325,1,0.65469,0.42434,25.68126,1.00325,1,-0.02862,0.01279,0.67918,0.00483,1,0.03659,0.01351,0.63880,0.00508,1,0,0.00000,24
0.85799,0.28023,93.00050,0.07877,204,1,0.81029,0.24611,1,0.89489,0.20697,1,0.85259,0.22654,1,0.39220,0.43171,23.61048,1.01818,1,0.65435,0.42432,25.83646,1.01099,1,-0.02862,0.01279,0.67918,0.00483,1,0.03659,0.01351,0.63880,0.00511,1,0,0.00000,24
0.85754,0.27633,93.00050,0.08499,204,1,0.80943,0.25215,1,0.89489,0.20697,1,0.85216,0.22956,1,0.39210,0.43171,23.64453,1.01099,1,0.65416,0.42437,25.60590,1.01099,1,-0.02701,0.01197,0.63864,0.00486,1,0.03804,0.01406,0.66492,0.00511,1,0,0.00000,24
0.85748,0.27495,93.00050,0.09128,204,1,0.85220,0.27843,1,0.86104,0.23535,1,0.85662,0.25689,1,0.39189,0.43184,23.38712,1.01099,1,0.65389,0.42441,25.88881,1.01099,1,-0.02701,0.01197,0.63864,0.00486,1,0.03804,0.01406,0.66492,0.00509,1,0,0.00000,24
0.85641,0.27446,93.00050,0.09843,204,1,0.83599,0.30514,1,0.84689,0.23008,1,0.84144,0.26761,1,0.39177,0.43185,23.49892,0.99606,1,0.65384,0.42437,25.89309,1.00325,1,-0.02701,0.01197,0.63864,0.00488,1,0.03804,0.01406,0.66492,0.00507,1,0,0.00000,24
0.85537,0.27425,93.00050,0.10501,204,1,0.83589,0.30572,1,0.84385,0.23661,1,0.83987,0.27116,1,0.39158,0.43190,23.63047,0.99534,1,0.65370,0.42434,25.81808,0.99534,1,-0.02811,0.01240,0.66120,0.00486,1,0.03631,0.01348,0.63724,0.00508,1,0,0.00000,24
0.85545,0.27327,93.00050,0.11173,204,1,0.82357,0.29114,1,0.88973,0.22413,1,0.85665,0.25764,1,0.39146,0.43206,23.83717,1.00237,1,0.65354,0.42433,25.92315,0.99518,1,-0.02811,0.01240,0.66120,0.00487,1,0.03631,0.01348,0.63724,0.00511,1,0,0.00000,24
0.85463,0.27301,93.00050,0.11854,204,1,0.80562,0.30930,1,0.87593,0.22775,1,0.84077,0.26852,1,0.39133,0.43221,23.77034,1.00220,1,0.65347,0.42426,25.87240,0.99502,1,-0.02811,0.01240,0.66120,0.00489,1,0.03631,0.01348,0.63724,0.00512,1,0,0.00000,24
0.85388,0.27292,93.00050,0.12542,204,1,0.80477,0.31497,1,0.87593,0.22775,1,0.84035,0.27136,1,0.39127,0.43212,23.60214,0.99502,1,0.65332,0.42429,25.75975,0.99502,1,-0.02740,0.01207,0.64349,0.00491,1,0.03741,0.01390,0.65744,0.00511,1,0,0.00000,24
0.85430,0.27308,93.00050,0.13166,204,1,0.85637,0.32258,1,0.86820,0.22949,1,0.86228,0.27604,1,0.39107,0.43210,23.73484,0.98799,1,0.65323,0.42430,25.85590,0.99518,1,-0.02740,0.01207,0.64349,0.00487,1,0.03741,0.01390,0.65744,0.00509,1,0,0.00000,24
0.85471,0.27433,93.00050,0.13854,204,1,0.85006,0.35728,1,0.87586,0.24138,1,0.86296,0.29933,1,0.39113,0.43216,23.54266,0.98815,1,0.65329,0.42441,25.63236,0.99534,1,-0.02740,0.01207,0.64349,0.00484,1,0.03741,0.01390,0.65744,0.00511,1,0,0.00000,24
0.85512,0.27534,93.00050,0.14489,204,1,0.85123,0.35183,1,0.87586,0.24138,1,0.86355,0.29660,1,0.39124,0.43232,23.61949,0.99534,1,0.65341,0.42464,25.84499,0.99534,1,-0.02827,0.01242,0.66252,0.00490,1,0.03655,0.01355,0.64304,0.00507,1,0,0.00000,24
0.85597,0.27738,93.00050,0.15359,204,1,0.84021,0.34454,1,0.90933,0.29985,1,0.87477,0.32219,1,0.39169,0.43265,23.50637,1.00237,1,0.65364,0.42483,25.96138,0.99518,1,-0.02827,0.01242,0.66252,0.00495,1,0.03655,0.01355,0.64304,0.00514,1,0,0.00000,24
0.85620,0.27938,93.00050,0.16075,204,1,0.83359,0.34157,1,0.88938,0.30947,1,0.86149,0.32552,1,0.39154,0.43265,23.52051,1.00220,1,0.65349,0.42490,25.92958,0.99502,1,-0.02827,0.01242,0.66252,0.00490,1,0.03655,0.01355,0.64304,0.00514,1,0,0.00000,24
0.85647,0.28113,93.00050,0.16647,204,1,0.83357,0.34169,1,0.89241,0.30419,1,0.86299,0.32294,1,0.39152,0.43270,23.47977,1.00204,1,0.65342,0.42487,25.96900,1.00204,1,-0.02827,0.01232,0.66252,0.00498,1,0.03658,0.01358,0.64439,0.00512,1,0,0.00000,24
0.85652,0.28226,93.00050,0.17444,204,1,0.82047,0.33194,1,0.89485,0.28903,1,0.85766,0.31048,1,0.39141,0.43272,23.70234,1.00204,1,0.65342,0.42487,26.00520,1.00923,1,-0.02827,0.01232,0.66252,0.00491,1,0.03658,0.01358,0.64439,0.00512,1,0,0.00000,24
0.85723,0.28348,93.00050,0.18027,204,1,0.85307,0.33590,1,0.89861,0.29459,1,0.87584,0.31524,1,0.39141,0.43272,23.70234,1.00923,1,0.65342,0.42490,26.00920,1.01642,1,-0.02827,0.01232,0.66252,0.00491,1,0.03658,0.01358,0.64439,0.00513,1,0,0.00000,24
0.85797,0.28442,93.00050,0.18769,204,1,0.85423,0.33040,1,0.90170,0.28920,1,0.87796,0.30980,1,0.39144,0.43276,23.66302,1.01642,1,0.65342,0.42493,26.02745,1.02361,1,-0.02785,0.01209,0.65274,0.00495,1,0.03658,0.01358,0.64439,0.00512,1,0,0.00000,24
0.85821,0.28499,93.00050,0.19396,204,1,0.82153,0.32530,1,0.90822,0.27677,1,0.86487,0.30104,1,0.39143,0.43271,23.65621,1.02361,1,0.65342,0.42493,26.01630,1.02361,1,-0.02785,0.01209,0.65274,0.00491,1,0.03658,0.01358,0.64439,0.00512,1,0,0.00000,24
0.85829,0.28458,93.00050,0.20458,204,1,0.82353,0.26603,1,0.89780,0.27930,1,0.86067,0.27266,1,0.39144,0.43280,23.58045,1.02361,1,0.65342,0.42495,25.94571,1.02361,1,-0.02785,0.01209,0.65274,0.00488,1,0.03658,0.01358,0.64439,0.00511,1,0,0.00000,24
0.85844,0.28399,93.00050,0.21172,204,1,0.82457,0.25955,1,0.90117,0.27330,1,0.86287,0.26643,1,0.39148,0.43285,23.55572,1.03151,1,0.65339,0.42492,25.93742,1.03151,1,-0.02860,0.01244,0.67164,0.00491,1,0.03658,0.01358,0.64439,0.00512,1,0,0.00000,24
0.85873,0.28353,93.00050,0.21832,204,1,0.82814,0.26269,1,0.90743,0.27575,1,0.86779,0.26922,1,0.39152,0.43290,23.49099,1.03942,1,0.65346,0.42505,25.80327,1.03942,1,-0.02860,0.01244,0.67164,0.00493,1,0.03658,0.01358,0.64439,0.00508,1,0,0.00000,24
0.85934,0.28297,93.00050,0.22103,204,1,0.84109,0.24515,1,0.91646,0.28484,1,0.87877,0.26500,1,0.39154,0.43291,23.57721,1.04732,1,0.65347,0.42499,25.86551,1.04732,1,-0.02860,0.01244,0.67164,0.00491,1,0.03658,0.01358,0.64439,0.00507,1,0,0.00000,24
0.85998,0.28226,93.00050,0.22546,204,1,0.84223,0.23863,1,0.91988,0.27903,1,0.88105,0.25883,1,0.39150,0.43292,23.62246,1.05523,1,0.65346,0.42503,25.89846,1.05523,1,-0.02926,0.01278,0.68707,0.00491,1,0.03775,0.01398,0.66329,0.00508,1,0,0.00000,24
0.86048,0.28145,93.00050,0.23332,204,1,0.83764,0.24415,1,0.91730,0.26345,1,0.87747,0.25380,1,0.39154,0.43293,23.58071,1.05523,1,0.65349,0.42503,25.90522,1.05523,1,-0.02926,0.01278,0.68707,0.00490,1,0.03775,0.01398,0.66329,0.00504,1,0,0.00000,24
0.86108,0.28080,93.00050,0.23965,204,1,0.84198,0.24666,1,0.92256,0.26944,1,0.88227,0.25805,1,0.39153,0.43294,23.62212,1.05523,1,0.65349,0.42507,25.82653,1.05523,1,-0.02926,0.01278,0.68707,0.00489,1,0.03775,0.01398,0.66329,0.00504,1,0,0.00000,24
0.86159,0.28035,93.00050,0.24616,204,1,0.84085,0.25312,1,0.91912,0.27532,1,0.87998,0.26422,1,0.39157,0.43288,23.42073,1.04732,1,0.65351,0.42506,25.65318,1.04732,1,-0.02811,0.01230,0.66120,0.00486,1,0.03775,0.01398,0.66329,0.00506,1,0,0.00000,24
0.86166,0.27949,93.00050,0.25294,204,1,0.84259,0.26065,1,0.88553,0.23510,1,0.86406,0.24787,1,0.39158,0.43290,23.41537,1.03942,1,0.65354,0.42508,25.64285,1.03942,1,-0.02811,0.01230,0.66120,0.00487,1,0.03775,0.01398,0.66329,0.00503,1,0,0.00000,24
0.86169,0.27891,93.00050,0.25957,204,1,0.84768,0.27119,1,0.87804,0.24233,1,0.86286,0.25676,1,0.39166,0.43294,23.35868,1.03151,1,0.65359,0.42506,25.72534,1.03151,1,-0.02811,0.01230,0.66120,0.00485,1,0.03775,0.01398,0.66329,0.00506,1,0,0.00000,24
0.86158,0.27873,93.00050,0.26627,204,1,0.84540,0.28332,1,0.86911,0.25980,1,0.85726,0.27156,1,0.39172,0.43292,23.31200,1.01658,1,0.65360,0.42506,25.75755,1.00939,1,-0.02687,0.01173,0.63328,0.00485,1,0.03631,0.01338,0.63724,0.00506,1,0,0.00000,24
0.86167,0.27878,93.00050,0.27290,204,1,0.85198,0.28569,1,0.87824,0.27633,1,0.86511,0.28101,1,0.39173,0.43294,23.29355,1.00237,1,0.65369,0.42512,25.59481,0.99518,1,-0.02687,0.01173,0.63328,0.00484,1,0.03631,0.01338,0.63724,0.00506,1,0,0.00000,24
0.86162,0.27924,93.00050,0.27960,204,1,0.85154,0.30681,1,0.86774,0.28929,1,0.85964,0.29805,1,0.39186,0.43298,23.31550,0.98815,1,0.65371,0.42510,25.58380,0.98096,1,-0.02687,0.01173,0.63328,0.00487,1,0.03631,0.01338,0.63724,0.00506,1,0,0.00000,24
0.86152,0.27981,93.00050,0.28633,204,1,0.85037,0.31264,1,0.86475,0.29493,1,0.85756,0.30379,1,0.39191,0.43293,23.24951,0.98096,1,0.65377,0.42517,25.52291,0.97377,1,-0.02823,0.01234,0.66638,0.00489,1,0.03631,0.01338,0.63724,0.00508,1,0,0.00000,24
0.86119,0.27962,93.00050,0.29317,204,1,0.82077,0.30630,1,0.87303,0.23670,1,0.84690,0.27150,1,0.39190,0.43289,23.43781,0.98080,1,0.65387,0.42522,25.64307,0.98080,1,-0.02823,0.01234,0.66638,0.00489,1,0.03631,0.01338,0.63724,0.00506,1,0,0.00000,24
0.86074,0.27944,93.00050,0.29989,204,1,0.82863,0.31272,1,0.85300,0.23027,1,0.84081,0.27149,1,0.39194,0.43286,23.35185,0.98783,1,0.65392,0.42514,25.80017,0.98783,1,-0.02823,0.01234,0.66638,0.00488,1,0.03631,0.01338,0.63724,0.00507,1,0,0.00000,24
0.86035,0.27915,93.00050,0.30641,204,1,0.82962,0.30709,1,0.85578,0.22439,1,0.84270,0.26574,1,0.39200,0.43282,23.22910,0.99485,1,0.65392,0.42514,25.80117,0.99485,1,-0.02823,0.01234,0.66638,0.00487,1,0.03631,0.01333,0.63724,0.00507,1,0,0.00000,24
0.86012,0.27885,93.00050,0.31321,204,1,0.83888,0.29776,1,0.86103,0.23287,1,0.84995,0.26531,1,0.39202,0.43289,23.26997,0.99485,1,0.65400,0.42525,25.66774,0.99485,1,-0.02823,0.01234,0.66638,0.00484,1,0.03631,0.01333,0.63724,0.00507,1,0,0.00000,24
0.86007,0.27851,93.00050,0.31924,204,1,0.85002,0.29650,1,0.86458,0.22807,1,0.85730,0.26228,1,0.39207,0.43288,23.30227,0.99485,1,0.65400,0.42515,25.64982,0.99485,1,-0.02823,0.01234,0.66638,0.00485,1,0.03631,0.01333,0.63724,0.00511,1,0,0.00000,24
0.86013,0.27758,93.00050,0.32653,204,1,0.85002,0.29650,1,0.86749,0.22208,1,0.85876,0.25929,1,0.39207,0.43289,23.44817,0.99485,1,0.65399,0.42520,25.82878,1.00204,1,-0.02766,0.01209,0.65530,0.00484,1,0.03804,0.01386,0.66492,0.00510,1,0,0.00000,24
0.86023,0.27660,93.00050,0.33312,204,1,0.82210,0.29462,1,0.88498,0.20357,1,0.85354,0.24909,1,0.39208,0.43289,23.45711,1.00204,1,0.65408,0.42521,25.83080,1.00923,1,-0.02766,0.01209,0.65530,0.00483,1,0.03804,0.01386,0.66492,0.00507,1,0,0.00000,24
0.86003,0.27566,93.00050,0.33988,204,1,0.82606,0.28193,1,0.88578,0.20779,1,0.85592,0.24486,1,0.39212,0.43287,23.48194,1.00923,1,0.65408,0.42521,25.83080,1.01642,1,-0.02766,0.01209,0.65530,0.00483,1,0.03804,0.01386,0.66492,0.00507,1,0,0.00000,24
0.86013,0.27434,93.00050,0.34607,204,1,0.82703,0.27606,1,0.88876,0.20180,1,0.85790,0.23893,1,0.39219,0.43287,23.49497,1.01642,1,0.65408,0.42521,25.83096,1.02361,1,-0.02783,0.01231,0.65933,0.00486,1,0.03804,0.01386,0.66492,0.00507,1,0,0.00000,24
0.86006,0.27358,93.00050,0.35273,204,1,0.82998,0.33141,1,0.87515,0.18865,1,0.85256,0.26003,1,0.39229,0.43285,23.41505,1.02361,1,0.65410,0.42517,25.99002,1.02361,1,-0.02783,0.01231,0.65933,0.00488,1,0.03804,0.01386,0.66492,0.00505,1,0,0.00000,24
0.85962,0.27233,93.00050,0.35921,204,1,0.83089,0.27089,1,0.86825,0.19524,1,0.84957,0.23307,1,0.39232,0.43287,23.43602,1.02361,1,0.65413,0.42519,25.97033,1.02361,1,-0.02783,0.01231,0.65933,0.00488,1,0.03804,0.01386,0.66492,0.00504,1,0,0.00000,24
0.85923,0.27147,93.00050,0.36638,204,1,0.83089,0.27089,1,0.86540,0.20128,1,0.84815,0.23608,1,0.39246,0.43289,23.24994,1.02361,1,0.65434,0.42513,25.81355,1.01642,1,-0.02793,0.01230,0.66406,0.00486,1,0.03659,0.01332,0.63880,0.00507,1,0,0.00000,24
0.85952,0.27189,93.00050,0.37262,204,1,0.86930,0.36226,1,0.89647,0.22753,1,0.88288,0.29489,1,0.39293,0.43306,23.50141,1.01642,1,0.65491,0.42539,25.43722,1.00923,1,-0.02793,0.01230,0.66406,0.00487,1,0.03659,0.01332,0.63880,0.00499,1,0,0.00000,24
0.86046,0.27276,93.00050,0.37930,204,1,0.87727,0.36008,1,0.91937,0.23719,1,0.89832,0.29863,1,0.39336,0.43301,23.15619,1.00923,1,0.65506,0.42541,25.42840,1.00204,1,-0.02793,0.01230,0.66406,0.00481,1,0.03659,0.01332,0.63880,0.00495,1,0,0.00000,24
0.86137,0.27344,93.00050,0.38627,204,1,0.87464,0.37065,1,0.91618,0.24290,1,0.89541,0.30678,1,0.39352,0.43304,23.67435,0.99502,1,0.65544,0.42546,25.32155,0.99502,1,-0.02687,0.01190,0.64231,0.00481,1,0.03812,0.01382,0.66284,0.00496,1,0,0.00000,24
0.86234,0.27462,93.00050,0.39267,204,1,0.88187,0.42979,1,0.91742,0.22594,1,0.89965,0.32787,1,0.39369,0.43299,23.54328,0.98799,1,0.65538,0.42525,25.33496,0.99518,1,-0.02687,0.01190,0.64231,0.00485,1,0.03812,0.01382,0.66284,0.00499,1,0,0.00000,24
0.86325,0.27677,93.00050,0.39977,204,1,0.88917,0.43197,1,0.90256,0.22824,1,0.89587,0.33010,1,0.39367,0.43300,23.44294,0.98815,1,0.65536,0.42520,25.40736,0.99534,1,-0.02687,0.01190,0.64231,0.00486,1,0.03812,0.01382,0.66284,0.00500,1,0,0.00000,24
0.86416,0.27887,93.00050,0.40630,204,1,0.88920,0.43186,1,0.90264,0.22810,1,0.89592,0.32998,1,0.39364,0.43298,23.46411,0.98832,1,0.65537,0.42521,25.36279,0.99551,1,-0.02693,0.01207,0.64375,0.00483,1,0.03812,0.01382,0.66284,0.00498,1,0,0.00000,24
0.86475,0.28019,93.00050,0.41279,204,1,0.88726,0.41821,1,0.88247,0.22228,1,0.88487,0.32024,1,0.39364,0.43296,23.54996,0.99551,1,0.65539,0.42524,25.34922,0.99551,1,-0.02693,0.01207,0.64375,0.00483,1,0.03812,0.01382,0.66284,0.00498,1,0,0.00000,24
0.86558,0.28135,93.00050,0.41977,204,1,0.88328,0.41827,1,0.87964,0.22877,1,0.88146,0.32352,1,0.39365,0.43297,23.55666,0.99551,1,0.65537,0.42519,25.43060,0.99551,1,-0.02693,0.01207,0.64375,0.00482,1,0.03812,0.01382,0.66284,0.00499,1,0,0.00000,24
0.86649,0.28233,93.00050,0.42670,204,1,0.88464,0.41339,1,0.88258,0.22294,1,0.88361,0.31816,1,0.39365,0.43297,23.55666,1.00253,1,0.65537,0.42519,25.42781,1.00253,1,-0.02742,0.01231,0.65661,0.00482,1,0.03804,0.01384,0.66143,0.00499,1,0,0.00000,24
0.88402,0.30239,93.00050,0.42670,204,0,0.89147,0.39880,1,0.89374,0.21988,1,0.89261,0.30934,1,0.39365,0.43283,23.50768,1.00956,1,0.65540,0.42520,25.39949,1.00956,1,-0.02742,0.01231,0.65661,0.00486,1,0.03804,0.01384,0.66143,0.00498,1,0,0.00000,24
0.88733,0.30085,93.00050,0.42670,204,0,0.88727,0.39123,1,0.89402,0.20738,1,0.89064,0.29931,1,0.39369,0.43276,23.34269,1.01658,1,0.65539,0.42522,25.40200,1.01658,1,-0.02742,0.01231,0.65661,0.00488,1,0.03804,0.01384,0.66143,0.00499,1,0,0.00000,24
0.88916,0.29853,93.00050,0.42670,204,0,0.88863,0.38625,1,0.89699,0.20154,1,0.89281,0.29390,1,0.39372,0.43271,23.32653,1.02361,1,0.65539,0.42520,25.43276,1.02361,1,-0.02742,0.01231,0.65661,0.00487,1,0.03812,0.01392,0.66284,0.00499,1,0,0.00000,24
0.89059,0.30173,93.43464,0.01933,205,1,0.88610,0.37796,1,0.90369,0.24466,1,0.89490,0.31131,1,0.39366,0.43278,23.58410,1.02361,1,0.65539,0.42513,25.33521,1.02361,1,-0.02742,0.01231,0.65661,0.00486,1,0.03812,0.01392,0.66284,0.00502,1,0,0.00000,24
0.89104,0.29697,93.43464,0.02556,205,1,0.88320,0.36821,1,0.90249,0.18771,1,0.89285,0.27796,1,0.39370,0.43272,23.24990,1.02361,1,0.65537,0.42512,25.42896,1.02361,1,-0.02742,0.01231,0.65661,0.00488,1,0.03812,0.01392,0.66284,0.00499,1,0,0.00000,24
0.89134,0.29380,93.43464,0.03299,205,1,0.88320,0.36821,1,0.90249,0.18771,1,0.89285,0.27796,1,0.39367,0.43273,23.33828,1.02361,1,0.65535,0.42513,25.50654,1.02361,1,-0.02742,0.01231,0.65661,0.00488,1,0.03812,0.01392,0.66284,0.00499,1,0,0.00000,24
0.89129,0.29428,93.43464,0.03973,205,1,0.88604,0.35608,1,0.89595,0.23825,1,0.89100,0.29717,1,0.39369,0.43266,23.50860,1.02361,1,0.65538,0.42510,25.37480,1.02361,1,-0.02742,0.01231,0.65661,0.00487,1,0.03812,0.01392,0.66284,0.00500,1,0,0.00000,24
0.89139,0.29517,93.43464,0.04604,205,1,0.87960,0.35618,1,0.90454,0.24651,1,0.89207,0.30134,1,0.39369,0.43257,23.48363,1.02361,1,0.65549,0.42505,25.28056,1.02361,1,-0.02742,0.01231,0.65661,0.00491,1,0.03812,0.01392,0.66284,0.00501,1,0,0.00000,24
0.89129,0.29617,93.43464,0.05304,205,1,0.87960,0.35618,1,0.90144,0.25218,1,0.89052,0.30418,1,0.39372,0.43250,23.18733,1.02361,1,0.65546,0.42501,25.28700,1.01642,1,-0.02742,0.01231,0.65661,0.00493,1,0.03673,0.01339,0.63781,0.00503,1,0,0.00000,24
0.89118,0.29640,93.43464,0.05949,205,1,0.87952,0.36356,1,0.90070,0.23344,1,0.89011,0.29850,1,0.39371,0.43251,23.32278,1.01642,1,0.65540,0.42507,25.47254,1.00923,1,-0.02742,0.01231,0.65661,0.00491,1,0.03673,0.01339,0.63781,0.00499,1,0,0.00000,24
0.89120,0.29670,93.43464,0.06632,205,1,0.88633,0.35491,1,0.89653,0.24454,1,0.89143,0.29973,1,0.39371,0.43243,23.38494,1.00923,1,0.65543,0.42505,25.60124,1.00204,1,-0.02742,0.01231,0.65661,0.00487,1,0.03673,0.01339,0.63781,0.00499,1,0,0.00000,24
0.89103,0.29742,93.43464,0.07291,205,1,0.88494,0.36031,1,0.89342,0.25036,1,0.88918,0.30533,1,0.39368,0.43251,23.45216,1.00204,1,0.65548,0.42503,25.57763,0.99485,1,-0.02742,0.01231,0.65661,0.00485,1,0.03673,0.01339,0.63781,0.00498,1,0,0.00000,24
0.89036,0.29879,93.43464,0.07915,205,1,0.87561,0.36801,1,0.88901,0.26240,1,0.88231,0.31520,1,0.39366,0.43249,23.45378,0.99485,1,0.65545,0.42503,25.67683,0.99485,1,-0.02742,0.01231,0.65661,0.00485,1,0.03673,0.01339,0.63781,0.00498,1,0,0.00000,24
0.89006,0.29962,93.43464,0.08583,205,1,0.87757,0.36353,1,0.89477,0.25741,1,0.88617,0.31047,1,0.39368,0.43251,23.45216,0.99485,1,0.65549,0.42502,25.62065,0.99485,1,-0.02742,0.01231,0.65661,0.00484,1,0.03673,0.01339,0.63781,0.00498,1,0,0.00000,24
0.88980,0.30035,93.43464,0.09299,205,1,0.87757,0.36353,1,0.89477,0.25741,1,0.88617,0.31047,1,0.39368,0.43246,23.48564,0.99485,1,0.65546,0.42503,25.70857,0.99485,1,-0.02742,0.01231,0.65661,0.00486,1,0.03673,0.01339,0.63781,0.00498,1,0,0.00000,24
0.88958,0.29965,93.43464,0.09972,205,1,0.88027,0.37217,1,0.89226,0.20611,1,0.88627,0.28914,1,0.39367,0.43244,23.22656,0.99485,1,0.65542,0.42509,25.64243,0.99485,1,-0.02742,0.01231,0.65661,0.00488,1,0.03673,0.01339,0.63781,0.00502,1,0,0.00000,24
0.88902,0.29981,93.43464,0.10648,205,1,0.87306,0.39107,1,0.88698,0.21388,1,0.88002,0.30248,1,0.39368,0.43255,23.35595,0.99485,1,0.65546,0.42503,25.75583,0.99485,1,-0.02742,0.01231,0.65661,0.00488,1,0.03673,0.01339,0.63781,0.00503,1,0,0.00000,24
0.88852,0.29996,93.43464,0.11339,205,1,0.87306,0.39107,1,0.88698,0.21388,1,0.88002,0.30248,1,0.39369,0.43257,23.33607,0.99485,1,0.65546,0.42518,25.55397,0.99485,1,-0.02742,0.01231,0.65661,0.00490,1,0.03673,0.01339,0.63781,0.00506,1,0,0.00000,24
0.88834,0.30015,93.43464,0.11932,205,1,0.87557,0.38072,1,0.89473,0.22621,1,0.88515,0.30346,1,0.39364,0.43255,23.26460,0.99485,1,0.65546,0.42523,25.61489,0.99485,1,-0.02742,0.01231,0.65661,0.00486,1,0.03673,0.01339,0.63781,0.00505,1,0,0.00000,24
0.88814,0.30084,93.43464,0.12653,205,1,0.87406,0.40250,1,0.89450,0.22550,1,0.88428,0.31400,1,0.39368,0.43265,22.94879,0.99485,1,0.65549,0.42517,25.61894,0.99485,1,-0.02742,0.01231,0.65661,0.00490,1,0.03673,0.01339,0.63781,0.00506,1,0,0.00000,24
0.88795,0.30146,93.43464,0.13323,205,1,0.87406,0.40250,1,0.89450,0.22550,1,0.88428,0.31400,1,0.39362,0.43273,22.91207,0.99485,1,0.65548,0.42521,25.50644,0.99485,1,-0.02742,0.01231,0.65661,0.00489,1,0.03673,0.01330,0.63781,0.00507,1,0,0.00000,24
0.88758,0.30235,93.43464,0.14055,205,1,0.87153,0.40321,1,0.88786,0.23880,1,0.87969,0.32101,1,0.39355,0.43287,23.34157,0.99485,1,0.65546,0.42524,25.46494,0.99485,1,-0.02742,0.01231,0.65661,0.00486,1,0.03673,0.01330,0.63781,0.00507,1,0,0.00000,24
0.88712,0.30318,93.43464,0.14692,205,1,0.86263,0.41044,1,0.89127,0.23227,1,0.87695,0.32136,1,0.39353,0.43285,23.31292,0.99485,1,0.65544,0.42528,25.38216,0.99485,1,-0.02742,0.01231,0.65661,0.00487,1,0.03673,0.01330,0.63781,0.00507,1,0,0.00000,24
0.88660,0.30416,93.43464,0.15363,205,1,0.86141,0.41535,1,0.88824,0.23808,1,0.87482,0.32672,1,0.39350,0.43288,23.47226,0.98783,1,0.65544,0.42530,25.33659,0.98783,1,-0.02687,0.01200,0.64231,0.00485,1,0.03673,0.01330,0.63781,0.00507,1,0,0.00000,24
0.88565,0.30450,93.43464,0.16030,205,1,0.85007,0.36675,1,0.87556,0.25840,1,0.86281,0.31258,1,0.39342,0.43299,23.33409,0.98080,1,0.65544,0.42530,25.33754,0.98080,1,-0.02687,0.01200,0.64231,0.00485,1,0.03673,0.01330,0.63781,0.00507,1,0,0.00000,24
0.88499,0.30494,93.43464,0.16700,205,1,0.85544,0.38512,1,0.88156,0.24717,1,0.86850,0.31615,1,0.39344,0.43306,23.15080,0.97377,1,0.65546,0.42532,25.36222,0.97377,1,-0.02687,0.01200,0.64231,0.00480,1,0.03673,0.01330,0.63781,0.00503,1,0,0.00000,24
0.88438,0.30536,93.43464,0.17333,205,1,0.85544,0.38512,1,0.88156,0.24717,1,0.86850,0.31615,1,0.39347,0.43310,23.37173,0.97377,1,0.65557,0.42543,25.36118,0.97377,1,-0.02742,0.01211,0.65661,0.00481,1,0.03673,0.01330,0.63781,0.00500,1,0,0.00000,24
0.88500,0.30550,93.43464,0.18039,205,1,0.89186,0.33831,1,0.91158,0.28053,1,0.90172,0.30942,1,0.39412,0.43310,22.96963,0.98080,1,0.65595,0.42566,24.71094,0.98080,1,-0.02742,0.01211,0.65661,0.00481,1,0.03673,0.01330,0.63781,0.00480,1,0,0.00000,24
0.88644,0.30572,93.43464,0.18734,205,1,0.91410,0.34902,1,0.93955,0.27448,1,0.92682,0.31175,1,0.39422,0.43315,23.26434,0.98783,1,0.65602,0.42554,24.33630,0.98783,1,-0.02742,0.01211,0.65661,0.00488,1,0.03673,0.01330,0.63781,0.00466,1,0,0.00000,24
0.88774,0.30601,93.43464,0.19386,205,1,0.91410,0.34902,1,0.93645,0.27955,1,0.92528,0.31429,1,0.39445,0.43339,23.58275,0.98783,1,0.65624,0.42566,24.41022,0.98139,1,-0.02682,0.01187,0.64341,0.00481,1,0.03556,0.01281,0.61667,0.00466,1,0,0.00000,24
0.88892,0.30729,93.43464,0.19991,205,1,0.90641,0.38766,1,0.94228,0.30409,1,0.92434,0.34588,1,0.39443,0.43345,23.45023,0.97437,1,0.65612,0.42575,24.47726,0.96793,1,-0.02682,0.01187,0.64341,0.00481,1,0.03556,0.01281,0.61667,0.00463,1,0,0.00000,24
0.88981,0.30875,93.43464,0.20637,205,1,0.91882,0.40292,1,0.91622,0.30487,1,0.91752,0.35389,1,0.39435,0.43347,23.03019,0.96091,1,0.65598,0.42571,24.29326,0.95448,1,-0.02682,0.01187,0.64341,0.00483,1,0.03556,0.01281,0.61667,0.00464,1,0,0.00000,24
0.89068,0.31010,93.43464,0.21340,205,1,0.91730,0.40769,1,0.91964,0.29921,1,0.91847,0.35345,1,0.39411,0.43364,23.53194,0.95448,1,0.65587,0.42574,24.39035,0.96166,1,-0.02742,0.01211,0.65661,0.00481,1,0.03804,0.01374,0.66143,0.00464,1,0,0.00000,24
0.89124,0.31123,93.43464,0.22060,205,1,0.89556,0.42184,1,0.92388,0.27525,1,0.90972,0.34855,1,0.39395,0.43382,23.33528,0.96869,1,0.65578,0.42581,24.46005,0.98231,1,-0.02742,0.01211,0.65661,0.00481,1,0.03804,0.01374,0.66143,0.00465,1,0,0.00000,24
0.89218,0.31189,93.43464,0.22695,205,1,0.89433,0.41547,1,0.95394,0.25319,1,0.92413,0.33433,1,0.39391,0.43384,23.20196,0.98934,1,0.65562,0.42570,24.28781,1.00296,1,-0.02742,0.01211,0.65661,0.00481,1,0.03804,0.01374,0.66143,0.00467,1,0,0.00000,24
0.89311,0.31238,93.43464,0.23334,205,1,0.89713,0.40588,1,0.95394,0.25319,1,0.92553,0.32954,1,0.39366,0.43388,23.28860,1.00296,1,0.65546,0.42581,24.21954,1.00296,1,-0.02714,0.01188,0.64630,0.00481,1,0.03492,0.01265,0.60883,0.00467,1,0,0.00000,24
0.89432,0.31198,93.43464,0.24060,205,1,0.92813,0.30877,1,0.94772,0.28610,1,0.93793,0.29744,1,0.39352,0.43400,23.09805,0.99594,1,0.65530,0.42584,24.28910,0.98231,1,-0.02714,0.01188,0.64630,0.00481,1,0.03492,0.01265,0.60883,0.00467,1,0,0.00000,24
0.91595,0.32778,93.43464,0.24060,205,0,0.90347,0.33810,1,0.91952,0.29924,1,0.91150,0.31867,1,0.39339,0.43391,22.99322,0.97529,1,0.65516,0.42585,24.49000,0.96166,1,-0.02714,0.01188,0.64630,0.00481,1,0.03492,0.01265,0.60883,0.00465,1,0,0.00000,24
0.91213,0.32736,93.43464,0.24060,205,0,0.90052,0.34897,1,0.91611,0.30489,1,0.90831,0.32693,1,0.39318,0.43414,23.12226,0.96166,1,0.65502,0.42582,24.35925,0.95448,1,-0.02766,0.01189,0.65530,0.00481,1,0.03711,0.01346,0.64789,0.00466,1,0,0.00000,24
0.90870,0.32177,93.43464,0.24060,205,0,0.88592,0.35569,1,0.91773,0.26553,1,0.90182,0.31061,1,0.39301,0.43428,23.20951,0.96150,1,0.65499,0.42577,24.24024,0.96793,1,-0.02766,0.01189,0.65530,0.00480,1,0.03711,0.01346,0.64789,0.00469,1,0,0.00000,24
0.91396,0.32048,93.68153,0.02046,206,1,0.91272,0.35166,1,0.94676,0.28151,1,0.92974,0.31658,1,0.39286,0.43422,23.40750,0.97496,1,0.65486,0.42573,24.26916,0.98139,1,-0.02766,0.01189,0.65530,0.00477,1,0.03711,0.01346,0.64789,0.00468,1,0,0.00000,24
0.91808,0.31758,93.68153,0.02728,206,1,0.91576,0.34107,1,0.95336,0.27094,1,0.93456,0.30600,1,0.39277,0.43413,23.19574,0.98842,1,0.65470,0.42576,24.39788,0.99485,1,-0.02802,0.01200,0.66143,0.00477,1,0.03620,0.01316,0.63353,0.00467,1,0,0.00000,24
0.91959,0.31359,93.68153,0.03394,206,1,0.92100,0.34146,1,0.93330,0.24583,1,0.92715,0.29364,1,0.39266,0.43414,22.88374,0.99485,1,0.65458,0.42565,24.18466,0.99485,1,-0.02802,0.01200,0.66143,0.00483,1,0.03620,0.01316,0.63353,0.00468,1,0,0.00000,24
0.92005,0.31411,93.68153,0.04067,206,1,0.91167,0.35483,1,0.93396,0.27962,1,0.92282,0.31722,1,0.39253,0.43419,22.93391,0.99485,1,0.65450,0.42555,24.13678,0.99485,1,-0.02802,0.01200,0.66143,0.00478,1,0.03620,0.01316,0.63353,0.00466,1,0,0.00000,24
0.92040,0.31450,93.68153,0.04727,206,1,0.91167,0.35483,1,0.93396,0.27962,1,0.92282,0.31722,1,0.39241,0.43433,23.16812,0.99485,1,0.65441,0.42554,24.23113,0.99485,1,-0.02811,0.01200,0.66120,0.00476,1,0.03631,0.01324,0.63724,0.00467,1,0,0.00000,24
0.91998,0.31145,93.68153,0.05386,206,1,0.89828,0.32602,1,0.93500,0.24816,1,0.91664,0.28709,1,0.39230,0.43420,23.08389,0.99485,1,0.65437,0.42556,24.06042,0.99485,1,-0.02811,0.01200,0.66120,0.00479,1,0.03631,0.01324,0.63724,0.00467,1,0,0.00000,24
0.91945,0.31180,93.68153,0.06020,206,1,0.89204,0.33397,1,0.93743,0.29585,1,0.91473,0.31491,1,0.39226,0.43423,23.04010,0.99485,1,0.65436,0.42551,24.10097,0.99485,1,-0.02811,0.01200,0.66120,0.00481,1,0.03631,0.01324,0.63724,0.00467,1,0,0.00000,24
0.91903,0.31208,93.68153,0.06718,206,1,0.89204,0.33397,1,0.93743,0.29585,1,0.91473,0.31491,1,0.39221,0.43414,23.06590,0.99485,1,0.65422,0.42536,23.96679,0.99485,1,-0.02811,0.01205,0.66120,0.00473,1,0.03630,0.01337,0.63878,0.00469,1,0,0.00000,24
0.91915,0.31561,93.68153,0.07417,206,1,0.90818,0.42237,1,0.93281,0.28648,1,0.92049,0.35443,1,0.39202,0.43395,23.08941,0.99485,1,0.65415,0.42526,23.96070,0.99485,1,-0.02811,0.01205,0.66120,0.00481,1,0.03630,0.01337,0.63878,0.00473,1,0,0.00000,24
0.91891,0.31806,93.68153,0.08051,206,1,0.90450,0.42124,1,0.92756,0.27354,1,0.91603,0.34739,1,0.39201,0.43398,22.95622,0.99485,1,0.65416,0.42530,24.13170,0.99485,1,-0.02811,0.01205,0.66120,0.00479,1,0.03630,0.01337,0.63878,0.00467,1,0,0.00000,24
0.91853,0.32052,93.68153,0.08699,206,1,0.90299,0.42613,1,0.92428,0.27905,1,0.91364,0.35259,1,0.39192,0.43381,22.97698,0.98783,1,0.65415,0.42523,24.19136,0.98783,1,-0.02740,0.01187,0.64349,0.00475,1,0.03630,0.01337,0.63878,0.00466,1,0,0.00000,24
0.91755,0.32335,93.68153,0.09349,206,1,0.89967,0.46730,1,0.90784,0.25844,1,0.90375,0.36287,1,0.39189,0.43408,22.64944,0.98080,1,0.65408,0.42516,24.11356,0.98080,1,-0.02740,0.01187,0.64349,0.00467,1,0.03630,0.01337,0.63878,0.00467,1,0,0.00000,24
0.91692,0.33403,93.68153,0.10020,206,1,0.90274,0.63584,1,0.91235,0.35275,1,0.90755,0.49429,1,0.39182,0.43494,20.47748,0.97377,1,0.65397,0.42516,23.57227,0.97377,1,-0.02740,0.01187,0.64349,0.00450,1,0.03630,0.01337,0.63878,0.00461,1,0,0.00000,24
0.91623,0.34371,93.68153,0.10685,206,1,0.90119,0.63919,1,0.90909,0.35784,1,0.90514,0.49852,1,0.39197,0.43434,21.69277,0.96675,1,0.65394,0.42538,22.75280,0.96675,1,-0.02734,0.01189,0.64196,0.00440,1,0.03655,0.01355,0.64304,0.00471,1,0,0.00000,24
0.90824,0.39228,93.68153,0.10685,206,0,0.90119,0.63919,0,0.84057,0.74587,1,0.84057,0.74587,1,0.39197,0.43434,21.69277,0.96675,0,0.65396,0.42731,15.93542,0.96675,1,-0.02734,0.01189,0.64196,0.00440,1,0.03655,0.01355,0.64304,0.00409,1,0,0.00000,24
0.90824,0.39228,93.68153,0.10685,206,0,0.90119,0.63919,0,0.84057,0.74587,0,0.84057,0.74587,0,0.39197,0.43434,21.69277,0.96675,0,0.65396,0.42731,15.93542,0.96675,0,-0.02734,0.01189,0.64196,0.00440,1,0.03655,0.01355,0.64304,0.00409,1,0,0.00000,24
0.90824,0.39228,93.68153,0.10685,206,0,0.90119,0.63919,0,0.84057,0.74587,0,0.84057,0.74587,0,0.39197,0.43434,21.69277,0.96675,0,0.65396,0.42731,15.93542,0.96675,0,-0.02734,0.01189,0.64196,0.00440,1,0.03655,0.01355,0.64304,0.00409,1,0,0.00000,24
0.00000,0.00000,93.68153,0.10685,206,0,0.90119,0.63919,0,0.84057,0.74587,0,0.84057,0.74587,0,0.39197,0.43434,21.69277,0.96675,0,0.65396,0.42731,15.93542,0.96675,0,-0.02734,0.01189,0.64196,0.00440,1,0.03655,0.01355,0.64304,0.00409,1,0,0.00000,24
0.00000,0.00000,93.68153,0.10685,206,0,0.90119,0.63919,0,0.84057,0.74587,0,0.84057,0.74587,0,0.39197,0.43434,21.69277,0.96675,0,0.65396,0.42731,15.93542,0.96675,0,-0.02734,0.01189,0.64196,0.00440,1,0.03655,0.01355,0.64304,0.00409,1,0,0.00000,24
0.00000,0.00000,93.68153,0.10685,206,0,0.90119,0.63919,0,0.84057,0.74587,0,0.84057,0.74587,0,0.39197,0.43434,21.69277,0.96675,0,0.65396,0.42731,15.93542,0.96675,0,-0.02734,0.01189,0.64196,0.00440,1,0.03655,0.01355,0.64304,0.00409,1,26,0.00000,24
0.00000,0.00000,93.68153,0.10685,206,0,0.90119,0.63919,0,0.84057,0.74587,0,0.84057,0.74587,0,0.39197,0.43434,21.69277,0.96675,0,0.65396,0.42731,15.93542,0.96675,0,-0.02734,0.01189,0.64196,0.00440,1,0.03655,0.01355,0.64304,0.00409,1,26,0.00000,24
0.00000,0.00000,93.68153,0.10685,206,0,0.90119,0.63919,0,0.84057,0.74587,0,0.84057,0.74587,0,0.39197,0.43434,21.69277,0.96675,0,0.65396,0.42731,15.93542,0.96675,0,-0.02734,0.01189,0.64196,0.00440,1,0.03655,0.01355,0.64304,0.00409,1,26,0.00000,24
0.00000,0.00000,93.68153,0.10685,206,0,0.90119,0.63919,0,0.84057,0.74587,0,0.84057,0.74587,0,0.39197,0.43434,21.69277,0.96675,0,0.65396,0.42731,15.93542,0.96675,0,-0.02734,0.01189,0.64196,0.00440,1,0.03655,0.01355,0.64304,0.00409,1,26,0.00000,24
0.00000,0.00000,93.68153,0.10685,206,0,0.90119,0.63919,0,0.84057,0.74587,0,0.84057,0.74587,0,0.39197,0.43434,21.69277,0.96675,0,0.65396,0.42731,15.93542,0.96675,0,-0.02734,0.01189,0.64196,0.00440,1,0.03655,0.01355,0.64304,0.00409,1,26,0.00000,24
0.00000,0.00000,93.68153,0.10685,206,0,0.90119,0.63919,0,0.84057,0.74587,0,0.84057,0.74587,0,0.39197,0.43434,21.69277,0.96675,0,0.65396,0.42731,15.93542,0.96675,0,-0.02734,0.01189,0.64196,0.00440,1,0.03655,0.01355,0.64304,0.00409,1,26,0.00000,24
0.00000,0.00000,93.68153,0.10685,206,0,0.90119,0.63919,0,0.84057,0.74587,0,0.84057,0.74587,0,0.39197,0.43434,21.69277,0.96675,0,0.65396,0.42731,15.93542,0.96675,0,-0.02734,0.01189,0.64196,0.00440,1,0.03655,0.01355,0.64304,0.00409,1,26,0.00000,24
0.00000,0.00000,93.68153,0.10685,206,0,0.90119,0.63919,0,0.84057,0.74587,0,0.84057,0.74587,0,0.39197,0.43434,21.69277,0.96675,0,0.65396,0.42731,15.93542,0.96675,0,-0.02734,0.01189,0.64196,0.00440,1,0.03655,0.01355,0.64304,0.00409,1,26,0.00000,24
0.00000,0.00000,93.68153,0.10685,206,0,0.90119,0.63919,0,0.84057,0.74587,0,0.84057,0.74587,0,0.39197,0.43434,21.69277,0.96675,0,0.65396,0.42731,15.93542,0.96675,0,-0.02734,0.01189,0.64196,0.00440,1,0.03655,0.01355,0.64304,0.00409,1,26,0.00000,24
0.00000,0.00000,93.68153,0.10685,206,0,0.90119,0.63919,0,0.84057,0.74587,0,0.84057,0.74587,0,0.39197,0.43434,21.69277,0.96675,0,0.65396,0.42731,15.93542,0.96675,0,-0.02734,0.01189,0.64196,0.00440,1,0.03655,0.01355,0.64304,0.00409,1,26,0.00000,24
0.00000,0.00000,93.68153,0.10685,206,0,0.90119,0.63919,0,0.84057,0.74587,0,0.84057,0.74587,0,0.39197,0.43434,21.69277,0.96675,0,0.65396,0.42731,15.93542,0.96675,0,-0.02734,0.01189,0.64196,0.00440,1,0.03655,0.01355,0.64304,0.00409,1,26,0.00000,24
0.00000,0.00000,93.68153,0.10685,206,0,0.90119,0.63919,0,0.84057,0.74587,0,0.84057,0.74587,0,0.39197,0.43434,21.69277,0.96675,0,0.65396,0.42731,15.93542,0.96675,0,-0.02734,0.01189,0.64196,0.00440,1,0.03655,0.01355,0.64304,0.00409,1,26,0.00000,24
0.00000,0.00000,93.68153,0.10685,206,0,0.90119,0.63919,0,0.84057,0.74587,0,0.84057,0.74587,0,0.39197,0.43434,21.69277,0.96675,0,0.65396,0.42731,15.93542,0.96675,0,-0.02734,0.01189,0.64196,0.00440,1,0.03655,0.01355,0.64304,0.00409,1,26,0.00000,24
0.00000,0.00000,93.68153,0.10685,206,0,0.90119,0.63919,0,0.84057,0.74587,0,0.84057,0.74587,0,0.39197,0.43434,21.69277,0.96675,0,0.65396,0.42731,15.93542,0.96675,0,-0.02734,0.01189,0.64196,0.00440,1,0.03655,0.01355,0.64304,0.00409,1,26,0.00000,24
0.00000,0.00000,93.68153,0.10685,206,0,0.90119,0.63919,0,0.84057,0.74587,0,0.84057,0.74587,0,0.39197,0.43434,21.69277,0.96675,0,0.65396,0.42731,15.93542,0.96675,0,-0.02734,0.01189,0.64196,0.00440,1,0.03655,0.01355,0.64304,0.00409,1,26,0.00000,24
0.00000,0.00000,93.68153,0.10685,206,0,0.90119,0.63919,0,0.84057,0.74587,0,0.84057,0.74587,0,0.39197,0.43434,21.69277,0.96675,0,0.65396,0.42731,15.93542,0.96675,0,-0.02734,0.01189,0.64196,0.00440,1,0.03655,0.01355,0.64304,0.00409,1,26,0.00000,24
1.17513,0.47349,93.68153,0.10685,206,0,1.17513,0.47349,1,0.84057,0.74587,0,1.17513,0.47349,1,0.65291,0.42511,23.03820,0.96675,1,0.65396,0.42731,15.93542,0.96675,0,-0.02734,0.01189,0.64196,0.00464,1,0.03655,0.01355,0.64304,0.00409,1,0,0.11871,25
1.17685,0.47102,93.68153,0.10685,206,0,1.17857,0.46854,1,0.84057,0.74587,0,1.17857,0.46854,1,0.65291,0.42502,23.45516,0.97377,1,0.65396,0.42731,15.93542,0.97377,0,0.17623,0.06764,3.19824,0.00460,0,0.03655,0.01355,0.64304,0.00409,1,0,0.00000,25
1.17107,0.45087,93.68153,0.10685,206,0,1.15950,0.41058,1,0.84057,0.74587,0,1.15950,0.41058,1,0.65272,0.42495,24.06865,0.98080,1,0.65396,0.42731,15.93542,0.98080,0,0.17623,0.06764,3.19824,0.00460,0,0.03655,0.01355,0.64304,0.00409,1,0,0.00000,25
1.16986,0.43818,93.96281,0.02036,207,1,1.16624,0.40012,1,0.84057,0.74587,0,1.16624,0.40012,1,0.65273,0.42483,24.04005,0.98783,1,0.65396,0.42731,15.93542,0.98783,0,0.17623,0.06764,3.19824,0.00460,0,0.03655,0.01355,0.64304,0.00409,1,0,0.00000,25
1.13717,0.46464,93.96281,0.02733,207,1,1.16624,0.40012,1,0.84655,0.74081,1,1.00640,0.57046,1,0.39064,0.43514,21.43861,0.98783,1,0.65265,0.42497,23.88535,0.98139,1,-0.02763,0.01166,0.63981,0.00466,1,0.03552,0.01333,0.63244,0.00464,1,0,0.00000,25
1.10353,0.45521,93.96281,0.03365,207,1,0.93519,0.48802,1,0.93555,0.32807,1,0.93537,0.40804,1,0.39059,0.43495,21.84473,0.97437,1,0.65247,0.42497,23.77663,0.96793,1,-0.02763,0.01166,0.63981,0.00468,1,0.03552,0.01333,0.63244,0.00459,1,0,0.00000,25
1.08001,0.44155,93.96281,0.04071,207,1,0.91211,0.44958,1,0.96566,0.26965,1,0.93888,0.35962,1,0.39054,0.43508,22.02190,0.96091,1,0.65237,0.42504,23.90472,0.95448,1,-0.02763,0.01166,0.63981,0.00472,1,0.03552,0.01333,0.63244,0.00462,1,0,0.00000,25
1.06207,0.43192,93.96281,0.04742,207,1,0.91063,0.45401,1,0.96230,0.27492,1,0.93646,0.36446,1,0.39025,0.43513,22.24485,0.95448,1,0.65221,0.42503,23.86648,0.94804,1,-0.02845,0.01190,0.65539,0.00465,1,0.03552,0.01333,0.63244,0.00464,1,0,0.00000,25
1.04698,0.42705,93.96281,0.05423,207,1,0.90684,0.50342,1,0.94577,0.27280,1,0.92631,0.38811,1,0.39001,0.43501,23.00797,0.95507,1,0.65214,0.42509,23.90145,0.95507,1,-0.02845,0.01190,0.65539,0.00466,1,0.03552,0.01333,0.63244,0.00451,1,0,0.00000,25
1.03267,0.42426,93.96281,0.06090,207,1,0.88428,0.49268,1,0.92348,0.30567,1,0.90388,0.39917,1,0.38991,0.43499,22.92175,0.96209,1,0.65207,0.42509,23.90488,0.96209,1,-0.02845,0.01190,0.65539,0.00472,1,0.03552,0.01333,0.63244,0.00451,1,0,0.00000,25
1.02111,0.42175,93.96281,0.06749,207,1,0.88428,0.49268,1,0.92656,0.30065,1,0.90542,0.39667,1,0.38979,0.43488,22.93904,0.96209,1,0.65190,0.42523,23.92323,0.96853,1,-0.02812,0.01169,0.64666,0.00473,1,0.03596,0.01350,0.64291,0.00457,1,0,0.00000,25
1.01258,0.41794,93.96281,0.07425,207,1,0.92764,0.45208,1,0.90984,0.29990,1,0.91874,0.37599,1,0.38965,0.43514,23.23923,0.96150,1,0.65176,0.42516,23.71332,0.96793,1,-0.02812,0.01169,0.64666,0.00468,1,0.03596,0.01350,0.64291,0.00454,1,0,0.00000,25
1.00682,0.41412,93.96281,0.08089,207,1,0.91169,0.44910,1,0.96387,0.28759,1,0.93778,0.36835,1,0.38955,0.43512,23.46658,0.96091,1,0.65167,0.42528,23.94407,0.96734,1,-0.02812,0.01169,0.64666,0.00470,1,0.03596,0.01350,0.64291,0.00453,1,0,0.00000,25
0.97279,0.40064,93.96281,0.08089,207,0,0.91317,0.44466,1,0.96387,0.28759,1,0.93852,0.36612,1,0.38942,0.43524,23.56480,0.96734,1,0.65145,0.42531,23.88305,0.96734,1,-0.02849,0.01168,0.65185,0.00472,1,0.03519,0.01318,0.62998,0.00452,1,0,0.00000,25
0.94477,0.36970,93.96281,0.08089,207,0,0.88889,0.38289,1,0.94460,0.29461,1,0.91675,0.33875,1,0.38915,0.43545,23.60320,0.97437,1,0.65133,0.42547,23.85749,0.96793,1,-0.02849,0.01168,0.65185,0.00475,1,0.03519,0.01318,0.62998,0.00451,1,0,0.00000,25
0.93070,0.37015,93.96281,0.08089,207,0,0.87824,0.41384,1,0.92689,0.32829,1,0.90257,0.37106,1,0.38901,0.43555,23.79048,0.97496,1,0.65120,0.42541,23.74937,0.96853,1,-0.02849,0.01168,0.65185,0.00474,1,0.03519,0.01318,0.62998,0.00452,1,0,0.00000,25
0.92351,0.37095,94.05045,0.01997,208,1,0.87700,0.41843,1,0.92689,0.32829,1,0.90194,0.37336,1,0.38905,0.43548,23.51617,0.96853,1,0.65139,0.42523,22.95988,0.96853,1,-0.02794,0.01139,0.63805,0.00475,1,0.03554,0.01332,0.63891,0.00457,1,0,0.00000,25
0.92411,0.37175,94.05045,0.02660,208,1,0.91580,0.46212,1,0.93721,0.28772,1,0.92650,0.37492,1,0.38886,0.43570,23.42606,0.96150,1,0.65087,0.42565,23.88075,0.96793,1,-0.02794,0.01139,0.63805,0.00475,1,0.03554,0.01332,0.63891,0.00450,1,0,0.00000,25
0.92611,0.37098,94.05045,0.03352,208,1,0.91111,0.46159,1,0.96107,0.27271,1,0.93609,0.36715,1,0.38871,0.43576,23.53891,0.96091,1,0.65078,0.42559,23.87170,0.96734,1,-0.02794,0.01139,0.63805,0.00476,1,0.03554,0.01332,0.63891,0.00454,1,0,0.00000,25
0.92787,0.36975,94.05045,0.04044,208,1,0.91258,0.45724,1,0.96436,0.26754,1,0.93847,0.36239,1,0.38854,0.43595,23.79230,0.96734,1,0.65062,0.42577,23.81369,0.97377,1,-0.02910,0.01175,0.66108,0.00474,1,0.03644,0.01364,0.65672,0.00451,1,0,0.00000,25
0.92619,0.36056,94.05045,0.04705,208,1,0.89234,0.35445,1,0.93653,0.23790,1,0.91444,0.29617,1,0.38829,0.43613,23.84838,0.98080,1,0.65055,0.42576,23.56823,0.98080,1,-0.02910,0.01175,0.66108,0.00474,1,0.03644,0.01364,0.65672,0.00454,1,0,0.00000,25
0.92439,0.35400,94.05045,0.05338,208,1,0.88426,0.36668,1,0.93569,0.23646,1,0.90998,0.30157,1,0.38823,0.43617,23.63590,0.98783,1,0.65045,0.42585,23.92184,0.98783,1,-0.02910,0.01175,0.66108,0.00476,1,0.03644,0.01364,0.65672,0.00455,1,0,0.00000,25
0.92295,0.34876,94.05045,0.06017,208,1,0.88426,0.36668,1,0.93569,0.23646,1,0.90998,0.30157,1,0.38820,0.43626,23.44297,0.98783,1,0.65029,0.42600,23.65310,0.98783,1,-0.02838,0.01130,0.64370,0.00482,1,0.03549,0.01332,0.64139,0.00453,1,0,0.00000,25
0.92311,0.34821,94.05045,0.06640,208,1,0.93283,0.41389,1,0.91666,0.27165,1,0.92475,0.34277,1,0.38820,0.43644,23.23415,0.98080,1,0.65024,0.42612,23.85664,0.98080,1,-0.02838,0.01130,0.64370,0.00482,1,0.03549,0.01332,0.64139,0.00454,1,0,0.00000,25
0.92243,0.34810,94.05045,0.07343,208,1,0.91995,0.41387,1,0.90980,0.27994,1,0.91487,0.34690,1,0.38809,0.43656,23.47680,0.97377,1,0.65019,0.42602,23.93729,0.97377,1,-0.02838,0.01130,0.64370,0.00476,1,0.03549,0.01332,0.64139,0.00458,1,0,0.00000,25
0.92166,0.34842,94.05045,0.07959,208,1,0.91830,0.41893,1,0.90657,0.28554,1,0.91244,0.35223,1,0.38799,0.43669,23.30487,0.96675,1,0.65049,0.42570,22.83114,0.96675,1,-0.02838,0.01130,0.64370,0.00478,1,0.03566,0.01329,0.64437,0.00456,1,0,0.00000,25
0.92080,0.35013,94.05045,0.08709,208,1,0.91261,0.44948,1,0.90663,0.29507,1,0.90962,0.37227,1,0.38787,0.43671,23.80156,0.96675,1,0.65003,0.42622,23.85025,0.96675,1,-0.02838,0.01130,0.64370,0.00478,1,0.03566,0.01329,0.64437,0.00458,1,0,0.00000,25
0.92096,0.35014,94.05045,0.09338,208,1,0.92340,0.44389,1,0.92289,0.25675,1,0.92315,0.35032,1,0.38801,0.43683,23.56490,0.96675,1,0.65022,0.42650,23.98862,0.96675,1,-0.02838,0.01130,0.64370,0.00488,1,0.03566,0.01329,0.64437,0.00453,1,0,0.00000,25
0.92109,0.35015,94.05045,0.10011,208,1,0.92340,0.44389,1,0.92289,0.25675,1,0.92315,0.35032,1,0.38809,0.43679,23.74539,0.96675,1,0.65086,0.42612,22.94567,0.96675,1,-0.02838,0.01120,0.64370,0.00480,1,0.03644,0.01345,0.65672,0.00457,1,0,0.00000,25
0.92388,0.35138,94.05045,0.10722,208,1,0.94816,0.44396,1,0.98868,0.29810,1,0.96842,0.37103,1,0.38886,0.43687,23.95633,0.96675,1,0.65115,0.42678,25.13768,0.96675,1,-0.02838,0.01120,0.64370,0.00481,1,0.03644,0.01345,0.65672,0.00474,1,0,0.00000,25
0.92744,0.35303,94.05045,0.11432,208,1,0.95967,0.46193,1,1.01656,0.30029,1,0.98812,0.38111,1,0.38933,0.43688,23.70009,0.96675,1,0.65141,0.42677,25.22985,0.96675,1,-0.02838,0.01120,0.64370,0.00475,1,0.03644,0.01345,0.65672,0.00483,1,0,0.00000,25
0.93064,0.35451,94.05045,0.12059,208,1,0.95967,0.46193,1,1.01656,0.30029,1,0.98812,0.38111,1,0.38970,0.43696,23.72300,0.96675,1,0.65185,0.42674,24.83024,0.96675,1,-0.02794,0.01110,0.63805,0.00478,1,0.03564,0.01313,0.63890,0.00479,1,0,0.00000,25
0.93326,0.35565,94.05045,0.12769,208,1,0.95937,0.46970,1,1.00683,0.28498,1,0.98310,0.37734,1,0.39000,0.43691,23.67603,0.96675,1,0.65196,0.42676,24.89539,0.96675,1,-0.02794,0.01110,0.63805,0.00480,1,0.03564,0.01313,0.63890,0.00486,1,0,0.00000,25
0.93553,0.35599,94.05045,0.13393,208,1,0.96401,0.44227,1,0.99768,0.28320,1,0.98085,0.36274,1,0.39000,0.43682,23.75270,0.96675,1,0.65188,0.42677,25.08491,0.96675,1,-0.02794,0.01110,0.63805,0.00481,1,0.03564,0.01313,0.63890,0.00483,1,0,0.00000,25
0.93759,0.35629,94.05045,0.14069,208,1,0.96401,0.44227,1,0.99768,0.28320,1,0.98085,0.36274,1,0.38999,0.43688,23.67422,0.96675,1,0.65195,0.42678,25.11216,0.96675,1,-0.02776,0.01108,0.63405,0.00480,1,0.03564,0.01313,0.63890,0.00484,1,0,0.00000,25
0.93922,0.35586,94.05045,0.14735,208,1,0.96722,0.42660,1,0.98286,0.26616,1,0.97504,0.34638,1,0.39008,0.43670,23.54548,0.96675,1,0.65207,0.42671,25.27827,0.96675,1,-0.02776,0.01108,0.63405,0.00482,1,0.03564,0.01313,0.63890,0.00480,1,0,0.00000,25
0.94094,0.35539,94.05045,0.15408,208,1,0.97091,0.42509,1,0.99013,0.26401,1,0.98052,0.34455,1,0.39012,0.43667,23.72807,0.96675,1,0.65211,0.42668,25.30771,0.96675,1,-0.02776,0.01108,0.63405,0.00482,1,0.03564,0.01313,0.63890,0.00482,1,0,0.00000,25
0.94277,0.35450,94.05045,0.16074,208,1,0.97518,0.41429,1,0.99819,0.25191,1,0.98668,0.33310,1,0.39017,0.43668,23.60355,0.98168,1,0.65211,0.42667,25.27570,0.98168,1,-0.02978,0.01198,0.68246,0.00482,1,0.03564,0.01323,0.63890,0.00483,1,0,0.00000,25
0.97257,0.35571,94.05045,0.16074,208,0,0.97208,0.39310,1,1.01357,0.22252,1,0.99283,0.30781,1,0.39016,0.43659,23.69693,0.99661,1,0.65214,0.42656,25.02717,0.99661,1,-0.02978,0.01198,0.68246,0.00481,1,0.03564,0.01323,0.63890,0.00485,1,0,0.00000,25
0.98492,0.32232,94.05045,0.16074,208,0,0.98279,0.38132,1,1.01175,0.19655,1,0.99727,0.28894,1,0.39018,0.43654,23.50723,1.01154,1,0.65221,0.42650,25.06841,1.01154,1,-0.02978,0.01198,0.68246,0.00485,1,0.03564,0.01323,0.63890,0.00484,1,0,0.00000,25
0.98903,0.31120,94.05045,0.16074,208,0,0.98279,0.38132,1,1.01175,0.19655,1,0.99727,0.28894,1,0.39022,0.43657,23.57267,1.01154,1,0.65232,0.42639,25.32646,1.01154,1,-0.02796,0.01128,0.64293,0.00482,1,0.03564,0.01323,0.63890,0.00478,1,0,0.00000,25
0.99069,0.31136,94.21796,0.02002,209,1,0.98259,0.36829,1,1.00872,0.25544,1,0.99566,0.31186,1,0.39019,0.43634,23.83996,0.99661,1,0.65237,0.42625,25.30365,0.99661,1,-0.02796,0.01128,0.64293,0.00477,1,0.03564,0.01323,0.63890,0.00478,1,0,0.00000,25
0.99095,0.31937,94.21796,0.02674,209,1,0.97969,0.37338,1,1.00430,0.32939,1,0.99200,0.35138,1,0.39026,0.43619,23.65858,0.98168,1,0.65243,0.42610,25.19644,0.98168,1,-0.02796,0.01128,0.64293,0.00479,1,0.03564,0.01323,0.63890,0.00476,1,0,0.00000,25
0.99008,0.32657,94.21796,0.03330,209,1,0.97537,0.38486,1,0.99611,0.34037,1,0.98574,0.36261,1,0.39025,0.43624,23.75650,0.96675,1,0.65239,0.42604,25.18402,0.96675,1,-0.02796,0.01128,0.64293,0.00476,1,0.03607,0.01343,0.64655,0.00474,1,0,0.00000,25
0.98925,0.32916,94.21796,0.03982,209,1,0.97074,0.37143,1,0.99772,0.31794,1,0.98423,0.34468,1,0.39017,0.43618,23.78835,0.96675,1,0.65229,0.42598,25.11853,0.96675,1,-0.02796,0.01128,0.64293,0.00475,1,0.03607,0.01343,0.64655,0.00480,1,0,0.00000,25
0.98883,0.32957,94.21796,0.04603,209,1,0.96945,0.35982,1,1.00238,0.30498,1,0.98592,0.33240,1,0.39014,0.43612,23.60515,0.96675,1,0.65235,0.42596,25.10301,0.96675,1,-0.02796,0.01128,0.64293,0.00476,1,0.03607,0.01343,0.64655,0.00476,1,0,0.00000,25
0.98851,0.32988,94.21796,0.05314,209,1,0.96945,0.35982,1,1.00238,0.30498,1,0.98592,0.33240,1,0.39010,0.43613,23.80003,0.96675,1,0.65223,0.42594,25.13149,0.96675,1,-0.02765,0.01117,0.63365,0.00476,1,0.03607,0.01343,0.64655,0.00482,1,0,0.00000,25
0.98734,0.33219,94.21796,0.06032,209,1,0.95662,0.41663,1,0.99715,0.28923,1,0.97688,0.35293,1,0.39003,0.43614,23.89554,0.96675,1,0.65223,0.42574,25.25505,0.96675,1,-0.02765,0.01117,0.63365,0.00477,1,0.03607,0.01343,0.64655,0.00484,1,0,0.00000,25
0.98582,0.33271,94.21796,0.06680,209,1,0.95222,0.40489,1,0.98891,0.27103,1,0.97057,0.33796,1,0.39002,0.43613,23.86602,0.96675,1,0.65216,0.42568,25.22426,0.96675,1,-0.02765,0.01117,0.63365,0.00480,1,0.03607,0.01343,0.64655,0.00480,1,0,0.00000,25
0.98478,0.33270,94.21796,0.07359,209,1,0.95410,0.39968,1,0.99269,0.26538,1,0.97340,0.33253,1,0.38996,0.43606,23.73653,0.97377,1,0.65209,0.42566,25.25050,0.97377,1,-0.02879,0.01166,0.65852,0.00477,1,0.03607,0.01353,0.64655,0.00483,1,0,0.00000,25
0.98325,0.33307,94.21796,0.07977,209,1,0.95296,0.43188,1,0.97670,0.24332,1,0.96483,0.33760,1,0.38972,0.43592,23.97750,0.98080,1,0.65196,0.42555,25.25920,0.98080,1,-0.02879,0.01166,0.65852,0.00476,1,0.03607,0.01353,0.64655,0.00488,1,0,0.00000,25
0.98123,0.33254,94.21796,0.08623,209,1,0.94575,0.41842,1,0.96416,0.23281,1,0.95496,0.32561,1,0.38971,0.43593,23.99979,0.98783,1,0.65195,0.42544,25.07043,0.98783,1,-0.02879,0.01166,0.65852,0.00476,1,0.03607,0.01353,0.64655,0.00489,1,0,0.00000,25
0.97948,0.33208,94.21796,0.09345,209,1,0.94575,0.41842,1,0.96416,0.23281,1,0.95496,0.32561,1,0.38963,0.43592,23.93552,0.98783,1,0.65197,0.42543,25.23904,0.98783,1,-0.02794,0.01129,0.63805,0.00476,1,0.03564,0.01342,0.63890,0.00478,1,0,0.00000,25
0.97965,0.33543,94.21796,0.10040,209,1,0.96583,0.43300,1,0.99868,0.33843,1,0.98225,0.38572,1,0.38958,0.43587,23.93036,0.98080,1,0.65195,0.42531,25.29981,0.98080,1,-0.02794,0.01129,0.63805,0.00476,1,0.03564,0.01342,0.63890,0.00477,1,0,0.00000,25
0.97904,0.33777,94.21796,0.10712,209,1,0.95557,0.42240,1,0.98294,0.32785,1,0.96925,0.37513,1,0.38951,0.43574,23.97354,0.97377,1,0.65188,0.42527,25.37854,0.97377,1,-0.02794,0.01129,0.63805,0.00474,1,0.03564,0.01342,0.63890,0.00478,1,0,0.00000,25
0.97834,0.34013,94.21796,0.11378,209,1,0.95367,0.42744,1,0.97920,0.33308,1,0.96644,0.38026,1,0.38946,0.43578,23.78264,0.96675,1,0.65185,0.42513,25.18495,0.96675,1,-0.02776,0.01127,0.63405,0.00474,1,0.03619,0.01371,0.65048,0.00479,1,0,0.00000,25
0.97724,0.34189,94.21796,0.12041,209,1,0.94211,0.42387,1,0.97269,0.32349,1,0.95740,0.37368,1,0.38940,0.43574,23.72367,0.96675,1,0.65177,0.42499,25.40019,0.96675,1,-0.02776,0.01127,0.63405,0.00477,1,0.03619,0.01371,0.65048,0.00479,1,0,0.00000,25
0.97788,0.34300,94.21796,0.12679,209,1,0.97434,0.41467,1,1.00586,0.31322,1,0.99010,0.36394,1,0.38940,0.43566,23.71923,0.96675,1,0.65176,0.42490,25.30649,0.96675,1,-0.02776,0.01127,0.63405,0.00477,1,0.03619,0.01371,0.65048,0.00476,1,0,0.00000,25
0.97846,0.34399,94.21796,0.13332,209,1,0.97434,0.41467,1,1.00586,0.31322,1,0.99010,0.36394,1,0.38934,0.43563,23.73872,0.96675,1,0.65176,0.42484,25.35984,0.96675,1,-0.02794,0.01139,0.63805,0.00479,1,0.03619,0.01371,0.65048,0.00477,1,0,0.00000,25
0.97822,0.34446,94.21796,0.14005,209,1,0.97150,0.40979,1,0.97471,0.29876,1,0.97311,0.35428,1,0.38928,0.43549,23.84920,0.96675,1,0.65170,0.42477,25.31355,0.96675,1,-0.02794,0.01139,0.63805,0.00472,1,0.03619,0.01371,0.65048,0.00478,1,0,0.00000,25
0.97799,0.34432,94.21796,0.14651,209,1,0.97043,0.39619,1,0.97536,0.28604,1,0.97289,0.34111,1,0.38926,0.43547,23.72142,0.96675,1,0.65171,0.42478,25.31816,0.96675,1,-0.02794,0.01139,0.63805,0.00471,1,0.03619,0.01371,0.65048,0.00476,1,0,0.00000,25
0.97789,0.34396,94.21796,0.15488,209,1,0.97243,0.39089,1,0.97906,0.28048,1,0.97575,0.33568,1,0.38934,0.43536,23.35237,0.97377,1,0.65164,0.42466,25.25811,0.97377,1,-0.02964,0.01206,0.67578,0.00472,1,0.03619,0.01371,0.65048,0.00480,1,0,0.00000,25
0.97713,0.34202,94.21796,0.16709,209,1,0.93957,0.34995,1,0.97785,0.24119,1,0.95871,0.29557,1,0.38931,0.43537,23.45479,0.98080,1,0.65167,0.42466,25.25384,0.98080,1,-0.02964,0.01206,0.67578,0.00470,1,0.03619,0.01371,0.65048,0.00475,1,0,0.00000,25
0.97652,0.34002,94.21796,0.17329,209,1,0.94133,0.34441,1,0.98150,0.23541,1,0.96142,0.28991,1,0.38936,0.43526,23.46632,0.98783,1,0.65174,0.42456,24.95495,0.98783,1,-0.02964,0.01206,0.67578,0.00472,1,0.03554,0.01351,0.63891,0.00474,1,0,0.00000,25
0.97614,0.33804,94.21796,0.18069,209,1,0.94311,0.32927,1,0.98907,0.24427,1,0.96609,0.28677,1,0.38937,0.43506,23.34157,0.99485,1,0.65172,0.42452,24.92276,0.99485,1,-0.02964,0.01206,0.67578,0.00478,1,0.03554,0.01351,0.63891,0.00477,1,0,0.00000,25
0.97572,0.33678,94.21796,0.18746,209,1,0.94236,0.33114,1,0.98637,0.27410,1,0.96436,0.30262,1,0.38935,0.43498,23.49233,0.99485,1,0.65171,0.42450,24.94034,0.99485,1,-0.02964,0.01206,0.67578,0.00473,1,0.03554,0.01351,0.63891,0.00477,1,0,0.00000,25
0.97527,0.33569,94.21796,0.19382,209,1,0.94236,0.33114,1,0.98301,0.27911,1,0.96268,0.30512,1,0.38935,0.43498,23.49233,0.99485,1,0.65179,0.42448,25.10330,0.98842,1,-0.02964,0.01211,0.67578,0.00473,1,0.03490,0.01325,0.62655,0.00475,1,0,0.00000,25
0.97487,0.33575,94.21796,0.20104,209,1,0.94325,0.38196,1,0.98363,0.29318,1,0.96344,0.33757,1,0.38937,0.43504,23.51512,0.98842,1,0.65180,0.42445,25.14505,0.98199,1,-0.02964,0.01211,0.67578,0.00470,1,0.03490,0.01325,0.62655,0.00475,1,0,0.00000,25
0.97466,0.33684,94.21796,0.20719,209,1,0.94474,0.45589,1,0.99179,0.28343,1,0.96827,0.36966,1,0.38937,0.43497,23.45331,0.98199,1,0.65179,0.42445,25.09092,0.97555,1,-0.02964,0.01211,0.67578,0.00471,1,0.03490,0.01325,0.62655,0.00474,1,0,0.00000,25
0.97443,0.33794,94.21796,0.21424,209,1,0.94309,0.46022,1,0.99179,0.28343,1,0.96744,0.37183,1,0.38938,0.43497,23.40684,0.97555,1,0.65184,0.42443,25.10958,0.97555,1,-0.02964,0.01221,0.67578,0.00471,1,0.03564,0.01361,0.63890,0.00472,1,0,0.00000,25
0.97426,0.33877,94.21796,0.22086,209,1,0.94757,0.45136,1,0.98992,0.27920,1,0.96874,0.36528,1,0.38941,0.43497,23.49520,0.97555,1,0.65194,0.42436,25.13665,0.98199,1,-0.02964,0.01221,0.67578,0.00470,1,0.03564,0.01361,0.63890,0.00472,1,0,0.00000,25
0.97385,0.33925,94.21796,0.22734,209,1,0.91776,0.42964,1,1.00278,0.28095,1,0.96027,0.35529,1,0.38943,0.43498,23.49744,0.98199,1,0.65191,0.42438,25.08933,0.98842,1,-0.02964,0.01221,0.67578,0.00469,1,0.03564,0.01361,0.63890,0.00472,1,0,0.00000,25
0.97345,0.33972,94.21796,0.23414,209,1,0.91762,0.43005,1,1.00245,0.28141,1,0.96004,0.35573,1,0.38947,0.43497,23.57544,0.98139,1,0.65184,0.42438,24.94091,0.98783,1,-0.02776,0.01146,0.63405,0.00468,1,0.03564,0.01361,0.63890,0.00479,1,0,0.00000,25
0.97280,0.34053,94.21796,0.24068,209,1,0.92971,0.43521,1,0.97008,0.30213,1,0.94990,0.36867,1,0.38950,0.43495,23.46927,0.98080,1,0.65185,0.42442,24.84423,0.98080,1,-0.02776,0.01146,0.63405,0.00469,1,0.03564,0.01361,0.63890,0.00479,1,0,0.00000,25
0.97200,0.34122,94.21796,0.24698,209,1,0.92652,0.43326,1,0.96017,0.29933,1,0.94335,0.36629,1,0.38952,0.43489,23.42523,0.97377,1,0.65188,0.42441,24.65330,0.97377,1,-0.02776,0.01146,0.63405,0.00468,1,0.03564,0.01361,0.63890,0.00478,1,0,0.00000,25
0.97118,0.34202,94.21796,0.25436,209,1,0.92483,0.43818,1,0.95660,0.30476,1,0.94071,0.37147,1,0.38961,0.43478,22.99962,0.96675,1,0.65188,0.42442,24.62647,0.96675,1,-0.02837,0.01166,0.64782,0.00469,1,0.03607,0.01372,0.64654,0.00478,1,0,0.00000,25
0.97040,0.34163,94.21796,0.26060,209,1,0.92378,0.38585,1,0.95734,0.26762,1,0.94056,0.32674,1,0.38957,0.43494,23.38775,0.96675,1,0.65194,0.42449,24.70992,0.96675,1,-0.02837,0.01166,0.64782,0.00466,1,0.03607,0.01372,0.64654,0.00474,1,0,0.00000,25
0.96943,0.34168,94.21796,0.26759,209,1,0.93426,0.40205,1,0.92899,0.28508,1,0.93163,0.34356,1,0.38965,0.43482,22.90447,0.96675,1,0.65209,0.42452,24.74304,0.96675,1,-0.02837,0.01166,0.64782,0.00464,1,0.03607,0.01372,0.64654,0.00470,1,0,0.00000,25
0.96850,0.34172,94.21796,0.27531,209,1,0.93426,0.40205,1,0.92899,0.28508,1,0.93163,0.34356,1,0.38971,0.43492,23.03850,0.96675,1,0.65226,0.42462,24.77097,0.96675,1,-0.02816,0.01162,0.64535,0.00465,1,0.03611,0.01361,0.64559,0.00474,1,0,0.00000,25
0.96859,0.34138,94.21796,0.28102,209,1,0.94714,0.34495,1,0.99700,0.30979,1,0.97207,0.32737,1,0.39015,0.43500,22.99939,0.96675,1,0.65270,0.42489,25.54811,0.96675,1,-0.02816,0.01162,0.64535,0.00464,1,0.03611,0.01361,0.64559,0.00480,1,0,0.00000,25
0.96909,0.34122,94.21796,0.28741,209,1,0.96981,0.35000,1,1.01019,0.31926,1,0.99000,0.33463,1,0.39051,0.43507,23.41737,0.96675,1,0.65296,0.42491,25.54818,0.96675,1,-0.02816,0.01162,0.64535,0.00463,1,0.03611,0.01361,0.64559,0.00491,1,0,0.00000,25
0.96963,0.34095,94.21796,0.29614,209,1,0.97180,0.34434,1,1.01414,0.31395,1,0.99297,0.32914,1,0.39103,0.43512,23.10065,0.97377,1,0.65359,0.42501,25.59527,0.97377,1,-0.03014,0.01243,0.69654,0.00465,1,0.03626,0.01359,0.64472,0.00490,1,0,0.00000,25
0.97097,0.34082,94.21796,0.30177,209,1,1.00744,0.34874,1,1.05256,0.32137,1,1.03000,0.33506,1,0.39156,0.43515,22.95296,0.98080,1,0.65384,0.42525,25.60975,0.98080,1,-0.03014,0.01243,0.69654,0.00463,1,0.03626,0.01359,0.64472,0.00492,1,0,0.00000,25
0.97231,0.34079,94.21796,0.30771,209,1,0.99184,0.35286,1,1.07316,0.32614,1,1.03250,0.33950,1,0.39162,0.43522,23.13645,0.98783,1,0.65391,0.42531,25.54485,0.98783,1,-0.03014,0.01243,0.69654,0.00463,1,0.03626,0.01359,0.64472,0.00492,1,0,0.00000,25
0.97359,0.34076,94.21796,0.31455,209,1,0.99184,0.35286,1,1.07316,0.32614,1,1.03250,0.33950,1,0.39177,0.43526,23.22441,0.98783,1,0.65401,0.42537,25.38919,0.98783,1,-0.02763,0.01142,0.63981,0.00460,1,0.03626,0.01359,0.64472,0.00491,1,0,0.00000,25
0.97454,0.34127,94.21796,0.32139,209,1,0.98426,0.37908,1,1.05432,0.35145,1,1.01929,0.36526,1,0.39185,0.43539,23.22801,0.98080,1,0.65407,0.42540,25.58413,0.98080,1,-0.02763,0.01142,0.63981,0.00459,1,0.03626,0.01359,0.64472,0.00488,1,0,0.00000,25
0.97525,0.34095,94.21796,0.32740,209,1,0.99416,0.38260,1,1.01924,0.29759,1,1.00670,0.34009,1,0.39181,0.43543,23.26610,0.97377,1,0.65416,0.42553,25.61224,0.97377,1,-0.02763,0.01142,0.63981,0.00458,1,0.03626,0.01359,0.64472,0.00485,1,0,0.00000,25
0.97535,0.34218,94.21796,0.33404,209,1,0.99201,0.38799,1,1.01161,0.30797,1,1.00181,0.34798,1,0.39183,0.43543,23.19022,0.96675,1,0.65415,0.42562,25.51889,0.96031,1,-0.02763,0.01142,0.63981,0.00459,1,0.03551,0.01324,0.63060,0.00487,1,0,0.00000,25
0.97544,0.34317,94.21796,0.34168,209,1,0.98886,0.39398,1,1.01441,0.27879,1,1.00163,0.33639,1,0.39191,0.43547,23.04097,0.96031,1,0.65417,0.42569,25.36373,0.95388,1,-0.02763,0.01142,0.63981,0.00460,1,0.03551,0.01324,0.63060,0.00489,1,0,0.00000,25
1.00124,0.34109,94.21796,0.34168,209,0,0.99174,0.41829,1,1.01579,0.29092,1,1.00376,0.35461,1,0.39197,0.43552,23.10896,0.95388,1,0.65421,0.42575,25.42008,0.94745,1,-0.02763,0.01142,0.63981,0.00461,1,0.03551,0.01324,0.63060,0.00488,1,0,0.00000,25
1.00200,0.34905,94.21796,0.34168,209,0,0.98974,0.42307,1,1.01579,0.29092,1,1.00276,0.35700,1,0.39201,0.43554,23.08661,0.94745,1,0.65423,0.42579,25.52254,0.94745,1,-0.02763,0.01142,0.63981,0.00462,1,0.03586,0.01321,0.63604,0.00487,1,0,0.00000,25
1.00495,0.35134,94.21796,0.34168,209,0,0.99601,0.41527,1,1.02568,0.29660,1,1.01085,0.35593,1,0.39202,0.43557,23.05444,0.94745,1,0.65431,0.42593,25.59331,0.95388,1,-0.02763,0.01142,0.63981,0.00459,1,0.03586,0.01321,0.63604,0.00489,1,0,0.00000,25
1.00687,0.35527,94.56613,0.01979,210,1,1.00124,0.42115,1,1.02399,0.31300,1,1.01262,0.36708,1,0.39208,0.43566,23.07065,0.95388,1,0.65436,0.42592,25.59844,0.96031,1,-0.02763,0.01142,0.63981,0.00459,1,0.03586,0.01321,0.63604,0.00484,1,0,0.00000,25
1.00885,0.35610,94.56613,0.02646,210,1,1.00555,0.41115,1,1.02806,0.30762,1,1.01681,0.35939,1,0.39213,0.43564,22.92192,0.96734,1,0.65440,0.42595,25.66334,0.96734,1,-0.02811,0.01163,0.65420,0.00460,1,0.03530,0.01299,0.62525,0.00483,1,0,0.00000,25
1.01164,0.35763,94.56613,0.03278,210,1,1.01203,0.42338,1,1.03906,0.30717,1,1.02555,0.36528,1,0.39208,0.43573,23.17323,0.97437,1,0.65439,0.42600,25.66872,0.96793,1,-0.02811,0.01163,0.65420,0.00460,1,0.03530,0.01299,0.62525,0.00490,1,0,0.00000,25
1.01546,0.35858,94.56613,0.04021,210,1,1.02113,0.41014,1,1.05563,0.31842,1,1.03838,0.36428,1,0.39213,0.43577,23.12388,0.97496,1,0.65438,0.42605,25.57249,0.96853,1,-0.02811,0.01163,0.65420,0.00464,1,0.03530,0.01299,0.62525,0.00490,1,0,0.00000,25
1.01795,0.35989,94.56613,0.04649,210,1,1.01899,0.41491,1,1.05173,0.32326,1,1.03536,0.36909,1,0.39221,0.43581,23.12529,0.96853,1,0.65438,0.42610,25.62598,0.96209,1,-0.02745,0.01138,0.64013,0.00461,1,0.03519,0.01291,0.62159,0.00489,1,0,0.00000,25
1.01659,0.36264,94.56613,0.05363,210,1,0.98661,0.42897,1,1.02494,0.34031,1,1.00578,0.38464,1,0.39229,0.43575,23.21751,0.95507,1,0.65440,0.42610,25.59248,0.95507,1,-0.02745,0.01138,0.64013,0.00459,1,0.03519,0.01291,0.62159,0.00491,1,0,0.00000,25
1.01382,0.36572,94.56613,0.05999,210,1,0.96967,0.43790,1,1.00811,0.34898,1,0.98889,0.39344,1,0.39235,0.43575,23.08619,0.94804,1,0.65445,0.42618,25.62915,0.94804,1,-0.02745,0.01138,0.64013,0.00461,1,0.03519,0.01291,0.62159,0.00490,1,0,0.00000,25
1.01128,0.36871,94.56613,0.06649,210,1,0.96763,0.44297,1,1.00408,0.35419,1,0.98586,0.39858,1,0.39243,0.43572,23.05310,0.94102,1,0.65447,0.42612,25.69497,0.94102,1,-0.02745,0.01138,0.64013,0.00462,1,0.03519,0.01291,0.62159,0.00494,1,0,0.00000,25
1.00816,0.37092,94.56613,0.07298,210,1,0.97202,0.43644,1,0.97576,0.35409,1,0.97389,0.39526,1,0.39250,0.43570,23.12472,0.94102,1,0.65456,0.42624,25.43926,0.94102,1,-0.02745,0.01138,0.64013,0.00459,1,0.03519,0.01291,0.62159,0.00498,1,0,0.00000,25
1.00604,0.37336,94.56613,0.07996,210,1,0.97795,0.43887,1,0.98322,0.36638,1,0.98058,0.40263,1,0.39250,0.43570,23.12472,0.94102,1,0.65468,0.42627,25.54528,0.94102,1,-0.02745,0.01138,0.64013,0.00459,1,0.03519,0.01291,0.62159,0.00490,1,0,0.00000,25
1.00422,0.37545,94.56613,0.08736,210,1,0.97795,0.43887,1,0.98322,0.36638,1,0.98058,0.40263,1,0.39258,0.43567,22.90126,0.94102,1,0.65471,0.42627,25.55763,0.94102,1,-0.02745,0.01143,0.64013,0.00458,1,0.03555,0.01300,0.62793,0.00491,1,0,0.00000,25
1.00342,0.37706,94.56613,0.09308,210,1,0.98381,0.43421,1,1.00053,0.36501,1,0.99217,0.39961,1,0.39279,0.43561,23.00165,0.94102,1,0.65475,0.42627,25.48887,0.94102,1,-0.02745,0.01143,0.64013,0.00460,1,0.03555,0.01300,0.62793,0.00495,1,0,0.00000,25
1.00309,0.37827,94.56613,0.09975,210,1,0.99446,0.43204,1,1.00192,0.36081,1,0.99819,0.39642,1,0.39285,0.43563,23.16496,0.94102,1,0.65490,0.42622,25.69174,0.94102,1,-0.02745,0.01143,0.64013,0.00457,1,0.03555,0.01300,0.62793,0.00483,1,0,0.00000,25
1.00310,0.37890,94.56613,0.10766,210,1,0.99669,0.42685,1,1.00960,0.35092,1,1.00315,0.38888,1,0.39289,0.43560,22.99496,0.94804,1,0.65493,0.42626,25.71204,0.95448,1,-0.02827,0.01183,0.66252,0.00457,1,0.03647,0.01332,0.64341,0.00484,1,0,0.00000,25
1.00407,0.37912,94.56613,0.11406,210,1,1.00655,0.42398,1,1.03464,0.34207,1,1.02060,0.38302,1,0.39285,0.43566,23.21367,0.96150,1,0.65511,0.42643,25.62729,0.96793,1,-0.02827,0.01183,0.66252,0.00459,1,0.03647,0.01332,0.64341,0.00487,1,0,0.00000,25
1.00438,0.37765,94.56613,0.12074,210,1,0.97634,0.40630,1,1.04372,0.29602,1,1.01003,0.35116,1,0.39321,0.43569,22.77159,0.97496,1,0.65524,0.42640,25.40433,0.98139,1,-0.02827,0.01183,0.66252,0.00466,1,0.03647,0.01332,0.64341,0.00493,1,0,0.00000,25
1.00487,0.37595,94.56613,0.12770,210,1,0.98022,0.39636,1,1.04783,0.29065,1,1.01403,0.34350,1,0.39336,0.43565,22.89133,0.98842,1,0.65560,0.42657,25.56440,0.98842,1,-0.02811,0.01180,0.66120,0.00458,1,0.03522,0.01276,0.61882,0.00487,1,0,0.00000,25
1.00790,0.37395,94.56613,0.13409,210,1,1.06492,0.40991,1,1.07240,0.25804,1,1.06866,0.33398,1,0.39411,0.43570,22.73167,0.98842,1,0.65607,0.42672,25.53404,0.98199,1,-0.02811,0.01180,0.66120,0.00456,1,0.03522,0.01276,0.61882,0.00492,1,0,0.00000,25
1.00917,0.37321,94.56613,0.14075,210,1,1.03461,0.42359,1,1.03698,0.29167,1,1.03579,0.35763,1,0.39417,0.43569,22.88189,0.98199,1,0.65611,0.42676,25.44743,0.97555,1,-0.02811,0.01180,0.66120,0.00456,1,0.03522,0.01276,0.61882,0.00493,1,0,0.00000,25
1.01006,0.37297,94.56613,0.14748,210,1,1.02998,0.43333,1,1.02914,0.30209,1,1.02956,0.36771,1,0.39432,0.43575,22.96794,0.96853,1,0.65621,0.42687,25.58742,0.96209,1,-0.02695,0.01133,0.63737,0.00457,1,0.03569,0.01277,0.62383,0.00493,1,0,0.00000,25
1.01032,0.37389,94.56613,0.15424,210,1,1.01386,0.44863,1,1.01866,0.34179,1,1.01626,0.39521,1,0.39448,0.43584,22.86349,0.95507,1,0.65660,0.42700,25.58151,0.95507,1,-0.02695,0.01133,0.63737,0.00458,1,0.03569,0.01277,0.62383,0.00483,1,0,0.00000,25
1.01144,0.37513,94.56613,0.16084,210,1,1.03417,0.45650,1,1.04281,0.35300,1,1.03849,0.40475,1,0.39462,0.43587,22.81701,0.94804,1,0.65665,0.42709,25.50814,0.94804,1,-0.02695,0.01133,0.63737,0.00456,1,0.03569,0.01277,0.62383,0.00492,1,0,0.00000,25
1.01235,0.37646,94.56613,0.16763,210,1,1.03167,0.46151,1,1.03854,0.35817,1,1.03510,0.40984,1,0.39480,0.43587,22.62414,0.94102,1,0.65686,0.42730,25.47748,0.94102,1,-0.02714,0.01144,0.64630,0.00459,1,0.03492,0.01247,0.60883,0.00488,1,0,0.00000,25
1.01259,0.37742,94.56613,0.17418,210,1,0.99586,0.46704,1,1.04169,0.33782,1,1.01877,0.40243,1,0.39509,0.43592,22.96737,0.94102,1,0.65727,0.42755,25.63827,0.94102,1,-0.02714,0.01144,0.64630,0.00462,1,0.03492,0.01247,0.60883,0.00487,1,0,0.00000,25
1.01246,0.37826,94.56613,0.18069,210,1,1.00371,0.49377,1,1.01421,0.30783,1,1.00896,0.40080,1,0.39521,0.43600,22.83493,0.94102,1,0.65733,0.42766,25.38738,0.94102,1,-0.02714,0.01144,0.64630,0.00455,1,0.03492,0.01247,0.60883,0.00488,1,0,0.00000,25
1.01234,0.37904,94.56613,0.18747,210,1,1.00371,0.49377,1,1.01421,0.30783,1,1.00896,0.40080,1,0.39537,0.43597,22.90123,0.94102,1,0.65753,0.42780,25.72939,0.94102,1,-0.02682,0.01139,0.64341,0.00457,1,0.03556,0.01244,0.61667,0.00490,1,0,0.00000,25
1.01248,0.37855,94.56613,0.19359,210,1,1.00736,0.39447,1,1.02561,0.33446,1,1.01649,0.36446,1,0.39563,0.43613,22.91091,0.94102,1,0.65784,0.42794,25.86987,0.94102,1,-0.02682,0.01139,0.64341,0.00460,1,0.03556,0.01244,0.61667,0.00486,1,0,0.00000,25
1.01186,0.37845,94.56613,0.20071,210,1,0.98478,0.39605,1,1.00198,0.35474,1,0.99338,0.37540,1,0.39584,0.43618,22.79478,0.94102,1,0.65813,0.42802,25.37361,0.94102,1,-0.02682,0.01139,0.64341,0.00456,1,0.03556,0.01244,0.61667,0.00484,1,0,0.00000,25
1.01138,0.37819,94.56613,0.20694,210,1,0.98694,0.39058,1,1.00599,0.34954,1,0.99647,0.37006,1,0.39602,0.43610,22.72935,0.94804,1,0.65825,0.42815,25.23795,0.94804,1,-0.02751,0.01165,0.66109,0.00458,1,0.03573,0.01244,0.61650,0.00493,1,0,0.00000,25
1.01168,0.37776,94.56613,0.21362,210,1,1.02511,0.37756,1,1.01743,0.35049,1,1.02127,0.36402,1,0.39621,0.43612,22.97681,0.95507,1,0.65845,0.42839,25.63580,0.95507,1,-0.02751,0.01165,0.66109,0.00459,1,0.03573,0.01244,0.61650,0.00489,1,0,0.00000,25
1.01222,0.37658,94.56613,0.22057,210,1,1.01226,0.37425,1,1.04768,0.30132,1,1.02997,0.33778,1,0.39629,0.43622,23.09771,0.96209,1,0.65855,0.42828,25.57097,0.96209,1,-0.02751,0.01165,0.66109,0.00456,1,0.03573,0.01244,0.61650,0.00488,1,0,0.00000,25
1.01278,0.37540,94.56613,0.22781,210,1,1.01226,0.37425,1,1.05154,0.29634,1,1.03190,0.33530,1,0.39660,0.43624,22.68851,0.96209,1,0.65888,0.42836,25.56437,0.96853,1,-0.02661,0.01133,0.64303,0.00457,1,0.03718,0.01284,0.63900,0.00485,1,0,0.00000,25
1.01307,0.37364,94.56613,0.23410,210,1,0.99754,0.37082,1,1.04869,0.25281,1,1.02312,0.31181,1,0.39669,0.43628,22.76604,0.96150,1,0.65908,0.42852,25.48474,0.96793,1,-0.02661,0.01133,0.64303,0.00458,1,0.03718,0.01284,0.63900,0.00487,1,0,0.00000,25
1.01293,0.37227,94.56613,0.24065,210,1,0.99744,0.38463,1,1.01865,0.26174,1,1.00804,0.32319,1,0.39675,0.43622,22.71976,0.96091,1,0.65894,0.42855,25.65619,0.96734,1,-0.02661,0.01133,0.64303,0.00459,1,0.03718,0.01284,0.63900,0.00490,1,0,0.00000,25
1.01283,0.37091,94.56613,0.24750,210,1,0.99945,0.37963,1,1.01865,0.26174,1,1.00905,0.32069,1,0.39693,0.43618,22.68681,0.96734,1,0.65922,0.42860,25.62698,0.96734,1,-0.02687,0.01146,0.65273,0.00462,1,0.03743,0.01282,0.64250,0.00489,1,0,0.00000,25
1.01332,0.36997,94.56613,0.25478,210,1,1.02518,0.35645,1,1.03903,0.31160,1,1.03210,0.33403,1,0.39691,0.43611,23.10889,0.97437,1,0.65928,0.42859,25.71049,0.96793,1,-0.02687,0.01146,0.65273,0.00460,1,0.03743,0.01282,0.64250,0.00488,1,0,0.00000,25
1.01369,0.36880,94.56613,0.26178,210,1,1.00682,0.33332,1,1.04912,0.31341,1,1.02797,0.32337,1,0.39699,0.43614,22.97406,0.97496,1,0.65935,0.42854,25.82033,0.96853,1,-0.02687,0.01146,0.65273,0.00460,1,0.03743,0.01282,0.64250,0.00487,1,0,0.00000,25
1.01806,0.34051,94.56613,0.26178,210,0,1.00478,0.33862,1,1.04912,0.31341,1,1.02695,0.32602,1,0.39705,0.43608,22.91061,0.96853,1,0.65962,0.42854,25.58539,0.96853,1,-0.02640,0.01137,0.64259,0.00460,1,0.03785,0.01296,0.64717,0.00487,1,0,0.00000,25
1.00985,0.33611,94.56613,0.26178,210,0,0.98112,0.40406,1,1.02217,0.25938,1,1.00164,0.33172,1,0.39726,0.43605,22.87359,0.96150,1,0.65971,0.42855,25.34875,0.96793,1,-0.02640,0.01137,0.64259,0.00460,1,0.03785,0.01296,0.64717,0.00491,1,0,0.00000,25
1.01037,0.33652,94.56613,0.26178,210,0,0.98326,0.44431,1,1.03955,0.23037,1,1.01141,0.33734,1,0.39738,0.43592,22.55360,0.96091,1,0.65979,0.42848,25.56787,0.96734,1,-0.02640,0.01137,0.64259,0.00463,1,0.03785,0.01296,0.64717,0.00484,1,0,0.00000,25
1.01009,0.33752,94.83466,0.01965,211,1,0.98308,0.44473,1,1.03543,0.23627,1,1.00926,0.34050,1,0.39737,0.43593,22.83272,0.96031,1,0.65983,0.42836,25.43645,0.96031,1,-0.02640,0.01142,0.64259,0.00461,1,0.03622,0.01248,0.61856,0.00492,1,0,0.00000,25
1.01116,0.34674,94.83466,0.02634,211,1,0.98868,0.42216,1,1.04214,0.34508,1,1.01541,0.38362,1,0.39747,0.43579,22.70341,0.96031,1,0.65991,0.42822,25.56516,0.95388,1,-0.02640,0.01142,0.64259,0.00460,1,0.03622,0.01248,0.61856,0.00489,1,0,0.00000,25
1.00934,0.35341,94.83466,0.03305,211,1,0.99391,0.42176,1,1.00665,0.35178,1,1.00028,0.38677,1,0.39744,0.43570,22.80194,0.95388,1,0.65990,0.42815,25.67570,0.94745,1,-0.02640,0.01142,0.64259,0.00457,1,0.03622,0.01248,0.61856,0.00488,1,0,0.00000,25
1.00764,0.35886,94.83466,0.03970,211,1,0.99189,0.42652,1,1.00298,0.35654,1,0.99743,0.39153,1,0.39761,0.43551,22.74211,0.94745,1,0.65987,0.42805,25.64944,0.94102,1,-0.02630,0.01147,0.64233,0.00461,1,0.03619,0.01244,0.61649,0.00490,1,0,0.00000,25
1.00736,0.35850,94.83466,0.04636,211,1,1.00133,0.38638,1,1.00942,0.32561,1,1.00537,0.35600,1,0.39766,0.43529,22.24882,0.94102,1,0.65988,0.42795,25.64275,0.94102,1,-0.02630,0.01147,0.64233,0.00464,1,0.03619,0.01244,0.61649,0.00491,1,0,0.00000,25
1.00784,0.35617,94.83466,0.05309,211,1,1.00632,0.37264,1,1.01713,0.30246,1,1.01172,0.33755,1,0.39771,0.43517,22.49444,0.94102,1,0.66006,0.42772,25.40610,0.94102,1,-0.02630,0.01147,0.64233,0.00464,1,0.03619,0.01244,0.61649,0.00491,1,0,0.00000,25
1.00855,0.35375,94.83466,0.05977,211,1,1.00863,0.36695,1,1.02123,0.29690,1,1.01493,0.33192,1,0.39762,0.43503,22.94070,0.94804,1,0.66012,0.42768,25.47142,0.94804,1,-0.02696,0.01193,0.65978,0.00456,1,0.03643,0.01257,0.62057,0.00486,1,0,0.00000,25
1.00824,0.35727,94.83466,0.06648,211,1,1.01024,0.46002,1,1.00006,0.32503,1,1.00515,0.39252,1,0.39769,0.43479,22.95949,0.95507,1,0.66012,0.42757,25.80127,0.95507,1,-0.02696,0.01193,0.65978,0.00462,1,0.03643,0.01257,0.62057,0.00489,1,0,0.00000,25
1.00845,0.35861,94.83466,0.07259,211,1,1.01091,0.43852,1,1.01046,0.30817,1,1.01068,0.37335,1,0.39769,0.43475,22.87796,0.96209,1,0.66017,0.42749,25.77424,0.96209,1,-0.02696,0.01193,0.65978,0.00458,1,0.03643,0.01257,0.62057,0.00490,1,0,0.00000,25
1.00862,0.35974,94.83466,0.07966,211,1,1.01091,0.43852,1,1.01046,0.30817,1,1.01068,0.37335,1,0.39778,0.43472,22.55260,0.96209,1,0.66032,0.42737,25.72071,0.96209,1,-0.02571,0.01139,0.63028,0.00461,1,0.03683,0.01280,0.62741,0.00485,1,0,0.00000,25
1.00886,0.36056,94.83466,0.08630,211,1,1.01541,0.41058,1,1.00856,0.33162,1,1.01198,0.37110,1,0.39775,0.43456,22.61104,0.95507,1,0.66037,0.42722,25.53751,0.95507,1,-0.02571,0.01139,0.63028,0.00459,1,0.03683,0.01280,0.62741,0.00484,1,0,0.00000,25
1.00793,0.36134,94.83466,0.09248,211,1,0.98793,0.40321,1,1.00200,0.34130,1,0.99497,0.37225,1,0.39777,0.43446,22.72834,0.94804,1,0.66037,0.42716,25.60399,0.94804,1,-0.02571,0.01139,0.63028,0.00454,1,0.03683,0.01280,0.62741,0.00491,1,0,0.00000,25
1.00704,0.36220,94.83466,0.09991,211,1,0.98577,0.40858,1,1.00166,0.34174,1,0.99371,0.37516,1,0.39777,0.43425,22.93823,0.94102,1,0.66045,0.42701,25.66822,0.94745,1,-0.02610,0.01161,0.63986,0.00458,1,0.03718,0.01295,0.63245,0.00482,1,0,0.00000,25
1.00678,0.36282,94.83466,0.10677,211,1,0.98891,0.43623,1,1.01618,0.30932,1,1.00255,0.37277,1,0.39781,0.43461,22.00246,0.94745,1,0.66049,0.42692,25.32418,0.95388,1,-0.02610,0.01161,0.63986,0.00444,1,0.03718,0.01295,0.63245,0.00485,1,0,0.00000,25
1.00581,0.37409,94.83466,0.11362,211,1,0.96540,0.77673,1,1.01328,0.35470,1,0.98934,0.56571,1,0.39797,0.43567,19.05611,0.95388,1,0.66026,0.42706,24.03128,0.96031,1,-0.02610,0.01161,0.63986,0.00433,1,0.03718,0.01295,0.63245,0.00500,1,0,0.00000,25
1.00499,0.38412,94.83466,0.12041,211,1,0.96728,0.77454,1,1.01328,0.35470,1,0.99028,0.56462,1,0.39807,0.43476,20.87431,0.96031,1,0.66003,0.42720,22.93237,0.96031,1,-0.02610,0.01181,0.63986,0.00414,1,0.03667,0.01294,0.62302,0.00532,1,0,0.00000,25
0.99831,0.43183,94.83466,0.12041,211,0,0.96728,0.77454,0,0.94376,0.75163,1,0.94376,0.75163,1,0.39807,0.43476,20.87431,0.96031,0,0.66067,0.42884,16.76724,0.95388,1,-0.02610,0.01181,0.63986,0.00414,1,0.03667,0.01294,0.62302,0.00487,1,0,0.00000,25
0.91451,0.70559,94.83466,0.12041,211,0,0.96728,0.77454,0,0.83070,0.97935,1,0.83070,0.97935,1,0.39807,0.43476,20.87431,0.95388,0,0.65943,0.43083,10.68636,0.94745,1,-0.02610,0.01181,0.63986,0.00414,1,0.03667,0.01294,0.62302,0.00396,1,0,0.00000,25
0.88657,0.79685,94.83466,0.12041,211,0,0.96728,0.77454,0,0.83070,0.97935,1,0.83070,0.97935,1,0.39807,0.43476,20.87431,0.94745,0,0.66110,0.43196,9.29991,0.94745,1,-0.02610,0.01181,0.63986,0.00414,1,0.03667,0.01294,0.62302,0.00240,1,0,0.00000,25
0.83070,0.97935,94.83466,0.12041,211,0,0.96728,0.77454,0,0.83070,0.97935,0,0.83070,0.97935,0,0.39807,0.43476,20.87431,0.94745,0,0.66110,0.43196,9.29991,0.95388,0,-0.02610,0.01181,0.63986,0.00414,1,0.03667,0.01294,0.62302,0.00240,1,0,0.00000,25
0.83070,0.97935,94.83466,0.12041,211,0,0.96728,0.77454,0,0.83070,0.97935,0,0.83070,0.97935,0,0.39807,0.43476,20.87431,0.95388,0,0.66110,0.43196,9.29991,0.96031,0,-0.02610,0.01181,0.63986,0.00414,1,0.03667,0.01294,0.62302,0.00240,1,0,0.00000,25
0.83070,0.97935,94.83466,0.12041,211,0,0.96728,0.77454,0,0.83070,0.97935,0,0.83070,0.97935,0,0.39807,0.43476,20.87431,0.96031,0,0.66110,0.43196,9.29991,0.96675,0,-0.02610,0.01181,0.63986,0.00414,1,0.03667,0.01294,0.62302,0.00240,1,0,0.00000,25
0.00000,0.00000,94.83466,0.12041,211,0,0.96728,0.77454,0,0.83070,0.97935,0,0.83070,0.97935,0,0.39807,0.43476,20.87431,0.96675,0,0.66110,0.43196,9.29991,0.96675,0,-0.02610,0.01181,0.63986,0.00414,1,0.03667,0.01294,0.62302,0.00240,1,0,0.00000,25
0.00000,0.00000,94.83466,0.12041,211,0,0.96728,0.77454,0,0.83070,0.97935,0,0.83070,0.97935,0,0.39807,0.43476,20.87431,0.96675,0,0.66110,0.43196,9.29991,0.96675,0,-0.02610,0.01181,0.63986,0.00414,1,0.03667,0.01294,0.62302,0.00240,1,0,0.00000,25
0.00000,0.00000,94.83466,0.12041,211,0,0.96728,0.77454,0,0.83070,0.97935,0,0.83070,0.97935,0,0.39807,0.43476,20.87431,0.96675,0,0.66110,0.43196,9.29991,0.96675,0,-0.02610,0.01181,0.63986,0.00414,1,0.03667,0.01294,0.62302,0.00240,1,0,0.00000,25
0.00000,0.00000,94.83466,0.12041,211,0,0.96728,0.77454,0,0.83070,0.97935,0,0.83070,0.97935,0,0.39807,0.43476,20.87431,0.96675,0,0.66110,0.43196,9.29991,0.96675,0,-0.02610,0.01181,0.63986,0.00414,1,0.03667,0.01294,0.62302,0.00240,1,27,0.00000,25
0.00000,0.00000,94.83466,0.12041,211,0,0.96728,0.77454,0,0.83070,0.97935,0,0.83070,0.97935,0,0.39807,0.43476,20.87431,0.96675,0,0.66110,0.43196,9.29991,0.96675,0,-0.02610,0.01181,0.63986,0.00414,1,0.03667,0.01294,0.62302,0.00240,1,27,0.00000,25
0.00000,0.00000,94.83466,0.12041,211,0,0.96728,0.77454,0,0.83070,0.97935,0,0.83070,0.97935,0,0.39807,0.43476,20.87431,0.96675,0,0.66110,0.43196,9.29991,0.96675,0,-0.02610,0.01181,0.63986,0.00414,1,0.03667,0.01294,0.62302,0.00240,1,27,0.00000,25
0.00000,0.00000,94.83466,0.12041,211,0,0.96728,0.77454,0,0.83070,0.97935,0,0.83070,0.97935,0,0.39807,0.43476,20.87431,0.96675,0,0.66110,0.43196,9.29991,0.96675,0,-0.02610,0.01181,0.63986,0.00414,1,0.03667,0.01294,0.62302,0.00240,1,27,0.00000,25
0.00000,0.00000,94.83466,0.12041,211,0,0.96728,0.77454,0,0.83070,0.97935,0,0.83070,0.97935,0,0.39807,0.43476,20.87431,0.96675,0,0.66110,0.43196,9.29991,0.96675,0,-0.02610,0.01181,0.63986,0.00414,1,0.03667,0.01294,0.62302,0.00240,1,27,0.00000,25
0.00000,0.00000,94.83466,0.12041,211,0,0.96728,0.77454,0,0.83070,0.97935,0,0.83070,0.97935,0,0.39807,0.43476,20.87431,0.96675,0,0.66110,0.43196,9.29991,0.96675,0,-0.02610,0.01181,0.63986,0.00414,1,0.03667,0.01294,0.62302,0.00240,1,27,0.00000,25
0.00000,0.00000,94.83466,0.12041,211,0,0.96728,0.77454,0,0.83070,0.97935,0,0.83070,0.97935,0,0.39807,0.43476,20.87431,0.96675,0,0.66110,0.43196,9.29991,0.96675,0,-0.02610,0.01181,0.63986,0.00414,1,0.03667,0.01294,0.62302,0.00240,1,27,0.00000,25
0.00000,0.00000,94.83466,0.12041,211,0,0.96728,0.77454,0,0.83070,0.97935,0,0.83070,0.97935,0,0.39807,0.43476,20.87431,0.96675,0,0.66110,0.43196,9.29991,0.96675,0,-0.02610,0.01181,0.63986,0.00414,1,0.03667,0.01294,0.62302,0.00240,1,27,0.00000,25
0.00000,0.00000,94.83466,0.12041,211,0,0.96728,0.77454,0,0.83070,0.97935,0,0.83070,0.97935,0,0.39807,0.43476,20.87431,0.96675,0,0.66110,0.43196,9.29991,0.96675,0,-0.02610,0.01181,0.63986,0.00414,1,0.03667,0.01294,0.62302,0.00240,1,27,0.00000,25
0.00000,0.00000,94.83466,0.12041,211,0,0.96728,0.77454,0,0.83070,0.97935,0,0.83070,0.97935,0,0.39807,0.43476,20.87431,0.96675,0,0.66110,0.43196,9.29991,0.96675,0,-0.02610,0.01181,0.63986,0.00414,1,0.03667,0.01294,0.62302,0.00240,1,27,0.00000,25
0.00000,0.00000,94.83466,0.12041,211,0,0.96728,0.77454,0,0.83070,0.97935,0,0.83070,0.97935,0,0.39807,0.43476,20.87431,0.96675,0,0.66110,0.43196,9.29991,0.96675,0,-0.02610,0.01181,0.63986,0.00414,1,0.03667,0.01294,0.62302,0.00240,1,27,0.00000,25
0.00000,0.00000,94.83466,0.12041,211,0,0.96728,0.77454,0,0.83070,0.97935,0,0.83070,0.97935,0,0.39807,0.43476,20.87431,0.96675,0,0.66110,0.43196,9.29991,0.96675,0,-0.02610,0.01181,0.63986,0.00414,1,0.03667,0.01294,0.62302,0.00240,1,27,0.00000,25
0.00000,0.00000,94.83466,0.12041,211,0,0.96728,0.77454,0,0.83070,0.97935,0,0.83070,0.97935,0,0.39807,0.43476,20.87431,0.96675,0,0.66110,0.43196,9.29991,0.96675,0,-0.02610,0.01181,0.63986,0.00414,1,0.03667,0.01294,0.62302,0.00240,1,27,0.00000,25
0.00000,0.00000,94.83466,0.12041,211,0,0.96728,0.77454,0,0.83070,0.97935,0,0.83070,0.97935,0,0.39807,0.43476,20.87431,0.96675,0,0.66110,0.43196,9.29991,0.96675,0,-0.02610,0.01181,0.63986,0.00414,1,0.03667,0.01294,0.62302,0.00240,1,27,0.00000,25
0.00000,0.00000,94.83466,0.12041,211,0,0.96728,0.77454,0,0.83070,0.97935,0,0.83070,0.97935,0,0.39807,0.43476,20.87431,0.96675,0,0.66110,0.43196,9.29991,0.96675,0,-0.02610,0.01181,0.63986,0.00414,1,0.03667,0.01294,0.62302,0.00240,1,27,0.00000,25
0.00000,0.00000,94.83466,0.12041,211,0,0.96728,0.77454,0,0.83070,0.97935,0,0.83070,0.97935,0,0.39807,0.43476,20.87431,0.96675,0,0.66110,0.43196,9.29991,0.96675,0,-0.02610,0.01181,0.63986,0.00414,1,0.03667,0.01294,0.62302,0.00240,1,27,0.00000,25
0.62281,0.24997,94.83466,0.12041,211,0,1.24562,0.49994,1,0.83070,0.97935,0,1.24562,0.49994,1,0.65941,0.42598,21.38557,0.96675,1,0.66110,0.43196,9.29991,0.96675,0,-0.02610,0.01181,0.63986,0.00474,1,0.03667,0.01294,0.62302,0.00240,1,0,0.10737,26
0.83041,0.33330,94.83466,0.12041,211,0,1.24562,0.49994,1,0.83070,0.97935,0,1.24562,0.49994,1,0.65932,0.42564,22.45420,0.96675,1,0.66110,0.43196,9.29991,0.96675,0,0.03684,0.01323,0.62998,0.00478,1,0.03667,0.01294,0.62302,0.00240,1,0,0.00000,26
1.23880,0.49850,94.83466,0.12041,211,0,1.22517,0.49561,1,0.83070,0.97935,0,1.22517,0.49561,1,0.65927,0.42572,22.51154,0.96675,1,0.66110,0.43196,9.29991,0.96675,0,0.03684,0.01323,0.62998,0.00479,1,0.03667,0.01294,0.62302,0.00240,1,0,0.00000,26
1.21893,0.49575,94.83466,0.12041,211,0,1.19905,0.49300,1,0.83070,0.97935,0,1.19905,0.49300,1,0.65883,0.42578,23.26875,0.96675,1,0.66110,0.43196,9.29991,0.96675,0,0.03684,0.01323,0.62998,0.00488,1,0.03667,0.01294,0.62302,0.00240,1,0,0.00000,26
1.21230,0.49483,94.83466,0.12041,211,0,1.19905,0.49300,1,0.83070,0.97935,0,1.19905,0.49300,1,0.65920,0.42546,23.23271,0.96675,1,0.66110,0.43196,9.29991,0.96675,0,0.03747,0.01348,0.64407,0.00476,1,0.03667,0.01294,0.62302,0.00240,1,0,0.00000,26
1.21150,0.48278,95.14206,0.02019,212,1,1.20910,0.44664,1,0.83070,0.97935,0,1.20910,0.44664,1,0.65897,0.42561,23.40968,0.96675,1,0.66110,0.43196,9.29991,0.96675,0,0.03747,0.01348,0.64407,0.00471,1,0.03667,0.01294,0.62302,0.00240,1,0,0.00000,26
1.20962,0.47129,95.14206,0.02679,212,1,1.20210,0.42530,1,0.83070,0.97935,0,1.20210,0.42530,1,0.65856,0.42594,24.24012,0.96675,1,0.66110,0.43196,9.29991,0.96675,0,0.03747,0.01348,0.64407,0.00476,1,0.03667,0.01294,0.62302,0.00240,1,0,0.00000,26
1.17808,0.50961,95.14206,0.03365,212,1,1.20210,0.42530,1,0.83868,0.97711,1,1.02039,0.70121,1,0.39512,0.43479,19.46350,0.96675,1,0.65824,0.42598,24.38517,0.96675,1,-0.02682,0.01177,0.64341,0.00436,1,0.03771,0.01347,0.64820,0.00484,1,0,0.00000,26
1.14990,0.49544,95.14206,0.04055,212,1,0.97321,0.50192,1,0.98846,0.31899,1,0.98083,0.41046,1,0.39486,0.43440,21.40753,0.96675,1,0.65801,0.42601,24.43180,0.96675,1,-0.02682,0.01177,0.64341,0.00437,1,0.03771,0.01347,0.64820,0.00481,1,0,0.00000,26
1.12796,0.47948,95.14206,0.04698,212,1,0.94731,0.41738,1,1.00136,0.31807,1,0.97434,0.36772,1,0.39467,0.43432,21.69180,0.96675,1,0.65808,0.42600,24.77182,0.96675,1,-0.02682,0.01177,0.64341,0.00430,1,0.03771,0.01347,0.64820,0.00467,1,0,0.00000,26
1.11089,0.46706,95.14206,0.05374,212,1,0.94731,0.41738,1,1.00136,0.31807,1,0.97434,0.36772,1,0.39450,0.43478,20.84353,0.96675,1,0.65788,0.42603,24.88211,0.96675,1,-0.02714,0.01178,0.64630,0.00432,1,0.03677,0.01320,0.63527,0.00469,1,0,0.00000,26
1.09735,0.46009,95.14206,0.06059,212,1,0.95266,0.45159,1,0.99839,0.34317,1,0.97553,0.39738,1,0.39424,0.43464,21.73121,0.96675,1,0.65750,0.42620,24.61596,0.96675,1,-0.02714,0.01178,0.64630,0.00433,1,0.03677,0.01320,0.63527,0.00476,1,0,0.00000,26
1.08619,0.45422,95.14206,0.06681,212,1,0.95976,0.44620,1,0.98926,0.34468,1,0.97451,0.39544,1,0.39409,0.43448,22.11433,0.96675,1,0.65726,0.42624,24.69027,0.96675,1,-0.02714,0.01178,0.64630,0.00438,1,0.03677,0.01320,0.63527,0.00482,1,0,0.00000,26
1.07712,0.44890,95.14206,0.07379,212,1,0.96170,0.44129,1,0.99307,0.33954,1,0.97738,0.39042,1,0.39380,0.43461,22.15963,0.97377,1,0.65763,0.42580,23.45514,0.97377,1,-0.02766,0.01189,0.65530,0.00436,1,0.03659,0.01307,0.63382,0.00473,1,0,0.00000,26
1.06867,0.43956,95.14206,0.08051,212,1,0.93856,0.43448,1,0.99610,0.22054,1,0.96733,0.32751,1,0.39366,0.43457,22.22537,0.98080,1,0.65698,0.42635,24.61980,0.98080,1,-0.02766,0.01189,0.65530,0.00440,1,0.03659,0.01307,0.63382,0.00470,1,0,0.00000,26
1.03632,0.42175,95.14206,0.08051,212,0,0.95492,0.38373,1,1.00696,0.29274,1,0.98094,0.33824,1,0.39355,0.43457,22.44776,0.98783,1,0.65669,0.42636,24.56167,0.98783,1,-0.02766,0.01189,0.65530,0.00439,1,0.03659,0.01307,0.63382,0.00475,1,0,0.00000,26
1.01005,0.37733,95.14206,0.08051,212,0,0.95677,0.37846,1,1.01079,0.28737,1,0.98378,0.33292,1,0.39327,0.43465,22.38085,0.99485,1,0.65640,0.42646,24.48228,0.99485,1,-0.02823,0.01204,0.66638,0.00443,1,0.03647,0.01310,0.63491,0.00478,1,0,0.00000,26
1.00111,0.35953,95.14206,0.08051,212,0,0.95818,0.41496,1,1.00828,0.23288,1,0.98323,0.32392,1,0.39299,0.43474,22.08891,0.99485,1,0.65638,0.42632,24.73394,0.99485,1,-0.02823,0.01204,0.66638,0.00444,1,0.03647,0.01310,0.63491,0.00464,1,0,0.00000,26
0.98005,0.32997,95.14206,0.08051,212,0,0.94934,0.44174,1,0.99694,0.22441,1,0.97314,0.33308,1,0.39286,0.43489,22.47527,0.99485,1,0.65625,0.42638,24.74035,0.99485,1,-0.02823,0.01204,0.66638,0.00442,1,0.03647,0.01310,0.63491,0.00465,1,0,0.00000,26
0.97436,0.33550,95.14206,0.08051,212,0,0.94753,0.44652,1,0.98980,0.23553,1,0.96867,0.34102,1,0.39268,0.43497,22.54989,0.98783,1,0.65579,0.42646,24.57636,0.98139,1,-0.02734,0.01151,0.64196,0.00444,1,0.03569,0.01287,0.62383,0.00481,1,0,0.00000,26
0.97158,0.32076,95.14206,0.08051,212,0,0.96687,0.32997,1,0.96517,0.25263,1,0.96602,0.29130,1,0.39237,0.43489,22.39124,0.97437,1,0.65571,0.42636,24.81062,0.96793,1,-0.02734,0.01151,0.64196,0.00450,1,0.03569,0.01287,0.62383,0.00468,1,0,0.00000,26
0.96802,0.31525,95.24864,0.02113,213,1,0.93335,0.34224,1,0.98132,0.25518,1,0.95733,0.29871,1,0.39225,0.43498,22.60182,0.96091,1,0.65546,0.42641,24.74963,0.95448,1,-0.02734,0.01151,0.64196,0.00451,1,0.03569,0.01287,0.62383,0.00466,1,0,0.00000,26
0.96482,0.31415,95.24864,0.02720,213,1,0.92999,0.35316,1,0.97408,0.26637,1,0.95203,0.30976,1,0.39205,0.43504,22.51360,0.94745,1,0.65522,0.42640,24.80318,0.94102,1,-0.02745,0.01143,0.64013,0.00449,1,0.03531,0.01275,0.62045,0.00468,1,0,0.00000,26
0.96207,0.31941,95.24864,0.03419,213,1,0.93538,0.37551,1,0.96125,0.31582,1,0.94832,0.34567,1,0.39179,0.43497,22.33598,0.94102,1,0.65481,0.42638,24.65872,0.94102,1,-0.02745,0.01143,0.64013,0.00450,1,0.03531,0.01275,0.62045,0.00478,1,0,0.00000,26
0.96247,0.32348,95.24864,0.04025,213,1,0.95164,0.38221,1,0.97804,0.31371,1,0.96484,0.34796,1,0.39171,0.43494,22.35951,0.94102,1,0.65483,0.42634,24.64408,0.94102,1,-0.02745,0.01143,0.64013,0.00451,1,0.03531,0.01275,0.62045,0.00466,1,0,0.00000,26
0.96292,0.32614,95.24864,0.04773,213,1,0.95356,0.37668,1,0.97871,0.31274,1,0.96614,0.34471,1,0.39143,0.43501,22.41574,0.94804,1,0.65457,0.42639,24.71078,0.94225,1,-0.02825,0.01170,0.65528,0.00453,1,0.03382,0.01231,0.59667,0.00470,1,0,0.00000,26
0.96105,0.32843,95.24864,0.05453,213,1,0.92245,0.38101,1,0.96969,0.31245,1,0.94607,0.34673,1,0.39116,0.43507,22.49843,0.94928,1,0.65415,0.42631,24.64174,0.94349,1,-0.02825,0.01170,0.65528,0.00451,1,0.03382,0.01231,0.59667,0.00476,1,0,0.00000,26
0.95883,0.32984,95.24864,0.06120,213,1,0.93018,0.36939,1,0.94750,0.31569,1,0.93884,0.34254,1,0.39106,0.43503,22.26607,0.95052,1,0.65411,0.42626,24.50659,0.94473,1,-0.02825,0.01170,0.65528,0.00456,1,0.03382,0.01231,0.59667,0.00466,1,0,0.00000,26
0.95719,0.33070,95.24864,0.06789,213,1,0.93049,0.36841,1,0.95110,0.31020,1,0.94080,0.33931,1,0.39087,0.43512,22.52439,0.95175,1,0.65390,0.42623,24.51025,0.95175,1,-0.03014,0.01243,0.69654,0.00454,1,0.03530,0.01299,0.62525,0.00470,1,0,0.00000,26
0.95756,0.33018,95.24864,0.07452,213,1,0.93663,0.37688,1,0.98673,0.27209,1,0.96168,0.32449,1,0.39052,0.43521,22.46133,0.95175,1,0.65340,0.42617,24.70211,0.95754,1,-0.03014,0.01243,0.69654,0.00454,1,0.03530,0.01299,0.62525,0.00480,1,0,0.00000,26
0.95640,0.32993,95.24864,0.08155,213,1,0.92240,0.37790,1,0.96252,0.27597,1,0.94246,0.32694,1,0.39046,0.43514,22.36706,0.95754,1,0.65334,0.42616,24.54724,0.96333,1,-0.03014,0.01243,0.69654,0.00458,1,0.03530,0.01299,0.62525,0.00477,1,0,0.00000,26
0.95556,0.32939,95.24864,0.08792,213,1,0.92379,0.37342,1,0.96550,0.27132,1,0.94464,0.32237,1,0.39029,0.43525,22.44253,0.96333,1,0.65320,0.42614,24.64115,0.96912,1,-0.02886,0.01183,0.66250,0.00455,1,0.03552,0.01314,0.63244,0.00472,1,0,0.00000,26
0.95529,0.32868,95.24864,0.09459,213,1,0.94763,0.37545,1,0.95530,0.26199,1,0.95147,0.31872,1,0.38999,0.43530,22.37650,0.96912,1,0.65273,0.42603,24.50121,0.96912,1,-0.02886,0.01183,0.66250,0.00457,1,0.03552,0.01314,0.63244,0.00476,1,0,0.00000,26
0.95509,0.33016,95.24864,0.10130,213,1,0.92840,0.39007,1,0.97589,0.31455,1,0.95214,0.35231,1,0.38983,0.43530,22.35873,0.96912,1,0.65261,0.42606,24.46107,0.96912,1,-0.02886,0.01183,0.66250,0.00456,1,0.03552,0.01314,0.63244,0.00480,1,0,0.00000,26
0.95486,0.33163,95.24864,0.10797,213,1,0.92669,0.39535,1,0.97558,0.31500,1,0.95113,0.35518,1,0.38968,0.43530,22.17908,0.96209,1,0.65244,0.42606,24.82885,0.96853,1,-0.02794,0.01139,0.63805,0.00462,1,0.03611,0.01341,0.64559,0.00470,1,0,0.00000,26
0.95441,0.33310,95.24864,0.11479,213,1,0.93298,0.40320,1,0.96043,0.31303,1,0.94671,0.35811,1,0.38927,0.43527,22.76870,0.96150,1,0.65222,0.42593,24.49074,0.96793,1,-0.02794,0.01139,0.63805,0.00456,1,0.03611,0.01341,0.64559,0.00469,1,0,0.00000,26
0.95405,0.33470,95.24864,0.12141,213,1,0.94827,0.40471,1,0.94699,0.32247,1,0.94763,0.36359,1,0.38924,0.43529,22.73784,0.96091,1,0.65193,0.42594,24.39908,0.96734,1,-0.02794,0.01139,0.63805,0.00458,1,0.03611,0.01341,0.64559,0.00475,1,0,0.00000,26
0.95385,0.33591,95.24864,0.12807,213,1,0.94997,0.39991,1,0.95020,0.31760,1,0.95009,0.35876,1,0.38899,0.43531,22.45518,0.96734,1,0.65174,0.42591,24.60329,0.97377,1,-0.02964,0.01206,0.67578,0.00458,1,0.03607,0.01343,0.64655,0.00470,1,0,0.00000,26
0.95356,0.33566,95.24864,0.13479,213,1,0.92882,0.37515,1,0.96677,0.28640,1,0.94779,0.33078,1,0.38883,0.43544,22.54078,0.98080,1,0.65151,0.42595,24.65052,0.98080,1,-0.02964,0.01206,0.67578,0.00459,1,0.03607,0.01343,0.64655,0.00468,1,0,0.00000,26
0.95395,0.33527,95.24864,0.14114,213,1,0.94648,0.37989,1,0.97775,0.27435,1,0.96212,0.32712,1,0.38862,0.43541,22.86522,0.98783,1,0.65145,0.42596,24.70464,0.98783,1,-0.02964,0.01206,0.67578,0.00455,1,0.03607,0.01343,0.64655,0.00468,1,0,0.00000,26
0.95443,0.33468,95.24864,0.14760,213,1,0.94828,0.37461,1,0.98139,0.26883,1,0.96483,0.32172,1,0.38848,0.43541,22.70398,0.99485,1,0.65108,0.42589,24.66893,0.99485,1,-0.02934,0.01181,0.66439,0.00455,1,0.03558,0.01337,0.64120,0.00472,1,0,0.00000,26
0.95506,0.33479,95.24864,0.15477,213,1,0.94856,0.39399,1,0.99081,0.28062,1,0.96969,0.33731,1,0.38812,0.43548,22.88089,0.99485,1,0.65093,0.42582,24.74847,0.99485,1,-0.02934,0.01181,0.66439,0.00456,1,0.03558,0.01337,0.64120,0.00467,1,0,0.00000,26
0.95497,0.33461,95.24864,0.16082,213,1,0.93502,0.39434,1,0.97045,0.26602,1,0.95273,0.33018,1,0.38812,0.43548,22.88495,0.99485,1,0.65083,0.42584,24.61502,0.99485,1,-0.02934,0.01181,0.66439,0.00456,1,0.03558,0.01337,0.64120,0.00467,1,0,0.00000,26
0.95472,0.33474,95.24864,0.16800,213,1,0.93331,0.39945,1,0.96363,0.27663,1,0.94847,0.33804,1,0.38800,0.43557,22.56127,0.98783,1,0.65059,0.42576,24.65378,0.98139,1,-0.02884,0.01160,0.64978,0.00460,1,0.03451,0.01302,0.62457,0.00467,1,0,0.00000,26
0.95407,0.33494,95.24864,0.17446,213,1,0.92418,0.39639,1,0.95034,0.28380,1,0.93726,0.34009,1,0.38770,0.43551,22.76042,0.97437,1,0.65017,0.42570,24.28295,0.96793,1,-0.02884,0.01160,0.64978,0.00457,1,0.03451,0.01302,0.62457,0.00481,1,0,0.00000,26
0.95402,0.33567,95.24864,0.18090,213,1,0.94028,0.42438,1,0.96473,0.28618,1,0.95251,0.35528,1,0.38759,0.43559,22.65638,0.96091,1,0.65017,0.42573,24.28999,0.95447,1,-0.02884,0.01160,0.64978,0.00458,1,0.03451,0.01302,0.62457,0.00478,1,0,0.00000,26
0.95400,0.33632,95.24864,0.18806,213,1,0.93862,0.42903,1,0.96849,0.28042,1,0.95356,0.35472,1,0.38743,0.43557,23.00588,0.95447,1,0.65005,0.42577,24.71727,0.96166,1,-0.02950,0.01179,0.66353,0.00455,1,0.03637,0.01376,0.66002,0.00467,1,0,0.00000,26
0.95372,0.33686,95.24864,0.19426,213,1,0.91480,0.42556,1,0.97624,0.27948,1,0.94552,0.35252,1,0.38726,0.43569,22.62310,0.96869,1,0.64990,0.42574,24.53298,0.98231,1,-0.02950,0.01179,0.66353,0.00454,1,0.03637,0.01376,0.66002,0.00468,1,0,0.00000,26
0.95328,0.33603,95.24864,0.20150,213,1,0.91251,0.34615,1,0.96770,0.27592,1,0.94011,0.31104,1,0.38712,0.43568,22.73187,0.98934,1,0.64972,0.42567,24.32959,1.00296,1,-0.02950,0.01179,0.66353,0.00457,1,0.03637,0.01376,0.66002,0.00467,1,0,0.00000,26
0.95291,0.33508,95.24864,0.20811,213,1,0.91554,0.33551,1,0.96770,0.27592,1,0.94162,0.30572,1,0.38700,0.43567,22.65000,1.00296,1,0.64945,0.42579,24.46661,1.00296,1,-0.02886,0.01143,0.64575,0.00460,1,0.03452,0.01310,0.62808,0.00474,1,0,0.00000,26
0.95292,0.33502,95.24864,0.21435,213,1,0.92010,0.41492,1,0.98585,0.25140,1,0.95298,0.33316,1,0.38676,0.43573,22.98889,0.99594,1,0.64944,0.42567,24.73448,0.98231,1,-0.02886,0.01143,0.64575,0.00462,1,0.03452,0.01310,0.62808,0.00467,1,0,0.00000,26
0.95285,0.33371,95.24864,0.22128,213,1,0.93694,0.31180,1,0.96411,0.26883,1,0.95052,0.29032,1,0.38672,0.43585,22.80199,0.97529,1,0.64941,0.42565,24.59822,0.96166,1,-0.02886,0.01143,0.64575,0.00460,1,0.03452,0.01310,0.62808,0.00468,1,0,0.00000,26
0.95273,0.33263,95.24864,0.22778,213,1,0.93355,0.32315,1,0.96411,0.26883,1,0.94883,0.29599,1,0.38661,0.43584,22.79708,0.96166,1,0.64909,0.42561,24.56173,0.96166,1,-0.02989,0.01177,0.66781,0.00463,1,0.03634,0.01382,0.66302,0.00471,1,0,0.00000,26
0.95211,0.33176,95.24864,0.23447,213,1,0.91973,0.32599,1,0.94088,0.27624,1,0.93030,0.30112,1,0.38659,0.43569,22.26983,0.96869,1,0.64900,0.42564,24.49457,0.98231,1,-0.02989,0.01177,0.66781,0.00462,1,0.03634,0.01382,0.66302,0.00469,1,0,0.00000,26
0.95190,0.33099,95.24864,0.24158,213,1,0.92265,0.35986,1,0.96651,0.24666,1,0.94458,0.30326,1,0.38639,0.43576,22.90182,0.98934,1,0.64896,0.42561,24.51703,1.00296,1,-0.02989,0.01177,0.66781,0.00459,1,0.03634,0.01382,0.66302,0.00470,1,0,0.00000,26
0.95175,0.33012,95.24864,0.24928,213,1,0.92581,0.34940,1,0.96651,0.24666,1,0.94616,0.29803,1,0.38624,0.43579,22.87943,1.00296,1,0.64868,0.42555,24.37942,1.00296,1,-0.02849,0.01121,0.63338,0.00459,1,0.03399,0.01297,0.62189,0.00478,1,0,0.00000,26
0.95161,0.32863,95.24864,0.25501,213,1,0.93569,0.30528,1,0.95699,0.23913,1,0.94634,0.27220,1,0.38610,0.43583,22.88424,0.99594,1,0.64867,0.42561,24.62591,0.98231,1,-0.02849,0.01121,0.63338,0.00459,1,0.03399,0.01297,0.62189,0.00470,1,0,0.00000,26
0.95106,0.32764,95.24864,0.26192,213,1,0.91902,0.31835,1,0.93979,0.25966,1,0.92940,0.28901,1,0.38604,0.43583,23.04673,0.97529,1,0.64863,0.42548,25.03254,0.96166,1,-0.02849,0.01121,0.63338,0.00461,1,0.03399,0.01297,0.62189,0.00473,1,0,0.00000,26
0.95039,0.32705,95.24864,0.26845,213,1,0.91424,0.33532,1,0.93277,0.27138,1,0.92350,0.30335,1,0.38592,0.43586,22.93206,0.95464,1,0.64856,0.42540,24.90039,0.94745,1,-0.02849,0.01121,0.63338,0.00458,1,0.03465,0.01323,0.63476,0.00471,1,0,0.00000,26
0.95003,0.32769,95.24864,0.27499,213,1,0.90873,0.38304,1,0.96241,0.32472,1,0.93557,0.35388,1,0.38591,0.43587,22.87337,0.94745,1,0.64859,0.42543,24.95675,0.95388,1,-0.02849,0.01121,0.63338,0.00459,1,0.03465,0.01323,0.63476,0.00477,1,0,0.00000,26
0.94949,0.32795,95.24864,0.28178,213,1,0.90253,0.37288,1,0.95091,0.30472,1,0.92672,0.33880,1,0.38590,0.43586,22.87823,0.95388,1,0.64850,0.42534,25.02544,0.96031,1,-0.02849,0.01121,0.63338,0.00459,1,0.03465,0.01323,0.63476,0.00473,1,0,0.00000,26
0.94909,0.32796,95.24864,0.28809,213,1,0.90550,0.36240,1,0.95773,0.29423,1,0.93162,0.32832,1,0.38587,0.43586,22.91401,0.96734,1,0.64836,0.42525,24.69760,0.97377,1,-0.02963,0.01164,0.65758,0.00461,1,0.03465,0.01323,0.63476,0.00476,1,0,0.00000,26
0.94889,0.32833,95.24864,0.29521,213,1,0.91032,0.40547,1,0.97013,0.28398,1,0.94023,0.34473,1,0.38588,0.43572,23.12358,0.98080,1,0.64843,0.42531,24.86410,0.98080,1,-0.02963,0.01164,0.65758,0.00459,1,0.03465,0.01323,0.63476,0.00474,1,0,0.00000,26
0.94867,0.32845,95.24864,0.30209,213,1,0.90469,0.38374,1,0.97332,0.28377,1,0.93900,0.33375,1,0.38590,0.43567,23.02744,0.98783,1,0.64841,0.42530,24.91658,0.98783,1,-0.02963,0.01164,0.65758,0.00459,1,0.03465,0.01323,0.63476,0.00472,1,0,0.00000,26
0.94847,0.32856,95.24864,0.30886,213,1,0.90469,0.38374,1,0.97332,0.28377,1,0.93900,0.33375,1,0.38588,0.43555,22.95888,0.98783,1,0.64843,0.42525,24.96888,0.98783,1,-0.02883,0.01139,0.64087,0.00459,1,0.03488,0.01342,0.63903,0.00474,1,0,0.00000,26
0.94823,0.32861,95.24864,0.31487,213,1,0.90785,0.39361,1,0.96630,0.26875,1,0.93707,0.33118,1,0.38588,0.43551,22.86417,0.98080,1,0.64843,0.42527,24.85532,0.98080,1,-0.02883,0.01139,0.64087,0.00461,1,0.03488,0.01342,0.63903,0.00474,1,0,0.00000,26
0.94728,0.32855,95.24864,0.32178,213,1,0.90239,0.37917,1,0.96641,0.27442,1,0.93440,0.32680,1,0.38586,0.43549,22.87415,0.97377,1,0.64844,0.42522,24.86910,0.97377,1,-0.02883,0.01139,0.64087,0.00459,1,0.03488,0.01342,0.63903,0.00473,1,0,0.00000,26
0.94651,0.32837,95.24864,0.32861,213,1,0.90087,0.38448,1,0.96280,0.28002,1,0.93183,0.33225,1,0.38585,0.43547,22.88705,0.96675,1,0.64846,0.42523,24.78999,0.96675,1,-0.02849,0.01131,0.63338,0.00458,1,0.03488,0.01342,0.63903,0.00473,1,0,0.00000,26
0.94603,0.32980,95.24864,0.33519,213,1,0.90946,0.37352,1,0.97620,0.34708,1,0.94283,0.36030,1,0.38619,0.43524,22.69729,0.96675,1,0.64891,0.42527,25.38407,0.96675,1,-0.02849,0.01131,0.63338,0.00459,1,0.03488,0.01342,0.63903,0.00481,1,0,0.00000,26
0.94656,0.33131,95.24864,0.34215,213,1,0.96531,0.38055,1,1.00007,0.36109,1,0.98269,0.37082,1,0.38657,0.43539,22.73812,0.96675,1,0.64924,0.42525,25.40910,0.96675,1,-0.02849,0.01131,0.63338,0.00457,1,0.03488,0.01342,0.63903,0.00499,1,0,0.00000,26
0.94720,0.33258,95.24864,0.34861,213,1,0.96531,0.38055,1,1.00007,0.36109,1,0.98269,0.37082,1,0.38713,0.43529,22.67695,0.96675,1,0.64989,0.42536,25.93159,0.96675,1,-0.02886,0.01153,0.64575,0.00458,1,0.03443,0.01322,0.62741,0.00486,1,0,0.00000,26
0.94825,0.33301,95.24864,0.35547,213,1,0.97789,0.38448,1,1.02017,0.34884,1,0.99903,0.36666,1,0.38768,0.43529,22.96019,0.96675,1,0.65015,0.42531,26.09943,0.96675,1,-0.02886,0.01153,0.64575,0.00456,1,0.03443,0.01322,0.62741,0.00501,1,0,0.00000,26
0.94874,0.33322,95.24864,0.36174,213,1,0.96740,0.37977,1,1.00929,0.33556,1,0.98834,0.35766,1,0.38766,0.43525,23.00796,0.96675,1,0.65000,0.42526,25.83050,0.96675,1,-0.02886,0.01153,0.64575,0.00457,1,0.03443,0.01322,0.62741,0.00503,1,0,0.00000,26
0.94917,0.33354,95.24864,0.36888,213,1,0.96740,0.37977,1,1.00567,0.34032,1,0.98654,0.36004,1,0.38772,0.43528,22.90594,0.96675,1,0.64995,0.42518,26.07378,0.96031,1,-0.02886,0.01153,0.64575,0.00454,1,0.03400,0.01304,0.61872,0.00499,1,0,0.00000,26
0.94983,0.33374,95.24864,0.37534,213,1,0.96072,0.36449,1,0.99553,0.34849,1,0.97812,0.35649,1,0.38765,0.43526,22.97039,0.96031,1,0.64992,0.42520,25.99113,0.95388,1,-0.02886,0.01153,0.64575,0.00457,1,0.03400,0.01304,0.61872,0.00498,1,0,0.00000,26
0.95064,0.33403,95.24864,0.38231,213,1,0.95647,0.36371,1,0.99839,0.34923,1,0.97743,0.35647,1,0.38765,0.43528,22.94847,0.95388,1,0.64995,0.42518,26.07378,0.94745,1,-0.02886,0.01153,0.64575,0.00455,1,0.03400,0.01304,0.61872,0.00499,1,0,0.00000,26
0.96798,0.35424,95.24864,0.38231,213,0,0.95470,0.36885,1,0.99477,0.35401,1,0.97473,0.36143,1,0.38766,0.43527,22.92482,0.94745,1,0.64995,0.42518,26.07378,0.94102,1,-0.02886,0.01153,0.64575,0.00454,1,0.03400,0.01304,0.61872,0.00499,1,0,0.00000,26
0.97019,0.35953,95.24864,0.38231,213,0,0.95311,0.38206,1,0.99171,0.34755,1,0.97241,0.36481,1,0.38769,0.43525,22.86388,0.94102,1,0.65002,0.42517,25.80911,0.94102,1,-0.02886,0.01153,0.64575,0.00455,1,0.03400,0.01304,0.61872,0.00498,1,0,0.00000,26
0.97395,0.35870,95.24864,0.38231,213,0,0.95768,0.36878,1,1.00525,0.34532,1,0.98146,0.35705,1,0.38768,0.43517,22.85686,0.94102,1,0.65002,0.42517,25.80911,0.94102,1,-0.02886,0.01153,0.64575,0.00458,1,0.03400,0.01304,0.61872,0.00498,1,0,0.00000,26
0.97658,0.35692,95.63795,0.01988,214,1,0.95964,0.36313,1,1.00928,0.34005,1,0.98446,0.35159,1,0.38774,0.43520,22.67277,0.94804,1,0.65020,0.42518,25.97422,0.94804,1,-0.02925,0.01170,0.65555,0.00456,1,0.03400,0.01304,0.61872,0.00489,1,0,0.00000,26
0.97938,0.35554,95.63795,0.02645,214,1,0.96335,0.36224,1,1.01787,0.33777,1,0.99061,0.35000,1,0.38772,0.43520,22.93313,0.95507,1,0.65036,0.42509,25.87157,0.95507,1,-0.02925,0.01170,0.65555,0.00455,1,0.03400,0.01304,0.61872,0.00487,1,0,0.00000,26
0.98206,0.35134,95.63795,0.03325,214,1,0.96703,0.34164,1,1.02385,0.31910,1,0.99544,0.33037,1,0.38773,0.43509,22.71580,0.96209,1,0.65036,0.42506,25.76894,0.96209,1,-0.02925,0.01170,0.65555,0.00452,1,0.03400,0.01304,0.61872,0.00489,1,0,0.00000,26
0.98467,0.34721,95.63795,0.03970,214,1,0.96901,0.33588,1,1.03163,0.30890,1,1.00032,0.32239,1,0.38778,0.43504,22.65165,0.96912,1,0.65038,0.42507,25.69518,0.97555,1,-0.02925,0.01170,0.65555,0.00452,1,0.03531,0.01352,0.64160,0.00489,1,0,0.00000,26
0.98546,0.34404,95.63795,0.04680,214,1,0.97680,0.32911,1,1.00527,0.31462,1,0.99103,0.32187,1,0.38791,0.43512,22.28775,0.97555,1,0.65046,0.42508,25.81763,0.98199,1,-0.02925,0.01170,0.65555,0.00456,1,0.03531,0.01352,0.64160,0.00487,1,0,0.00000,26
0.98721,0.34124,95.63795,0.05366,214,1,0.98420,0.32761,1,1.01819,0.31006,1,1.00119,0.31884,1,0.38791,0.43509,22.39512,0.98199,1,0.65050,0.42515,25.83535,0.98842,1,-0.02925,0.01170,0.65555,0.00455,1,0.03531,0.01352,0.64160,0.00488,1,0,0.00000,26
0.98888,0.33849,95.63795,0.05950,214,1,0.98608,0.32233,1,1.02177,0.30526,1,1.00392,0.31379,1,0.38791,0.43518,22.56534,0.98842,1,0.65056,0.42505,25.68167,0.99485,1,-0.02950,0.01189,0.66353,0.00453,1,0.03571,0.01364,0.64711,0.00486,1,0,0.00000,26
0.99135,0.33629,95.63795,0.06648,214,1,0.99867,0.32124,1,1.03337,0.30725,1,1.01602,0.31425,1,0.38799,0.43513,22.31096,0.99485,1,0.65049,0.42509,25.54813,0.99485,1,-0.02950,0.01189,0.66353,0.00451,1,0.03571,0.01364,0.64711,0.00491,1,0,0.00000,26
0.99190,0.33410,95.63795,0.07288,214,1,0.97771,0.32052,1,1.01831,0.29947,1,0.99801,0.31000,1,0.38800,0.43507,22.43824,0.99485,1,0.65053,0.42507,25.61460,0.99485,1,-0.02950,0.01189,0.66353,0.00448,1,0.03571,0.01364,0.64711,0.00489,1,0,0.00000,26
0.99224,0.33243,95.63795,0.08047,214,1,0.97771,0.32052,1,1.01475,0.30431,1,0.99623,0.31242,1,0.38810,0.43503,22.70750,0.99485,1,0.65065,0.42507,25.57544,0.98842,1,-0.02922,0.01183,0.65720,0.00450,1,0.03542,0.01351,0.64101,0.00494,1,0,0.00000,26
0.99284,0.33048,95.63795,0.08709,214,1,0.98123,0.31199,1,1.02007,0.29829,1,1.00065,0.30514,1,0.38815,0.43510,22.92971,0.98842,1,0.65082,0.42503,25.69833,0.98199,1,-0.02922,0.01183,0.65720,0.00452,1,0.03542,0.01351,0.64101,0.00487,1,0,0.00000,26
0.99237,0.32872,95.63795,0.09372,214,1,0.95294,0.30833,1,1.01869,0.29986,1,0.98582,0.30410,1,0.38818,0.43508,22.90363,0.98199,1,0.65097,0.42495,25.41107,0.97555,1,-0.02922,0.01183,0.65720,0.00452,1,0.03542,0.01351,0.64101,0.00490,1,0,0.00000,26
0.99156,0.32802,95.63795,0.10012,214,1,0.94775,0.32480,1,1.01117,0.31008,1,0.97946,0.31744,1,0.38840,0.43492,22.43193,0.96224,1,0.65107,0.42499,25.44309,0.96224,1,-0.02777,0.01123,0.62666,0.00453,1,0.03549,0.01352,0.64139,0.00486,1,0,0.00000,26
0.99044,0.33126,95.63795,0.10683,214,1,0.96400,0.44527,1,0.98109,0.32098,1,0.97254,0.38312,1,0.38849,0.43485,22.32184,0.94893,1,0.65125,0.42500,25.55129,0.95536,1,-0.02777,0.01123,0.62666,0.00452,1,0.03549,0.01352,0.64139,0.00484,1,0,0.00000,26
0.99001,0.33466,95.63795,0.11368,214,1,0.97456,0.45300,1,0.99066,0.33198,1,0.98261,0.39249,1,0.38860,0.43492,22.22627,0.94205,1,0.65129,0.42498,25.62487,0.94848,1,-0.02777,0.01123,0.62666,0.00456,1,0.03549,0.01352,0.64139,0.00485,1,0,0.00000,26
0.98976,0.33746,95.63795,0.12058,214,1,0.97648,0.44842,1,0.99423,0.32710,1,0.98535,0.38776,1,0.38867,0.43489,22.38064,0.94848,1,0.65122,0.42494,25.57228,0.95491,1,-0.03009,0.01232,0.68139,0.00455,1,0.03644,0.01384,0.65672,0.00492,1,0,0.00000,26
0.98952,0.33856,95.63795,0.12687,214,1,0.96375,0.42188,1,1.00613,0.29726,1,0.98494,0.35957,1,0.38870,0.43476,22.66262,0.96823,1,0.65144,0.42494,25.57063,0.96823,1,-0.03009,0.01232,0.68139,0.00452,1,0.03644,0.01384,0.65672,0.00487,1,0,0.00000,26
0.98993,0.33854,95.63795,0.13370,214,1,0.97760,0.39020,1,1.01865,0.28619,1,0.99813,0.33819,1,0.38878,0.43476,22.77144,0.98154,1,0.65153,0.42495,25.64696,0.98154,1,-0.03009,0.01232,0.68139,0.00451,1,0.03644,0.01384,0.65672,0.00489,1,0,0.00000,26
0.99043,0.33831,95.63795,0.14030,214,1,0.97941,0.38547,1,1.02217,0.28131,1,1.00079,0.33339,1,0.38899,0.43468,22.31878,0.98783,1,0.65178,0.42493,25.42394,0.98783,1,-0.02838,0.01159,0.64370,0.00453,1,0.03619,0.01371,0.65048,0.00486,1,0,0.00000,26
0.99030,0.33897,95.63795,0.14973,214,1,0.96945,0.40827,1,1.00567,0.29855,1,0.98756,0.35341,1,0.38920,0.43468,22.23487,0.98080,1,0.65200,0.42497,25.52081,0.98080,1,-0.02838,0.01159,0.64370,0.00448,1,0.03619,0.01371,0.65048,0.00482,1,0,0.00000,26
0.99015,0.33979,95.63795,0.15408,214,1,0.98448,0.41213,1,0.98863,0.30538,1,0.98656,0.35875,1,0.38927,0.43461,22.45510,0.97377,1,0.65211,0.42496,25.56792,0.97377,1,-0.02838,0.01159,0.64370,0.00448,1,0.03619,0.01371,0.65048,0.00484,1,0,0.00000,26
0.98993,0.34065,95.63795,0.16068,214,1,0.98448,0.41213,1,0.98517,0.31030,1,0.98483,0.36122,1,0.38935,0.43462,22.76740,0.97377,1,0.65210,0.42501,25.54938,0.96734,1,-0.02964,0.01221,0.67578,0.00445,1,0.03519,0.01328,0.62998,0.00487,1,0,0.00000,26
0.98986,0.34093,95.63795,0.16710,214,1,0.96962,0.38086,1,1.00658,0.31515,1,0.98810,0.34801,1,0.38964,0.43460,22.50980,0.97437,1,0.65243,0.42506,25.46783,0.96793,1,-0.02964,0.01221,0.67578,0.00447,1,0.03519,0.01328,0.62998,0.00487,1,0,0.00000,26
0.98888,0.34119,95.63795,0.17383,214,1,0.94483,0.38519,1,0.98186,0.31087,1,0.96334,0.34803,1,0.38974,0.43454,22.17832,0.97496,1,0.65250,0.42499,25.43156,0.96853,1,-0.02964,0.01221,0.67578,0.00448,1,0.03519,0.01328,0.62998,0.00485,1,0,0.00000,26
0.98788,0.34161,95.63795,0.18008,214,1,0.94317,0.39004,1,0.97843,0.31579,1,0.96080,0.35292,1,0.38980,0.43448,22.67944,0.96853,1,0.65268,0.42501,25.47883,0.96209,1,-0.02794,0.01158,0.63805,0.00446,1,0.03470,0.01306,0.61956,0.00481,1,0,0.00000,26
0.98709,0.34230,95.63795,0.18717,214,1,0.96440,0.39466,1,0.96557,0.32829,1,0.96498,0.36147,1,0.38991,0.43446,22.44679,0.95507,1,0.65279,0.42502,25.69128,0.95507,1,-0.02794,0.01158,0.63805,0.00449,1,0.03470,0.01306,0.61956,0.00483,1,0,0.00000,26
0.98647,0.34336,95.63795,0.19456,214,1,0.96147,0.40102,1,0.97571,0.34721,1,0.96859,0.37411,1,0.38998,0.43452,22.46531,0.94804,1,0.65280,0.42508,25.36745,0.94804,1,-0.02794,0.01158,0.63805,0.00451,1,0.03470,0.01306,0.61956,0.00490,1,0,0.00000,26
0.98580,0.34452,95.63795,0.20045,214,1,0.95948,0.40637,1,0.97192,0.35245,1,0.96570,0.37941,1,0.39011,0.43447,22.67604,0.94102,1,0.65293,0.42509,25.52944,0.94102,1,-0.02796,0.01167,0.64293,0.00447,1,0.03552,0.01333,0.63244,0.00490,1,0,0.00000,26
0.98530,0.34574,95.63795,0.20732,214,1,0.95100,0.40628,1,0.98852,0.36066,1,0.96976,0.38347,1,0.39037,0.43451,22.44410,0.94102,1,0.65317,0.42522,25.64289,0.94102,1,-0.02796,0.01167,0.64293,0.00448,1,0.03552,0.01333,0.63244,0.00482,1,0,0.00000,26
0.98434,0.34666,95.63795,0.21358,214,1,0.93646,0.40212,1,0.97080,0.35038,1,0.95363,0.37625,1,0.39042,0.43445,22.61031,0.94102,1,0.65332,0.42518,25.38929,0.94102,1,-0.02796,0.01167,0.64293,0.00446,1,0.03552,0.01333,0.63244,0.00483,1,0,0.00000,26
0.98349,0.34746,95.63795,0.22071,214,1,0.93646,0.40212,1,0.97427,0.34557,1,0.95536,0.37384,1,0.39060,0.43436,22.55816,0.94102,1,0.65343,0.42522,25.45523,0.94745,1,-0.02796,0.01167,0.64293,0.00443,1,0.03586,0.01340,0.63604,0.00483,1,0,0.00000,26
0.98287,0.34851,95.63795,0.22720,214,1,0.95898,0.40016,1,0.96444,0.36785,1,0.96171,0.38400,1,0.39065,0.43434,22.48572,0.94745,1,0.65363,0.42539,25.59506,0.95388,1,-0.02796,0.01167,0.64293,0.00444,1,0.03586,0.01340,0.63604,0.00479,1,0,0.00000,26
0.98262,0.34833,95.63795,0.23389,214,1,0.96428,0.38908,1,0.98402,0.29521,1,0.97415,0.34215,1,0.39074,0.43438,22.32654,0.95388,1,0.65359,0.42534,25.21759,0.96031,1,-0.02796,0.01167,0.64293,0.00450,1,0.03586,0.01340,0.63604,0.00492,1,0,0.00000,26
0.98242,0.34810,95.63795,0.24090,214,1,0.96610,0.38412,1,0.98402,0.29521,1,0.97506,0.33967,1,0.39090,0.43448,22.69933,0.96031,1,0.65370,0.42538,25.47096,0.96031,1,-0.02763,0.01161,0.63981,0.00448,1,0.03270,0.01216,0.57928,0.00491,1,0,0.00000,26
0.98194,0.34731,95.63795,0.24741,214,1,0.93025,0.37808,1,0.99808,0.25854,1,0.96417,0.31831,1,0.39117,0.43432,22.09591,0.96031,1,0.65398,0.42540,25.48581,0.95388,1,-0.02763,0.01161,0.63981,0.00444,1,0.03270,0.01216,0.57928,0.00484,1,0,0.00000,26
0.98130,0.34702,95.63795,0.25404,214,1,0.94483,0.39198,1,0.96945,0.28025,1,0.95714,0.33612,1,0.39123,0.43437,22.29396,0.95388,1,0.65400,0.42548,25.46343,0.94745,1,-0.02763,0.01161,0.63981,0.00449,1,0.03270,0.01216,0.57928,0.00481,1,0,0.00000,26
0.98068,0.34681,95.63795,0.26049,214,1,0.94314,0.39690,1,0.96945,0.28025,1,0.95629,0.33858,1,0.39137,0.43443,22.49057,0.94745,1,0.65427,0.42562,25.31881,0.94745,1,-0.02763,0.01161,0.63981,0.00445,1,0.03667,0.01354,0.64689,0.00485,1,0,0.00000,26
0.98015,0.34668,95.63795,0.26789,214,1,0.95470,0.40254,1,0.96302,0.27986,1,0.95886,0.34120,1,0.39141,0.43436,22.44663,0.94745,1,0.65438,0.42561,25.42604,0.95388,1,-0.02763,0.01161,0.63981,0.00445,1,0.03667,0.01354,0.64689,0.00484,1,0,0.00000,26
0.97978,0.34661,95.63795,0.27421,214,1,0.96294,0.39996,1,0.96640,0.28763,1,0.96467,0.34379,1,0.39147,0.43446,22.45485,0.95388,1,0.65444,0.42557,25.39240,0.96031,1,-0.02763,0.01161,0.63981,0.00449,1,0.03667,0.01354,0.64689,0.00480,1,0,0.00000,26
0.97951,0.34636,95.63795,0.28104,214,1,0.96673,0.38973,1,0.97006,0.28204,1,0.96840,0.33589,1,0.39159,0.43452,22.40174,0.96734,1,0.65433,0.42560,25.36878,0.96734,1,-0.02845,0.01202,0.66219,0.00449,1,0.03532,0.01298,0.62234,0.00487,1,0,0.00000,26
0.97962,0.34619,95.63795,0.28757,214,1,0.98030,0.38533,1,0.98825,0.29278,1,0.98428,0.33905,1,0.39166,0.43445,22.65525,0.97437,1,0.65447,0.42581,25.23442,0.96793,1,-0.02845,0.01202,0.66219,0.00446,1,0.03532,0.01298,0.62234,0.00485,1,0,0.00000,26
0.97943,0.34598,95.63795,0.29791,214,1,0.95436,0.38445,1,0.98804,0.28876,1,0.97120,0.33660,1,0.39184,0.43450,22.26366,0.97496,1,0.65461,0.42575,25.25250,0.96853,1,-0.02845,0.01202,0.66219,0.00447,1,0.03532,0.01298,0.62234,0.00483,1,0,0.00000,26
0.97924,0.34583,95.63795,0.30670,214,1,0.95264,0.38932,1,0.98804,0.28876,1,0.97034,0.33904,1,0.39186,0.43452,22.25981,0.96853,1,0.65469,0.42580,25.19450,0.96853,1,-0.02745,0.01162,0.64013,0.00446,1,0.03655,0.01336,0.64304,0.00481,1,0,0.00000,26
0.97863,0.34589,95.63795,0.31350,214,1,0.92507,0.40721,1,0.97668,0.29057,1,0.95088,0.34889,1,0.39197,0.43453,22.34399,0.96150,1,0.65481,0.42583,25.31295,0.96793,1,-0.02745,0.01162,0.64013,0.00449,1,0.03655,0.01336,0.64304,0.00478,1,0,0.00000,26
0.97821,0.34610,95.63795,0.32066,214,1,0.93330,0.40645,1,0.98385,0.30560,1,0.95858,0.35603,1,0.39200,0.43455,22.38050,0.96091,1,0.65476,0.42588,25.15452,0.96734,1,-0.02745,0.01162,0.64013,0.00450,1,0.03655,0.01336,0.64304,0.00484,1,0,0.00000,26
0.97801,0.34615,95.63795,0.32388,214,1,0.93316,0.40689,1,0.98353,0.30606,1,0.95834,0.35648,1,0.39209,0.43464,22.28494,0.96031,1,0.65482,0.42588,25.21338,0.96675,1,-0.02745,0.01157,0.64013,0.00452,1,0.03655,0.01336,0.64304,0.00482,1,0,0.00000,26
0.97774,0.34612,95.63795,0.32745,214,1,0.93850,0.41282,1,0.97958,0.31356,1,0.95904,0.36319,1,0.39205,0.43461,22.31351,0.96675,1,0.65488,0.42598,25.20348,0.96675,1,-0.02745,0.01157,0.64013,0.00449,1,0.03655,0.01336,0.64304,0.00478,1,0,0.00000,26
0.97729,0.34636,95.63795,0.33484,214,1,0.94533,0.41820,1,0.97496,0.31948,1,0.96014,0.36884,1,0.39207,0.43466,22.36019,0.96675,1,0.65489,0.42598,25.22346,0.96675,1,-0.02745,0.01157,0.64013,0.00446,1,0.03655,0.01336,0.64304,0.00477,1,0,0.00000,26
0.97684,0.34661,95.63795,0.34116,214,1,0.94716,0.41310,1,0.97866,0.31415,1,0.96291,0.36363,1,0.39209,0.43468,22.33749,0.97377,1,0.65489,0.42602,25.27782,0.97377,1,-0.02785,0.01176,0.65053,0.00448,1,0.03655,0.01336,0.64304,0.00478,1,0,0.00000,26
0.97621,0.34652,95.63795,0.34806,214,1,0.94439,0.43433,1,0.97641,0.25698,1,0.96040,0.34565,1,0.39211,0.43474,22.36242,0.98080,1,0.65490,0.42604,25.26560,0.98080,1,-0.02785,0.01176,0.65053,0.00447,1,0.03655,0.01336,0.64304,0.00479,1,0,0.00000,26
0.97564,0.34657,95.63795,0.35452,214,1,0.95098,0.40902,1,0.98448,0.25652,1,0.96773,0.33277,1,0.39210,0.43476,22.38937,0.98783,1,0.65490,0.42606,25.10951,0.98783,1,-0.02785,0.01176,0.65053,0.00447,1,0.03655,0.01336,0.64304,0.00476,1,0,0.00000,26
0.97492,0.34684,95.63795,0.36095,214,1,0.95098,0.40902,1,0.98111,0.26167,1,0.96605,0.33535,1,0.39214,0.43472,22.24858,0.98783,1,0.65489,0.42602,25.15739,0.98139,1,-0.02751,0.01159,0.64379,0.00448,1,0.03522,0.01286,0.61882,0.00475,1,0,0.00000,26
0.97418,0.34683,95.63795,0.36792,214,1,0.94616,0.36436,1,0.96445,0.27800,1,0.95530,0.32118,1,0.39218,0.43487,22.36602,0.97437,1,0.65482,0.42607,25.03314,0.96793,1,-0.02751,0.01159,0.64379,0.00449,1,0.03522,0.01286,0.61882,0.00478,1,0,0.00000,26
0.97330,0.34741,95.63795,0.37476,214,1,0.94425,0.39792,1,0.97346,0.29532,1,0.95885,0.34662,1,0.39218,0.43487,22.38016,0.96091,1,0.65487,0.42618,24.94862,0.95447,1,-0.02751,0.01159,0.64379,0.00449,1,0.03522,0.01286,0.61882,0.00479,1,0,0.00000,26
0.97232,0.34820,95.63795,0.38251,214,1,0.94073,0.40804,1,0.97354,0.29519,1,0.95714,0.35161,1,0.39218,0.43492,22.29363,0.94745,1,0.65476,0.42616,24.80375,0.95464,1,-0.02751,0.01149,0.64379,0.00447,1,0.03775,0.01378,0.66329,0.00477,1,0,0.00000,26
0.97100,0.34888,95.63795,0.38801,214,1,0.93348,0.40884,1,0.97218,0.28554,1,0.95283,0.34719,1,0.39214,0.43502,22.36396,0.95464,1,0.65473,0.42621,24.74991,0.96826,1,-0.02751,0.01149,0.64379,0.00445,1,0.03775,0.01378,0.66329,0.00477,1,0,0.00000,26
0.97025,0.34887,95.63795,0.39500,214,1,0.93746,0.33747,1,0.98599,0.28141,1,0.96172,0.30944,1,0.39214,0.43509,22.27720,0.96826,1,0.65477,0.42631,24.93946,0.98188,1,-0.02751,0.01149,0.64379,0.00450,1,0.03775,0.01378,0.66329,0.00477,1,0,0.00000,26
0.96966,0.34852,95.63795,0.40110,214,1,0.94264,0.32068,1,0.99310,0.27089,1,0.96787,0.29579,1,0.39221,0.43502,22.12714,0.98891,1,0.65494,0.42638,24.99454,0.99534,1,-0.02827,0.01183,0.66252,0.00451,1,0.03597,0.01302,0.63130,0.00476,1,0,0.00000,26
0.96985,0.34816,95.63795,0.40780,214,1,0.98010,0.32778,1,1.03962,0.24738,1,1.00986,0.28758,1,0.39269,0.43512,22.42233,1.00237,1,0.65535,0.42655,25.44251,0.99518,1,-0.02827,0.01183,0.66252,0.00446,1,0.03597,0.01302,0.63130,0.00503,1,0,0.00000,26
0.97081,0.34799,95.63795,0.41535,214,1,1.00710,0.33693,1,1.05719,0.25556,1,1.03214,0.29625,1,0.39307,0.43524,22.50970,1.00220,1,0.65591,0.42651,25.60498,0.99502,1,-0.02827,0.01183,0.66252,0.00446,1,0.03597,0.01302,0.63130,0.00487,1,0,0.00000,26
0.97641,0.32283,95.63795,0.41535,214,0,1.00488,0.34267,1,1.04917,0.26634,1,1.02702,0.30450,1,0.39378,0.43522,22.27581,0.99502,1,0.65648,0.42659,25.30318,0.98139,1,-0.02701,0.01140,0.63864,0.00446,1,0.03577,0.01285,0.62520,0.00494,1,0,0.00000,26
1.02131,0.33499,95.63795,0.41535,214,0,1.04256,0.36883,1,1.08986,0.32547,1,1.06621,0.34715,1,0.39438,0.43526,22.29180,0.97437,1,0.65701,0.42657,25.34277,0.96793,1,-0.02701,0.01140,0.63864,0.00441,1,0.03577,0.01285,0.62520,0.00486,1,0,0.00000,26
1.03601,0.34282,95.63795,0.41535,214,0,1.05135,0.37531,1,1.07948,0.34165,1,1.06541,0.35848,1,0.39439,0.43533,22.21744,0.96091,1,0.65679,0.42671,25.23445,0.95447,1,-0.02701,0.01140,0.63864,0.00444,1,0.03577,0.01285,0.62520,0.00494,1,0,0.00000,26
1.04218,0.34872,96.06008,0.02010,215,1,1.04641,0.38603,1,1.07498,0.34684,1,1.06069,0.36644,1,0.39445,0.43535,22.28467,0.94745,1,0.65679,0.42675,25.22491,0.94745,1,-0.02701,0.01140,0.63864,0.00444,1,0.03577,0.01285,0.62520,0.00490,1,0,0.00000,26
1.04332,0.34878,96.06008,0.02670,215,1,1.02832,0.40304,1,1.06743,0.29498,1,1.04788,0.34901,1,0.39439,0.43539,22.12279,0.94745,1,0.65662,0.42677,25.82049,0.95388,1,-0.02701,0.01140,0.63864,0.00443,1,0.03577,0.01285,0.62520,0.00492,1,0,0.00000,26
1.04393,0.34798,96.06008,0.03367,215,1,1.02545,0.39807,1,1.06845,0.28991,1,1.04695,0.34399,1,0.39433,0.43546,22.36786,0.95388,1,0.65658,0.42681,25.72267,0.96031,1,-0.02701,0.01140,0.63864,0.00443,1,0.03577,0.01285,0.62520,0.00489,1,0,0.00000,26
1.04452,0.34706,96.06008,0.04022,215,1,1.02767,0.39309,1,1.06845,0.28991,1,1.04806,0.34150,1,0.39433,0.43550,22.29431,0.96031,1,0.65654,0.42682,25.66516,0.96031,1,-0.02701,0.01140,0.63864,0.00444,1,0.03577,0.01285,0.62520,0.00487,1,0,0.00000,26
1.04352,0.34793,96.06008,0.04676,215,1,1.02459,0.39394,1,1.04851,0.31423,1,1.03655,0.35408,1,0.39425,0.43548,22.14336,0.96031,1,0.65663,0.42691,25.57691,0.95388,1,-0.02701,0.01140,0.63864,0.00442,1,0.03577,0.01285,0.62520,0.00482,1,0,0.00000,26
1.04112,0.34948,96.06008,0.05347,215,1,1.00566,0.41919,1,1.03821,0.30450,1,1.02194,0.36185,1,0.39418,0.43547,22.25149,0.95388,1,0.65664,0.42687,25.49964,0.94745,1,-0.02701,0.01140,0.63864,0.00442,1,0.03577,0.01285,0.62520,0.00481,1,0,0.00000,26
1.03923,0.35067,96.06008,0.06018,215,1,1.00585,0.41875,1,1.03857,0.30404,1,1.02221,0.36139,1,0.39411,0.43549,22.30283,0.95447,1,0.65651,0.42697,25.35591,0.94804,1,-0.02823,0.01184,0.66638,0.00443,1,0.03571,0.01286,0.62593,0.00486,1,0,0.00000,26
1.04039,0.35170,96.06008,0.06712,215,1,1.03834,0.41610,1,1.06564,0.30794,1,1.05199,0.36202,1,0.39400,0.43560,22.31137,0.95507,1,0.65631,0.42700,25.56600,0.95507,1,-0.02823,0.01184,0.66638,0.00443,1,0.03571,0.01286,0.62593,0.00490,1,0,0.00000,26
1.04124,0.35205,96.06008,0.07380,215,1,1.03594,0.40884,1,1.06533,0.30293,1,1.05063,0.35588,1,0.39397,0.43564,22.16233,0.96209,1,0.65627,0.42694,25.59095,0.96209,1,-0.02823,0.01184,0.66638,0.00443,1,0.03571,0.01286,0.62593,0.00490,1,0,0.00000,26
1.04255,0.35153,96.06008,0.07973,215,1,1.03841,0.40353,1,1.07809,0.28703,1,1.05825,0.34528,1,0.39399,0.43566,22.20537,0.96912,1,0.65620,0.42677,25.43798,0.98274,1,-0.02823,0.01184,0.66638,0.00444,1,0.03571,0.01286,0.62593,0.00489,1,0,0.00000,26
1.04379,0.35068,96.06008,0.08685,215,1,1.03792,0.41032,1,1.08189,0.26887,1,1.05991,0.33959,1,0.39392,0.43566,21.87790,0.98274,1,0.65614,0.42678,25.35981,0.99637,1,-0.02823,0.01184,0.66638,0.00444,1,0.03571,0.01286,0.62593,0.00486,1,0,0.00000,26
1.04468,0.34983,96.06008,0.09330,215,1,1.02673,0.40496,1,1.08764,0.27093,1,1.05718,0.33795,1,0.39392,0.43567,21.85419,0.99637,1,0.65604,0.42690,25.33570,1.00999,1,-0.02823,0.01184,0.66638,0.00444,1,0.03571,0.01286,0.62593,0.00486,1,0,0.00000,26
1.04529,0.34924,96.06008,0.10089,215,1,1.02891,0.40013,1,1.07983,0.28071,1,1.05437,0.34042,1,0.39377,0.43569,21.98285,1.00296,1,0.65591,0.42691,25.26806,0.99717,1,-0.02734,0.01141,0.64196,0.00441,1,0.03444,0.01242,0.60441,0.00494,1,0,0.00000,26
1.04456,0.35017,96.06008,0.10661,215,1,1.01631,0.43207,1,1.04955,0.29817,1,1.03293,0.36512,1,0.39357,0.43575,22.38714,0.99015,1,0.65596,0.42689,25.25681,0.97073,1,-0.02734,0.01141,0.64196,0.00440,1,0.03444,0.01242,0.60441,0.00493,1,0,0.00000,26
1.04256,0.35176,96.06008,0.11318,215,1,0.99238,0.42948,1,1.02457,0.32791,1,1.00847,0.37870,1,0.39349,0.43579,22.15615,0.96371,1,0.65584,0.42692,25.48287,0.94430,1,-0.02734,0.01141,0.64196,0.00438,1,0.03444,0.01242,0.60441,0.00489,1,0,0.00000,26
1.04023,0.35410,96.06008,0.12016,215,1,0.98421,0.44858,1,1.01236,0.34371,1,0.99829,0.39615,1,0.39346,0.43580,22.25369,0.93727,1,0.65577,0.42695,25.42308,0.92365,1,-0.02740,0.01139,0.64349,0.00438,1,0.03531,0.01275,0.62045,0.00488,1,0,0.00000,26
1.03876,0.35617,96.06008,0.12681,215,1,0.99756,0.46755,1,1.02408,0.32360,1,1.01082,0.39558,1,0.39333,0.43579,22.19143,0.92365,1,0.65578,0.42686,25.30658,0.92944,1,-0.02740,0.01139,0.64349,0.00436,1,0.03531,0.01275,0.62045,0.00479,1,0,0.00000,26
1.03759,0.35758,96.06008,0.13372,215,1,1.00309,0.46014,1,1.02531,0.31164,1,1.01420,0.38589,1,0.39327,0.43581,22.33999,0.92944,1,0.65574,0.42682,25.20318,0.93523,1,-0.02740,0.01139,0.64349,0.00435,1,0.03531,0.01275,0.62045,0.00478,1,0,0.00000,26
1.03665,0.35867,96.06008,0.14014,215,1,1.00501,0.45599,1,1.02876,0.30708,1,1.01689,0.38153,1,0.39325,0.43587,22.25266,0.93523,1,0.65566,0.42684,25.21152,0.94102,1,-0.02734,0.01141,0.64196,0.00435,1,0.03532,0.01279,0.62234,0.00478,1,0,0.00000,26
1.03593,0.35954,96.06008,0.14723,215,1,1.02549,0.45528,1,1.01463,0.30205,1,1.02006,0.37867,1,0.39311,0.43574,22.11788,0.94102,1,0.65542,0.42680,25.44079,0.94102,1,-0.02734,0.01141,0.64196,0.00440,1,0.03532,0.01279,0.62234,0.00483,1,0,0.00000,26
1.03494,0.36162,96.06008,0.15369,215,1,1.00921,0.46327,1,1.01548,0.35565,1,1.01235,0.40946,1,0.39311,0.43574,21.86716,0.94102,1,0.65539,0.42682,25.37201,0.94102,1,-0.02734,0.01141,0.64196,0.00439,1,0.03532,0.01279,0.62234,0.00484,1,0,0.00000,26
1.03417,0.36333,96.06008,0.15985,215,1,1.01155,0.45830,1,1.01959,0.35045,1,1.01557,0.40438,1,0.39307,0.43571,21.71404,0.94804,1,0.65525,0.42674,25.23676,0.94804,1,-0.02785,0.01156,0.65053,0.00442,1,0.03532,0.01288,0.62234,0.00484,1,0,0.00000,26
1.03375,0.36405,96.06008,0.16739,215,1,1.00843,0.43240,1,1.03810,0.33145,1,1.02327,0.38193,1,0.39304,0.43573,21.91402,0.95507,1,0.65518,0.42668,25.19985,0.95507,1,-0.02785,0.01156,0.65053,0.00440,1,0.03532,0.01288,0.62234,0.00483,1,0,0.00000,26
1.03313,0.36453,96.06008,0.17387,215,1,0.99647,0.43320,1,1.03775,0.32073,1,1.01711,0.37696,1,0.39295,0.43574,22.08000,0.96209,1,0.65516,0.42666,25.25291,0.96209,1,-0.02785,0.01156,0.65053,0.00442,1,0.03532,0.01288,0.62234,0.00483,1,0,0.00000,26
1.01559,0.38594,96.06008,0.17387,215,0,0.99647,0.43320,1,1.03775,0.32073,1,1.01711,0.37696,1,0.39279,0.43572,21.82437,0.96209,1,0.65512,0.42664,25.25859,0.96209,1,-0.02745,0.01138,0.64013,0.00439,1,0.03515,0.01287,0.61928,0.00481,1,0,0.00000,26
1.02099,0.39108,96.06008,0.17387,215,0,0.99082,0.42752,1,1.06197,0.36490,1,1.02639,0.39621,1,0.39271,0.43567,22.21709,0.95507,1,0.65496,0.42636,24.97466,0.95507,1,-0.02745,0.01138,0.64013,0.00439,1,0.03515,0.01287,0.61928,0.00486,1,0,0.00000,26
1.01834,0.39256,96.06008,0.17387,215,0,0.98201,0.42023,1,1.04405,0.37085,1,1.01303,0.39554,1,0.39260,0.43556,22.10555,0.94804,1,0.65494,0.42634,24.95185,0.94804,1,-0.02745,0.01138,0.64013,0.00440,1,0.03515,0.01287,0.61928,0.00485,1,0,0.00000,26
1.01621,0.39459,96.24084,0.02019,216,1,0.97988,0.42546,1,1.03977,0.37589,1,1.00982,0.40067,1,0.39258,0.43558,21.99896,0.94102,1,0.65501,0.42626,24.77093,0.94102,1,-0.02745,0.01138,0.64013,0.00441,1,0.03519,0.01291,0.62159,0.00482,1,0,0.00000,26
1.01648,0.39022,96.24084,0.02718,216,1,1.00004,0.39262,1,1.03513,0.35285,1,1.01759,0.37274,1,0.39245,0.43544,21.99932,0.94102,1,0.65509,0.42618,25.07760,0.94102,1,-0.02745,0.01138,0.64013,0.00437,1,0.03519,0.01291,0.62159,0.00472,1,0,0.00000,26
1.01572,0.38532,96.24084,0.03355,216,1,0.99418,0.38383,1,1.02957,0.33783,1,1.01187,0.36083,1,0.39241,0.43539,22.21481,0.94102,1,0.65496,0.42618,25.13063,0.94102,1,-0.02745,0.01138,0.64013,0.00438,1,0.03519,0.01291,0.62159,0.00473,1,0,0.00000,26
1.01544,0.38148,96.24084,0.04017,216,1,0.99418,0.38383,1,1.03341,0.33297,1,1.01380,0.35840,1,0.39242,0.43533,22.07265,0.94102,1,0.65480,0.42613,24.95976,0.94745,1,-0.02745,0.01143,0.64013,0.00437,1,0.03595,0.01321,0.63588,0.00476,1,0,0.00000,26
1.01573,0.37791,96.24084,0.04691,216,1,1.01227,0.38764,1,1.02328,0.31822,1,1.01778,0.35293,1,0.39223,0.43535,22.24641,0.94745,1,0.65469,0.42602,25.16995,0.95388,1,-0.02745,0.01143,0.64013,0.00441,1,0.03595,0.01321,0.63588,0.00476,1,0,0.00000,26
1.01659,0.37277,96.24084,0.05360,216,1,1.02408,0.35815,1,1.02283,0.30513,1,1.02345,0.33164,1,0.39223,0.43529,22.23082,0.95388,1,0.65460,0.42599,24.91489,0.96031,1,-0.02745,0.01143,0.64013,0.00443,1,0.03595,0.01321,0.63588,0.00482,1,0,0.00000,26
1.01790,0.36758,96.24084,0.06057,216,1,1.02868,0.34713,1,1.03060,0.29473,1,1.02964,0.32093,1,0.39210,0.43530,21.99620,0.96734,1,0.65458,0.42599,24.93028,0.97377,1,-0.02845,0.01182,0.66219,0.00439,1,0.03635,0.01341,0.64296,0.00481,1,0,0.00000,26
1.01859,0.36292,96.24084,0.06697,216,1,0.99974,0.34106,1,1.05127,0.29154,1,1.02550,0.31630,1,0.39204,0.43525,21.90650,0.98080,1,0.65446,0.42596,24.85058,0.98080,1,-0.02845,0.01182,0.66219,0.00439,1,0.03635,0.01341,0.64296,0.00485,1,0,0.00000,26
1.01950,0.35830,96.24084,0.07365,216,1,1.00028,0.33019,1,1.05878,0.28477,1,1.02953,0.30748,1,0.39201,0.43520,21.91310,0.98783,1,0.65429,0.42583,25.00664,0.98783,1,-0.02845,0.01182,0.66219,0.00439,1,0.03635,0.01341,0.64296,0.00484,1,0,0.00000,26
1.01999,0.35475,96.24084,0.08035,216,1,1.00028,0.33019,1,1.05150,0.29417,1,1.02589,0.31218,1,0.39189,0.43524,22.02989,0.98783,1,0.65429,0.42583,24.95480,0.97560,1,-0.02763,0.01142,0.63981,0.00438,1,0.03438,0.01271,0.60972,0.00485,1,0,0.00000,26
1.01836,0.35281,96.24084,0.08706,216,1,0.97857,0.35635,1,1.01582,0.29873,1,0.99720,0.32754,1,0.39168,0.43517,22.08128,0.96858,1,0.65406,0.42577,25.05490,0.95636,1,-0.02763,0.01142,0.63981,0.00439,1,0.03438,0.01271,0.60972,0.00487,1,0,0.00000,26
1.01585,0.35173,96.24084,0.09383,216,1,0.96335,0.36584,1,0.99795,0.30741,1,0.98065,0.33662,1,0.39167,0.43521,21.94833,0.94933,1,0.65423,0.42578,25.01280,0.93711,1,-0.02763,0.01142,0.63981,0.00439,1,0.03438,0.01271,0.60972,0.00476,1,0,0.00000,26
1.01324,0.35160,96.24084,0.10043,216,1,0.95790,0.38124,1,0.99031,0.31808,1,0.97411,0.34966,1,0.39160,0.43525,21.96959,0.93008,1,0.65412,0.42581,25.09776,0.92365,1,-0.02763,0.01142,0.63981,0.00441,1,0.03551,0.01315,0.63060,0.00472,1,0,0.00000,26
1.01216,0.35201,96.24084,0.10715,216,1,0.98112,0.40139,1,1.00873,0.31568,1,0.99492,0.35854,1,0.39152,0.43530,22.20648,0.92365,1,0.65405,0.42575,24.84354,0.92944,1,-0.02763,0.01142,0.63981,0.00441,1,0.03551,0.01315,0.63060,0.00474,1,0,0.00000,26
1.01237,0.35247,96.24084,0.11353,216,1,1.00316,0.40628,1,1.02876,0.31419,1,1.01596,0.36024,1,0.39162,0.43538,22.07464,0.92944,1,0.65416,0.42585,24.92802,0.93523,1,-0.02763,0.01142,0.63981,0.00434,1,0.03551,0.01315,0.63060,0.00482,1,0,0.00000,26
1.01261,0.35276,96.24084,0.11975,216,1,1.00507,0.40176,1,1.02876,0.31419,1,1.01691,0.35798,1,0.39186,0.43531,21.84484,0.93523,1,0.65438,0.42600,24.77422,0.93523,1,-0.02763,0.01142,0.63981,0.00437,1,0.03438,0.01271,0.60972,0.00489,1,0,0.00000,26
1.01520,0.35359,96.24084,0.12959,216,1,1.03354,0.41596,1,1.09532,0.32304,1,1.06443,0.36950,1,0.39238,0.43545,21.98254,0.93523,1,0.65524,0.42575,24.34194,0.92944,1,-0.02763,0.01142,0.63981,0.00433,1,0.03438,0.01271,0.60972,0.00477,1,0,0.00000,26
1.01799,0.35616,96.24084,0.13345,216,1,1.06148,0.42255,1,1.08605,0.39228,1,1.07376,0.40742,1,0.39257,0.43544,21.81531,0.92944,1,0.65528,0.42579,24.34129,0.92365,1,-0.02763,0.01142,0.63981,0.00434,1,0.03438,0.01271,0.60972,0.00477,1,0,0.00000,26
1.02056,0.35844,96.24084,0.14060,216,1,1.06196,0.42160,1,1.08688,0.39140,1,1.07442,0.40650,1,0.39283,0.43543,21.81935,0.93067,1,0.65517,0.42578,24.60098,0.92488,1,-0.02845,0.01182,0.66219,0.00433,1,0.03410,0.01266,0.60481,0.00479,1,0,0.00000,26
1.02291,0.36027,96.24084,0.14709,216,1,1.04120,0.43307,1,1.10798,0.36780,1,1.07459,0.40043,1,0.39269,0.43550,21.82821,0.93191,1,0.65489,0.42585,24.90313,0.93191,1,-0.02845,0.01182,0.66219,0.00441,1,0.03410,0.01266,0.60481,0.00477,1,0,0.00000,26
1.02503,0.36127,96.24084,0.15449,216,1,1.04401,0.41320,1,1.10382,0.35537,1,1.07392,0.38428,1,0.39260,0.43562,21.85518,0.93894,1,0.65489,0.42586,24.90787,0.93894,1,-0.02845,0.01182,0.66219,0.00436,1,0.03410,0.01266,0.60481,0.00477,1,0,0.00000,26
1.02699,0.36219,96.24084,0.16051,216,1,1.04401,0.41320,1,1.10382,0.35537,1,1.07392,0.38428,1,0.39247,0.43549,21.86253,0.93894,1,0.65496,0.42570,24.45851,0.93894,1,-0.02763,0.01142,0.63981,0.00432,1,0.03410,0.01266,0.60481,0.00472,1,0,0.00000,26
1.02788,0.36396,96.24084,0.16744,216,1,1.02010,0.44626,1,1.08022,0.36999,1,1.05016,0.40812,1,0.39231,0.43548,21.80056,0.93191,1,0.65478,0.42568,24.86736,0.93191,1,-0.02763,0.01142,0.63981,0.00435,1,0.03410,0.01266,0.60481,0.00473,1,0,0.00000,26
1.02915,0.36559,96.24084,0.17403,216,1,1.04775,0.45342,1,1.07648,0.36237,1,1.06211,0.40789,1,0.39230,0.43551,21.81873,0.92488,1,0.65455,0.42569,24.54657,0.92488,1,-0.02763,0.01142,0.63981,0.00436,1,0.03410,0.01266,0.60481,0.00484,1,0,0.00000,26
1.05280,0.38819,96.24084,0.17403,216,0,1.04508,0.45859,1,1.07185,0.36758,1,1.05847,0.41308,1,0.39225,0.43553,21.94385,0.91786,1,0.65481,0.42547,24.46021,0.91786,1,-0.02763,0.01137,0.63981,0.00435,1,0.03397,0.01264,0.60417,0.00473,1,0,0.00000,26
1.05037,0.39542,96.24084,0.17403,216,0,1.02791,0.43832,1,1.06798,0.36698,1,1.04795,0.40265,1,0.39220,0.43562,22.01139,0.91786,1,0.65456,0.42577,24.76391,0.91786,1,-0.02763,0.01137,0.63981,0.00434,1,0.03397,0.01264,0.60417,0.00479,1,0,0.00000,26
1.04790,0.39768,96.24084,0.17403,216,0,1.02825,0.44212,1,1.05767,0.36226,1,1.04296,0.40219,1,0.39211,0.43556,21.97667,0.91786,1,0.65455,0.42573,24.77995,0.91786,1,-0.02763,0.01137,0.63981,0.00436,1,0.03397,0.01264,0.60417,0.00478,1,0,0.00000,26
1.04713,0.39826,96.42136,0.02069,217,1,1.02825,0.44212,1,1.06139,0.35793,1,1.04482,0.40002,1,0.39202,0.43564,22.11263,0.91786,1,0.65473,0.42521,24.14795,0.92365,1,-0.02763,0.01137,0.63981,0.00435,1,0.03552,0.01323,0.63244,0.00483,1,0,0.00000,26
1.04780,0.39932,96.42136,0.02701,217,1,1.04134,0.46280,1,1.05963,0.34434,1,1.05048,0.40357,1,0.39194,0.43566,21.78245,0.92365,1,0.65469,0.42527,24.40270,0.92944,1,-0.02763,0.01137,0.63981,0.00435,1,0.03552,0.01323,0.63244,0.00474,1,0,0.00000,26
1.04857,0.39801,96.42136,0.03358,217,1,1.04732,0.44207,1,1.05747,0.34086,1,1.05240,0.39147,1,0.39191,0.43568,21.86353,0.92944,1,0.65469,0.42527,24.40270,0.93523,1,-0.02763,0.01137,0.63981,0.00434,1,0.03552,0.01323,0.63244,0.00474,1,0,0.00000,26
1.04927,0.39677,96.42136,0.04057,217,1,1.04950,0.43775,1,1.05747,0.34086,1,1.05349,0.38931,1,0.39186,0.43566,21.79021,0.93523,1,0.65467,0.42523,24.34352,0.93523,1,-0.02752,0.01129,0.63508,0.00435,1,0.03404,0.01270,0.60701,0.00473,1,0,0.00000,26
1.04859,0.39663,96.42136,0.04688,217,1,1.03638,0.44814,1,1.05125,0.34313,1,1.04382,0.39563,1,0.39176,0.43569,21.95133,0.93523,1,0.65432,0.42548,24.59365,0.92944,1,-0.02752,0.01129,0.63508,0.00434,1,0.03404,0.01270,0.60701,0.00479,1,0,0.00000,26
1.04699,0.39850,96.42136,0.05391,217,1,1.03214,0.46632,1,1.03631,0.36071,1,1.03422,0.41352,1,0.39179,0.43573,22.06813,0.92944,1,0.65463,0.42525,24.43532,0.92365,1,-0.02752,0.01129,0.63508,0.00435,1,0.03404,0.01270,0.60701,0.00470,1,0,0.00000,26
1.04578,0.39992,96.42136,0.05986,217,1,1.03258,0.46543,1,1.03707,0.35979,1,1.03483,0.41261,1,0.39181,0.43572,21.98121,0.93067,1,0.65461,0.42526,24.35515,0.92488,1,-0.02935,0.01202,0.67604,0.00435,1,0.03404,0.01270,0.60701,0.00469,1,0,0.00000,26
1.04661,0.40208,96.42136,0.06709,217,1,1.02751,0.44760,1,1.08243,0.39975,1,1.05497,0.42368,1,0.39179,0.43567,21.94812,0.93191,1,0.65465,0.42522,24.31513,0.93191,1,-0.02935,0.01202,0.67604,0.00437,1,0.03404,0.01270,0.60701,0.00468,1,0,0.00000,26
1.04768,0.40337,96.42136,0.07382,217,1,1.03254,0.45103,1,1.08625,0.38421,1,1.05939,0.41762,1,0.39179,0.43570,21.94452,0.93894,1,0.65464,0.42517,24.31005,0.93894,1,-0.02935,0.01202,0.67604,0.00438,1,0.03404,0.01270,0.60701,0.00468,1,0,0.00000,26
1.04900,0.40392,96.42136,0.08038,217,1,1.03505,0.44593,1,1.09469,0.37514,1,1.06487,0.41054,1,0.39175,0.43569,21.83485,0.94596,1,0.65432,0.42541,24.58089,0.95175,1,-0.02935,0.01202,0.67604,0.00441,1,0.03552,0.01323,0.63244,0.00475,1,0,0.00000,26
1.05038,0.40417,96.42136,0.08740,217,1,1.03286,0.43754,1,1.10385,0.37721,1,1.06836,0.40738,1,0.39165,0.43563,21.70196,0.95175,1,0.65466,0.42516,24.13918,0.95754,1,-0.02935,0.01202,0.67604,0.00440,1,0.03552,0.01323,0.63244,0.00469,1,0,0.00000,26
1.05029,0.40412,96.42136,0.09356,217,1,1.02547,0.43124,1,1.07264,0.37564,1,1.04905,0.40344,1,0.39171,0.43576,21.72172,0.95754,1,0.65466,0.42516,24.13918,0.96333,1,-0.02935,0.01202,0.67604,0.00438,1,0.03552,0.01323,0.63244,0.00469,1,0,0.00000,26
1.05039,0.40382,96.42136,0.10004,217,1,1.02746,0.42700,1,1.07627,0.37160,1,1.05187,0.39930,1,0.39174,0.43573,21.92840,0.96333,1,0.65434,0.42539,24.66344,0.96912,1,-0.02935,0.01202,0.67604,0.00437,1,0.03552,0.01323,0.63244,0.00475,1,0,0.00000,26
1.05100,0.40370,96.42136,0.10715,217,1,1.04303,0.43538,1,1.07843,0.36809,1,1.06073,0.40174,1,0.39171,0.43577,21.89749,0.96912,1,0.65436,0.42542,24.79820,0.96912,1,-0.02935,0.01202,0.67604,0.00439,1,0.03552,0.01323,0.63244,0.00476,1,0,0.00000,26
1.05158,0.40380,96.42136,0.11459,217,1,1.04077,0.44017,1,1.08213,0.37081,1,1.06145,0.40549,1,0.39171,0.43581,21.97805,0.96912,1,0.65434,0.42539,24.59410,0.96912,1,-0.02935,0.01202,0.67604,0.00437,1,0.03552,0.01323,0.63244,0.00479,1,0,0.00000,26
1.05210,0.40389,96.42136,0.12102,217,1,1.04077,0.44017,1,1.08213,0.37081,1,1.06145,0.40549,1,0.39177,0.43575,21.82394,0.96912,1,0.65465,0.42520,24.55510,0.96912,1,-0.02935,0.01202,0.67604,0.00438,1,0.03624,0.01355,0.64536,0.00469,1,0,0.00000,26
1.05266,0.40259,96.42136,0.12678,217,1,1.04089,0.43308,1,1.08579,0.32301,1,1.06334,0.37805,1,0.39178,0.43569,21.93420,0.96912,1,0.65470,0.42522,24.57326,0.96912,1,-0.02935,0.01202,0.67604,0.00440,1,0.03624,0.01355,0.64536,0.00472,1,0,0.00000,26
1.05330,0.40143,96.42136,0.13350,217,1,1.04465,0.44047,1,1.08730,0.31591,1,1.06598,0.37819,1,0.39176,0.43572,21.84788,0.96912,1,0.65464,0.42518,24.62005,0.96912,1,-0.02935,0.01202,0.67604,0.00437,1,0.03624,0.01355,0.64536,0.00476,1,0,0.00000,26
1.05379,0.40047,96.42136,0.14082,217,1,1.04465,0.44047,1,1.08361,0.32026,1,1.06413,0.38037,1,0.39174,0.43570,21.95080,0.96912,1,0.65432,0.42552,24.70733,0.96333,1,-0.03014,0.01238,0.69654,0.00437,1,0.03453,0.01290,0.61408,0.00486,1,0,0.00000,26
1.05403,0.39899,96.42136,0.14720,217,1,1.03345,0.42774,1,1.08518,0.30498,1,1.05932,0.36636,1,0.39175,0.43566,21.96468,0.96333,1,0.65450,0.42534,24.70292,0.95754,1,-0.03014,0.01238,0.69654,0.00439,1,0.03453,0.01290,0.61408,0.00476,1,0,0.00000,26
1.05426,0.39816,96.42136,0.15386,217,1,1.04274,0.42860,1,1.07660,0.32948,1,1.05967,0.37904,1,0.39177,0.43570,22.00711,0.95754,1,0.65477,0.42515,24.44023,0.95175,1,-0.03014,0.01238,0.69654,0.00437,1,0.03453,0.01290,0.61408,0.00475,1,0,0.00000,26
1.05436,0.39757,96.42136,0.16088,217,1,1.04066,0.43288,1,1.07290,0.33384,1,1.05678,0.38336,1,0.39177,0.43570,22.00711,0.95175,1,0.65479,0.42516,24.49520,0.94596,1,-0.03014,0.01243,0.69654,0.00437,1,0.03496,0.01302,0.62004,0.00471,1,0,0.00000,26
1.05426,0.39664,96.42136,0.16879,217,1,1.02589,0.44161,1,1.07723,0.30509,1,1.05156,0.37335,1,0.39174,0.43564,22.00192,0.94596,1,0.65474,0.42518,24.51515,0.94596,1,-0.03014,0.01243,0.69654,0.00441,1,0.03496,0.01302,0.62004,0.00475,1,0,0.00000,26
1.05413,0.39674,96.42136,0.17496,217,1,1.02852,0.45066,1,1.07311,0.34798,1,1.05081,0.39932,1,0.39170,0.43563,21.91700,0.94596,1,0.65493,0.42508,24.19831,0.94596,1,-0.03014,0.01243,0.69654,0.00440,1,0.03496,0.01302,0.62004,0.00468,1,0,0.00000,26
1.05408,0.39675,96.42136,0.18227,217,1,1.02852,0.45066,1,1.07681,0.34370,1,1.05266,0.39718,1,0.39171,0.43563,21.99668,0.94596,1,0.65456,0.42529,24.81502,0.95175,1,-0.03014,0.01243,0.69654,0.00443,1,0.03551,0.01329,0.63060,0.00468,1,0,0.00000,26
1.05406,0.39633,96.42136,0.18792,217,1,1.02936,0.43119,1,1.07785,0.33790,1,1.05360,0.38455,1,0.39171,0.43563,22.00713,0.95175,1,0.65441,0.42527,24.88055,0.95754,1,-0.03014,0.01243,0.69654,0.00443,1,0.03551,0.01329,0.63060,0.00476,1,0,0.00000,26
1.05392,0.39559,96.42136,0.19462,217,1,1.02410,0.41874,1,1.07547,0.32972,1,1.04978,0.37423,1,0.39169,0.43560,22.01193,0.95754,1,0.65453,0.42498,24.73851,0.96333,1,-0.03014,0.01243,0.69654,0.00443,1,0.03551,0.01329,0.63060,0.00469,1,0,0.00000,26
1.05377,0.39493,96.42136,0.20129,217,1,1.02368,0.41966,1,1.07469,0.33064,1,1.04918,0.37515,1,0.39155,0.43559,21.76070,0.95630,1,0.65431,0.42510,24.84632,0.96209,1,-0.02796,0.01148,0.64293,0.00441,1,0.03552,0.01333,0.63244,0.00474,1,0,0.00000,26
1.05335,0.39413,96.42136,0.20750,217,1,1.01934,0.41470,1,1.06167,0.32376,1,1.04051,0.36923,1,0.39147,0.43568,21.88175,0.95507,1,0.65424,0.42501,24.76861,0.95507,1,-0.02796,0.01148,0.64293,0.00441,1,0.03552,0.01333,0.63244,0.00472,1,0,0.00000,26
1.05279,0.39394,96.42136,0.21474,217,1,1.03851,0.45224,1,1.03136,0.32341,1,1.03494,0.38783,1,0.39133,0.43574,22.22519,0.94804,1,0.65446,0.42479,24.30886,0.94804,1,-0.02796,0.01148,0.64293,0.00440,1,0.03552,0.01333,0.63244,0.00467,1,0,0.00000,26
1.05217,0.39391,96.42136,0.22137,217,1,1.03598,0.45729,1,1.02718,0.32879,1,1.03158,0.39304,1,0.39124,0.43580,21.85511,0.94102,1,0.65410,0.42511,24.67305,0.94102,1,-0.02812,0.01149,0.64666,0.00441,1,0.03552,0.01333,0.63244,0.00473,1,0,0.00000,26
1.05156,0.39367,96.42136,0.22847,217,1,1.01244,0.45283,1,1.04897,0.31765,1,1.03071,0.38524,1,0.39109,0.43585,22.01395,0.94102,1,0.65397,0.42505,24.95825,0.94102,1,-0.02812,0.01149,0.64666,0.00442,1,0.03552,0.01333,0.63244,0.00476,1,0,0.00000,26
1.05080,0.39392,96.42136,0.23476,217,1,1.00792,0.47796,1,1.04070,0.32774,1,1.02431,0.40285,1,0.39101,0.43587,22.11161,0.94102,1,0.65389,0.42498,24.98652,0.94102,1,-0.02812,0.01149,0.64666,0.00438,1,0.03552,0.01333,0.63244,0.00477,1,0,0.00000,26
1.05017,0.39402,96.42136,0.24112,217,1,1.01025,0.47312,1,1.04497,0.32236,1,1.02761,0.39774,1,0.39096,0.43592,21.95506,0.94804,1,0.65375,0.42500,25.01466,0.94804,1,-0.02886,0.01173,0.66250,0.00440,1,0.03470,0.01306,0.61956,0.00475,1,0,0.00000,26
1.05008,0.39310,96.42136,0.24783,217,1,1.02374,0.40994,1,1.06941,0.30815,1,1.04658,0.35905,1,0.39080,0.43609,21.84078,0.95507,1,0.65353,0.42515,25.02812,0.95507,1,-0.02886,0.01173,0.66250,0.00443,1,0.03470,0.01306,0.61956,0.00481,1,0,0.00000,26
1.04980,0.39156,96.42136,0.25465,217,1,1.01419,0.34645,1,1.06458,0.31968,1,1.03938,0.33307,1,0.39079,0.43621,21.98075,0.96209,1,0.65345,0.42514,24.81438,0.96209,1,-0.02886,0.01173,0.66250,0.00443,1,0.03470,0.01306,0.61956,0.00479,1,0,0.00000,26
1.04959,0.39004,96.42136,0.26148,217,1,1.01419,0.34645,1,1.06856,0.31483,1,1.04137,0.33064,1,0.39060,0.43615,22.17373,0.96209,1,0.65339,0.42510,24.80132,0.96853,1,-0.02776,0.01118,0.63405,0.00443,1,0.03611,0.01361,0.64559,0.00480,1,0,0.00000,26
1.04930,0.39203,96.42136,0.26825,217,1,0.99951,0.58353,1,1.07580,0.35966,1,1.03766,0.47160,1,0.39059,0.43714,20.26361,0.96150,1,0.65318,0.42536,24.44737,0.96793,1,-0.02776,0.01118,0.63405,0.00421,1,0.03611,0.01361,0.64559,0.00479,1,0,0.00000,26
1.04821,0.39937,96.42136,0.27440,217,1,0.97499,0.94997,1,1.03194,0.45104,1,1.00346,0.70051,1,0.39069,0.43931,14.32978,0.96091,1,0.65359,0.42552,21.96798,0.96734,1,-0.02776,0.01118,0.63405,0.00398,1,0.03611,0.01361,0.64559,0.00484,1,0,0.00000,26
1.02995,0.43613,96.42136,0.27440,217,0,0.97481,0.95006,1,1.02780,0.45544,1,1.00130,0.70275,1,0.39075,0.43974,13.52653,0.96031,1,0.65340,0.42536,21.71426,0.96031,1,-0.02794,0.01129,0.63805,0.00387,1,0.03519,0.01332,0.62998,0.00491,1,0,0.00000,26
1.00193,0.61365,96.42136,0.27440,217,0,0.97481,0.95006,0,0.97391,0.79118,1,0.97391,0.79118,1,0.39075,0.43974,13.52653,0.96031,0,0.65275,0.42849,13.69315,0.95388,1,-0.02794,0.01129,0.63805,0.00387,1,0.03519,0.01332,0.62998,0.00439,1,0,0.00000,26
1.00601,0.79127,96.42136,0.27440,217,0,0.97481,0.95006,0,1.01417,1.14649,1,1.01417,1.14649,1,0.39075,0.43974,13.52653,0.95388,0,0.65349,0.43087,7.89573,0.94745,1,-0.02794,0.01129,0.63805,0.00387,1,0.03519,0.01332,0.62998,0.00238,1,0,0.00000,26
1.00075,1.02805,96.42136,0.27440,217,0,0.97481,0.95006,0,1.01417,1.14649,1,1.01417,1.14649,1,0.39075,0.43974,13.52653,0.94745,0,0.65262,0.43167,8.03171,0.94745,1,-0.02794,0.01129,0.63805,0.00387,1,0.03519,0.01332,0.62998,0.00185,1,0,0.00000,26
1.00075,1.02805,96.42136,0.27440,217,0,0.97481,0.95006,0,1.01417,1.14649,0,1.01417,1.14649,0,0.39075,0.43974,13.52653,0.94745,0,0.65262,0.43167,8.03171,0.95388,0,-0.02794,0.01129,0.63805,0.00387,1,0.03519,0.01332,0.62998,0.00185,1,0,0.00000,26
1.00075,1.02805,96.42136,0.27440,217,0,0.97481,0.95006,0,1.01417,1.14649,0,1.01417,1.14649,0,0.39075,0.43974,13.52653,0.95388,0,0.65262,0.43167,8.03171,0.96031,0,-0.02794,0.01129,0.63805,0.00387,1,0.03519,0.01332,0.62998,0.00185,1,0,0.00000,26
0.00000,0.00000,96.42136,0.27440,217,0,0.97481,0.95006,0,1.01417,1.14649,0,1.01417,1.14649,0,0.39075,0.43974,13.52653,0.96031,0,0.65262,0.43167,8.03171,0.96675,0,-0.02794,0.01129,0.63805,0.00387,1,0.03519,0.01332,0.62998,0.00185,1,0,0.00000,26
0.00000,0.00000,96.42136,0.27440,217,0,0.97481,0.95006,0,1.01417,1.14649,0,1.01417,1.14649,0,0.39075,0.43974,13.52653,0.96675,0,0.65262,0.43167,8.03171,0.96675,0,-0.02794,0.01129,0.63805,0.00387,1,0.03519,0.01332,0.62998,0.00185,1,0,0.00000,26
0.00000,0.00000,96.42136,0.27440,217,0,0.97481,0.95006,0,1.01417,1.14649,0,1.01417,1.14649,0,0.39075,0.43974,13.52653,0.96675,0,0.65262,0.43167,8.03171,0.96675,0,-0.02794,0.01129,0.63805,0.00387,1,0.03519,0.01332,0.62998,0.00185,1,28,0.00000,26
0.00000,0.00000,96.42136,0.27440,217,0,0.97481,0.95006,0,1.01417,1.14649,0,1.01417,1.14649,0,0.39075,0.43974,13.52653,0.96675,0,0.65262,0.43167,8.03171,0.96675,0,-0.02794,0.01129,0.63805,0.00387,1,0.03519,0.01332,0.62998,0.00185,1,28,0.00000,26
0.00000,0.00000,96.42136,0.27440,217,0,0.97481,0.95006,0,1.01417,1.14649,0,1.01417,1.14649,0,0.39075,0.43974,13.52653,0.96675,0,0.65262,0.43167,8.03171,0.96675,0,-0.02794,0.01129,0.63805,0.00387,1,0.03519,0.01332,0.62998,0.00185,1,28,0.00000,26
0.00000,0.00000,96.42136,0.27440,217,0,0.97481,0.95006,0,1.01417,1.14649,0,1.01417,1.14649,0,0.39075,0.43974,13.52653,0.96675,0,0.65262,0.43167,8.03171,0.96675,0,-0.02794,0.01129,0.63805,0.00387,1,0.03519,0.01332,0.62998,0.00185,1,28,0.00000,26
0.00000,0.00000,96.42136,0.27440,217,0,0.97481,0.95006,0,1.01417,1.14649,0,1.01417,1.14649,0,0.39075,0.43974,13.52653,0.96675,0,0.65262,0.43167,8.03171,0.96675,0,-0.02794,0.01129,0.63805,0.00387,1,0.03519,0.01332,0.62998,0.00185,1,28,0.00000,26
0.00000,0.00000,96.42136,0.27440,217,0,0.97481,0.95006,0,1.01417,1.14649,0,1.01417,1.14649,0,0.39075,0.43974,13.52653,0.96675,0,0.65262,0.43167,8.03171,0.96675,0,-0.02794,0.01129,0.63805,0.00387,1,0.03519,0.01332,0.62998,0.00185,1,28,0.00000,26
0.00000,0.00000,96.42136,0.27440,217,0,0.97481,0.95006,0,1.01417,1.14649,0,1.01417,1.14649,0,0.39075,0.43974,13.52653,0.96675,0,0.65262,0.43167,8.03171,0.96675,0,-0.02794,0.01129,0.63805,0.00387,1,0.03519,0.01332,0.62998,0.00185,1,28,0.00000,26
0.00000,0.00000,96.42136,0.27440,217,0,0.97481,0.95006,0,1.01417,1.14649,0,1.01417,1.14649,0,0.39075,0.43974,13.52653,0.96675,0,0.65262,0.43167,8.03171,0.96675,0,-0.02794,0.01129,0.63805,0.00387,1,0.03519,0.01332,0.62998,0.00185,1,28,0.00000,26
0.00000,0.00000,96.42136,0.27440,217,0,0.97481,0.95006,0,1.01417,1.14649,0,1.01417,1.14649,0,0.39075,0.43974,13.52653,0.96675,0,0.65262,0.43167,8.03171,0.96675,0,-0.02794,0.01129,0.63805,0.00387,1,0.03519,0.01332,0.62998,0.00185,1,28,0.00000,26
0.00000,0.00000,96.42136,0.27440,217,0,0.97481,0.95006,0,1.01417,1.14649,0,1.01417,1.14649,0,0.39075,0.43974,13.52653,0.96675,0,0.65262,0.43167,8.03171,0.96675,0,-0.02794,0.01129,0.63805,0.00387,1,0.03519,0.01332,0.62998,0.00185,1,28,0.00000,26
0.00000,0.00000,96.42136,0.27440,217,0,0.97481,0.95006,0,1.01417,1.14649,0,1.01417,1.14649,0,0.39075,0.43974,13.52653,0.96675,0,0.65262,0.43167,8.03171,0.96675,0,-0.02794,0.01129,0.63805,0.00387,1,0.03519,0.01332,0.62998,0.00185,1,28,0.00000,26
0.63450,0.25662,96.42136,0.27440,217,0,1.26900,0.51325,1,1.01417,1.14649,0,1.26900,0.51325,1,0.65193,0.42564,24.26325,0.96675,1,0.65262,0.43167,8.03171,0.96675,0,-0.02794,0.01129,0.63805,0.00487,1,0.03519,0.01332,0.62998,0.00185,1,0,0.08804,27
0.84478,0.34358,96.42136,0.27440,217,0,1.26534,0.51749,1,1.01417,1.14649,0,1.26534,0.51749,1,0.65197,0.42556,24.48015,0.96046,1,0.65262,0.43167,8.03171,0.95403,0,0.03416,0.01296,0.61478,0.00485,1,0.03519,0.01332,0.62998,0.00185,1,0,0.00000,27
1.26150,0.51647,96.42136,0.27440,217,0,1.25017,0.51866,1,1.01417,1.14649,0,1.25017,0.51866,1,0.65176,0.42548,24.79038,0.94774,1,0.65262,0.43167,8.03171,0.94131,0,0.03416,0.01296,0.61478,0.00491,1,0.03519,0.01332,0.62998,0.00185,1,0,0.00000,27
1.25098,0.52270,96.42136,0.27440,217,0,1.24047,0.52893,1,1.01417,1.14649,0,1.24047,0.52893,1,0.65179,0.42545,24.95400,0.93502,1,0.65262,0.43167,8.03171,0.92859,0,0.03416,0.01296,0.61478,0.00487,1,0.03519,0.01332,0.62998,0.00185,1,0,0.00000,27
1.20795,0.62748,96.42136,0.27440,217,0,1.24081,0.52853,1,1.00295,1.14557,1,1.12188,0.83705,1,0.38910,0.43829,20.41420,0.93561,1,0.65186,0.42549,24.98707,0.92918,1,-0.02904,0.01131,0.65545,0.00439,1,0.03444,0.01310,0.62166,0.00482,1,0,0.00000,27
1.12038,0.60978,96.42136,0.27440,217,0,0.97291,0.54162,1,1.02465,0.38510,1,0.99878,0.46336,1,0.38902,0.43759,22.04686,0.94249,1,0.65185,0.42546,25.06816,0.94249,1,-0.02904,0.01131,0.65545,0.00435,1,0.03444,0.01310,0.62166,0.00480,1,0,0.00000,27
1.06415,0.51313,96.42136,0.27440,217,0,0.98719,0.46661,1,1.02865,0.36637,1,1.00792,0.41649,1,0.38893,0.43751,22.21960,0.95581,1,0.65182,0.42543,25.11127,0.95581,1,-0.02904,0.01131,0.65545,0.00436,1,0.03444,0.01310,0.62166,0.00481,1,0,0.00000,27
1.04634,0.47945,96.42136,0.27440,217,0,0.98911,0.46228,1,1.03235,0.36187,1,1.01073,0.41207,1,0.38888,0.43742,22.40056,0.96209,1,0.65175,0.42542,25.04019,0.96209,1,-0.02842,0.01104,0.64024,0.00442,1,0.03435,0.01302,0.61995,0.00479,1,0,0.00000,27
1.00988,0.41630,96.42136,0.27440,217,0,0.99353,0.46738,1,1.02845,0.37328,1,1.01099,0.42033,1,0.38875,0.43761,22.58055,0.95507,1,0.65152,0.42560,25.23319,0.95507,1,-0.02842,0.01104,0.64024,0.00440,1,0.03435,0.01302,0.61995,0.00487,1,0,0.00000,27
1.00455,0.41780,96.42136,0.27440,217,0,0.97776,0.47289,1,1.02068,0.36570,1,0.99922,0.41930,1,0.38869,0.43750,22.64976,0.94804,1,0.65155,0.42552,25.15679,0.94804,1,-0.02842,0.01104,0.64024,0.00439,1,0.03435,0.01302,0.61995,0.00483,1,0,0.00000,27
1.00173,0.41995,96.42136,0.27440,217,0,0.97565,0.47770,1,1.01656,0.37079,1,0.99610,0.42424,1,0.38861,0.43759,22.46689,0.94102,1,0.65150,0.42559,25.14356,0.94102,1,-0.02842,0.01104,0.64024,0.00439,1,0.03435,0.01302,0.61995,0.00487,1,0,0.00000,27
0.99875,0.41603,96.91063,0.02017,218,1,0.97204,0.42649,1,1.00757,0.38207,1,0.98980,0.40428,1,0.38854,0.43772,22.17438,0.94102,1,0.65144,0.42556,25.16435,0.94102,1,-0.02842,0.01104,0.64024,0.00445,1,0.03435,0.01302,0.61995,0.00489,1,0,0.00000,27
0.99642,0.41638,96.91063,0.02686,218,1,0.97001,0.44732,1,1.00422,0.38826,1,0.98711,0.41779,1,0.38850,0.43767,22.20949,0.94102,1,0.65145,0.42558,25.20590,0.94102,1,-0.02842,0.01104,0.64024,0.00443,1,0.03435,0.01302,0.61995,0.00488,1,0,0.00000,27
0.99518,0.41624,96.91063,0.03362,218,1,0.97001,0.44732,1,1.00792,0.38370,1,0.98896,0.41551,1,0.38850,0.43767,22.20949,0.94102,1,0.65141,0.42542,25.33884,0.94745,1,-0.02842,0.01104,0.64024,0.00443,1,0.03549,0.01352,0.64139,0.00486,1,0,0.00000,27
0.99414,0.41355,96.91063,0.04025,218,1,0.96228,0.43953,1,1.01353,0.35539,1,0.98791,0.39746,1,0.38850,0.43753,22.50139,0.94745,1,0.65139,0.42545,25.35338,0.95388,1,-0.02842,0.01104,0.64024,0.00445,1,0.03549,0.01352,0.64139,0.00487,1,0,0.00000,27
0.99380,0.41252,96.91063,0.04688,218,1,0.96741,0.43712,1,1.01543,0.37344,1,0.99142,0.40528,1,0.38848,0.43751,22.51576,0.95388,1,0.65139,0.42545,25.35618,0.96031,1,-0.02842,0.01104,0.64024,0.00445,1,0.03549,0.01352,0.64139,0.00487,1,0,0.00000,27
0.99384,0.41121,96.91063,0.05367,218,1,0.96926,0.43250,1,1.01912,0.36889,1,0.99419,0.40069,1,0.38839,0.43752,22.59291,0.96031,1,0.65135,0.42547,25.38583,0.96675,1,-0.02842,0.01104,0.64024,0.00445,1,0.03549,0.01352,0.64139,0.00484,1,0,0.00000,27
0.99430,0.40869,96.91063,0.06036,218,1,0.95500,0.41034,1,1.04184,0.36178,1,0.99842,0.38606,1,0.38835,0.43742,22.55128,0.96675,1,0.65130,0.42544,25.50611,0.96675,1,-0.02842,0.01104,0.64024,0.00452,1,0.03549,0.01352,0.64139,0.00484,1,0,0.00000,27
0.99403,0.40743,96.91063,0.06744,218,1,0.95371,0.42067,1,1.02890,0.36900,1,0.99131,0.39483,1,0.38837,0.43747,22.44023,0.96675,1,0.65122,0.42546,25.38194,0.96675,1,-0.02842,0.01104,0.64024,0.00452,1,0.03549,0.01352,0.64139,0.00488,1,0,0.00000,27
0.99365,0.40657,96.91063,0.07346,218,1,0.95371,0.42067,1,1.02515,0.37354,1,0.98943,0.39711,1,0.38833,0.43753,22.32546,0.96675,1,0.65118,0.42546,25.47310,0.96031,1,-0.02842,0.01104,0.64024,0.00454,1,0.03542,0.01351,0.64101,0.00485,1,0,0.00000,27
0.99494,0.40656,96.91063,0.08048,218,1,1.00592,0.43581,1,1.01505,0.37696,1,1.01048,0.40639,1,0.38829,0.43755,22.44389,0.96031,1,0.65127,0.42549,25.29452,0.95388,1,-0.02842,0.01104,0.64024,0.00453,1,0.03542,0.01351,0.64101,0.00481,1,0,0.00000,27
0.99563,0.40663,96.91063,0.08711,218,1,0.99700,0.44667,1,1.01203,0.36855,1,1.00452,0.40761,1,0.38835,0.43747,22.16120,0.95388,1,0.65116,0.42549,25.43139,0.94745,1,-0.02842,0.01104,0.64024,0.00454,1,0.03542,0.01351,0.64101,0.00483,1,0,0.00000,27
0.99636,0.40651,96.91063,0.09411,218,1,0.99719,0.44625,1,1.01609,0.36348,1,1.00664,0.40486,1,0.38805,0.43764,22.75953,0.95447,1,0.65107,0.42556,25.19881,0.95447,1,-0.02922,0.01134,0.65720,0.00446,1,0.03571,0.01364,0.64711,0.00488,1,0,0.00000,27
0.99686,0.40545,96.91063,0.10101,218,1,0.99723,0.41776,1,1.01157,0.36110,1,1.00440,0.38943,1,0.38804,0.43757,22.57288,0.96150,1,0.65087,0.42552,25.33221,0.96793,1,-0.02922,0.01134,0.65720,0.00452,1,0.03571,0.01364,0.64711,0.00491,1,0,0.00000,27
0.99782,0.40272,96.91063,0.10686,218,1,0.99295,0.41968,1,1.03338,0.29853,1,1.01316,0.35911,1,0.38799,0.43759,22.72433,0.97496,1,0.65078,0.42548,25.48399,0.98139,1,-0.02922,0.01134,0.65720,0.00451,1,0.03571,0.01364,0.64711,0.00486,1,0,0.00000,27
0.99873,0.40017,96.91063,0.11372,218,1,0.99491,0.41500,1,1.03338,0.29853,1,1.01415,0.35677,1,0.38790,0.43758,22.54213,0.98139,1,0.65064,0.42549,25.46815,0.98139,1,-0.02886,0.01109,0.64575,0.00452,1,0.03428,0.01311,0.62202,0.00487,1,0,0.00000,27
0.99868,0.39913,96.91063,0.12031,218,1,0.97637,0.40241,1,1.01913,0.35851,1,0.99775,0.38046,1,0.38777,0.43766,22.53844,0.97437,1,0.65068,0.42547,25.55352,0.96793,1,-0.02886,0.01109,0.64575,0.00456,1,0.03428,0.01311,0.62202,0.00489,1,0,0.00000,27
0.99797,0.39941,96.91063,0.12778,218,1,0.96428,0.43439,1,1.00466,0.37516,1,0.98447,0.40477,1,0.38767,0.43771,22.35688,0.96091,1,0.65052,0.42544,25.50418,0.95447,1,-0.02886,0.01109,0.64575,0.00452,1,0.03428,0.01311,0.62202,0.00484,1,0,0.00000,27
0.99705,0.40013,96.91063,0.13454,218,1,0.96049,0.44401,1,0.99703,0.38474,1,0.97876,0.41437,1,0.38759,0.43774,22.48853,0.94745,1,0.65054,0.42549,25.39834,0.94102,1,-0.02886,0.01104,0.64575,0.00452,1,0.03452,0.01319,0.62808,0.00489,1,0,0.00000,27
0.99610,0.40107,96.91063,0.14075,218,1,0.94017,0.44852,1,1.01209,0.39329,1,0.97613,0.42090,1,0.38746,0.43771,22.77061,0.94102,1,0.65041,0.42554,25.38875,0.94102,1,-0.02886,0.01104,0.64575,0.00455,1,0.03452,0.01319,0.62808,0.00488,1,0,0.00000,27
0.99598,0.40097,96.91063,0.14755,218,1,0.98762,0.46369,1,0.99910,0.33407,1,0.99336,0.39888,1,0.38739,0.43779,22.89103,0.94102,1,0.65035,0.42559,25.43900,0.94102,1,-0.02886,0.01104,0.64575,0.00454,1,0.03452,0.01319,0.62808,0.00487,1,0,0.00000,27
0.99600,0.40067,96.91063,0.15413,218,1,0.98981,0.45876,1,1.00308,0.32872,1,0.99645,0.39374,1,0.38722,0.43769,22.82026,0.94804,1,0.65025,0.42558,25.44525,0.94804,1,-0.02945,0.01125,0.65780,0.00454,1,0.03400,0.01304,0.61872,0.00486,1,0,0.00000,27
0.99580,0.39977,96.91063,0.16090,218,1,0.99059,0.44721,1,0.99124,0.30875,1,0.99092,0.37798,1,0.38725,0.43768,22.39950,0.95507,1,0.65002,0.42551,25.78263,0.95507,1,-0.02945,0.01125,0.65780,0.00453,1,0.03400,0.01304,0.61872,0.00488,1,0,0.00000,27
0.99623,0.39807,96.91063,0.16750,218,1,0.98628,0.44375,1,1.02763,0.26752,1,1.00695,0.35563,1,0.38726,0.43763,22.45599,0.96209,1,0.64998,0.42554,25.66971,0.96209,1,-0.02945,0.01125,0.65780,0.00454,1,0.03400,0.01304,0.61872,0.00488,1,0,0.00000,27
0.99681,0.39620,96.91063,0.17428,218,1,0.98841,0.43877,1,1.03542,0.25664,1,1.01191,0.34771,1,0.38708,0.43771,22.45637,0.96912,1,0.64985,0.42561,25.62687,0.97555,1,-0.02952,0.01124,0.65737,0.00456,1,0.03493,0.01332,0.63637,0.00490,1,0,0.00000,27
0.99708,0.39444,96.91063,0.18089,218,1,0.97758,0.38256,1,1.03138,0.31099,1,1.00448,0.34677,1,0.38701,0.43773,22.52714,0.97555,1,0.64986,0.42566,25.75277,0.98199,1,-0.02952,0.01124,0.65737,0.00457,1,0.03493,0.01332,0.63637,0.00489,1,0,0.00000,27
0.99714,0.39261,96.91063,0.18755,218,1,0.97241,0.37536,1,1.02508,0.30757,1,0.99874,0.34146,1,0.38694,0.43783,22.70825,0.98199,1,0.64983,0.42562,25.64187,0.98842,1,-0.02952,0.01124,0.65737,0.00456,1,0.03493,0.01332,0.63637,0.00489,1,0,0.00000,27
0.99718,0.39092,96.91063,0.19428,218,1,0.97224,0.37582,1,1.02474,0.30801,1,0.99849,0.34191,1,0.38693,0.43787,22.60851,0.98139,1,0.64972,0.42562,25.84516,0.98783,1,-0.02849,0.01083,0.63338,0.00456,1,0.03555,0.01359,0.64956,0.00490,1,0,0.00000,27
0.99683,0.38849,96.91063,0.20100,218,1,0.96570,0.36890,1,1.00675,0.26241,1,0.98622,0.31566,1,0.38689,0.43787,22.58590,0.98080,1,0.64987,0.42567,25.79966,0.98080,1,-0.02849,0.01083,0.63338,0.00457,1,0.03555,0.01359,0.64956,0.00487,1,0,0.00000,27
0.99632,0.38669,96.91063,0.20777,218,1,0.96190,0.38178,1,0.99885,0.27999,1,0.98038,0.33089,1,0.38688,0.43786,22.59672,0.97377,1,0.64982,0.42562,25.57613,0.97377,1,-0.02849,0.01083,0.63338,0.00456,1,0.03555,0.01359,0.64956,0.00489,1,0,0.00000,27
0.99346,0.35899,96.91063,0.20777,218,0,0.95997,0.38715,1,0.99501,0.28553,1,0.97749,0.33634,1,0.38685,0.43784,22.57628,0.96675,1,0.64970,0.42570,25.62058,0.96675,1,-0.02849,0.01083,0.63338,0.00457,1,0.03555,0.01359,0.64956,0.00489,1,0,0.00000,27
0.98368,0.34861,96.91063,0.20777,218,0,0.95486,0.39101,1,0.99295,0.28545,1,0.97391,0.33823,1,0.38684,0.43782,22.59152,0.96675,1,0.64967,0.42571,25.54084,0.96675,1,-0.02849,0.01083,0.63338,0.00456,1,0.03555,0.01359,0.64956,0.00488,1,0,0.00000,27
0.97849,0.34352,96.91063,0.20777,218,0,0.94553,0.38181,1,0.99066,0.28484,1,0.96809,0.33333,1,0.38681,0.43779,22.60211,0.96675,1,0.64972,0.42562,25.53575,0.96675,1,-0.02849,0.01083,0.63338,0.00453,1,0.03555,0.01359,0.64956,0.00486,1,0,0.00000,27
0.97589,0.34097,97.12503,0.01994,219,1,0.94553,0.38181,1,0.99066,0.28484,1,0.96809,0.33333,1,0.38682,0.43773,22.63949,0.96675,1,0.64963,0.42566,25.45972,0.96675,1,-0.02849,0.01083,0.63338,0.00458,1,0.03546,0.01361,0.64793,0.00487,1,0,0.00000,27
0.97398,0.34991,97.12503,0.02646,219,1,0.94533,0.43115,1,0.98736,0.34016,1,0.96634,0.38566,1,0.38672,0.43766,22.51553,0.96675,1,0.64968,0.42556,25.47028,0.96675,1,-0.02849,0.01083,0.63338,0.00461,1,0.03546,0.01361,0.64793,0.00485,1,0,0.00000,27
0.97554,0.35260,97.12503,0.03297,219,1,0.97451,0.42252,1,0.99220,0.30967,1,0.98336,0.36609,1,0.38634,0.43764,22.73532,0.96675,1,0.64943,0.42554,25.39922,0.96675,1,-0.02849,0.01083,0.63338,0.00456,1,0.03546,0.01361,0.64793,0.00486,1,0,0.00000,27
0.97666,0.35453,97.12503,0.03963,219,1,0.97451,0.42252,1,0.99220,0.30967,1,0.98336,0.36609,1,0.38589,0.43763,22.66876,0.96675,1,0.64895,0.42548,25.46127,0.96675,1,-0.02858,0.01084,0.63099,0.00456,1,0.03488,0.01342,0.63903,0.00488,1,0,0.00000,27
0.96261,0.35250,97.12503,0.04632,219,1,0.81818,0.39439,1,0.91036,0.28218,1,0.86427,0.33829,1,0.38398,0.43736,22.57549,0.96675,1,0.64761,0.42512,25.17266,0.96675,1,-0.02858,0.01084,0.63099,0.00464,1,0.03488,0.01342,0.63903,0.00477,1,0,0.00000,27
0.94796,0.35319,97.12503,0.05350,219,1,0.79564,0.38160,1,0.86580,0.33574,1,0.83072,0.35867,1,0.38327,0.43748,22.88074,0.96675,1,0.64687,0.42503,25.99541,0.96675,1,-0.02858,0.01084,0.63099,0.00466,1,0.03488,0.01342,0.63903,0.00497,1,0,0.00000,27
0.93642,0.35321,97.12503,0.06026,219,1,0.79643,0.37640,1,0.86876,0.33047,1,0.83260,0.35344,1,0.38246,0.43739,22.81961,0.97377,1,0.64613,0.42497,25.79449,0.97377,1,-0.03036,0.01143,0.66259,0.00460,1,0.03484,0.01355,0.64532,0.00496,1,0,0.00000,27
0.92761,0.35242,97.12503,0.06699,219,1,0.80956,0.36443,1,0.86956,0.32462,1,0.83956,0.34452,1,0.38222,0.43724,22.64128,0.98080,1,0.64551,0.42489,26.13444,0.98080,1,-0.03036,0.01143,0.66259,0.00461,1,0.03484,0.01355,0.64532,0.00500,1,0,0.00000,27
0.91951,0.35075,97.12503,0.07332,219,1,0.78987,0.34439,1,0.87075,0.32025,1,0.83031,0.33232,1,0.38237,0.43721,22.59127,0.98783,1,0.64556,0.42484,25.94392,0.98783,1,-0.03036,0.01143,0.66259,0.00462,1,0.03484,0.01355,0.64532,0.00502,1,0,0.00000,27
0.91279,0.34892,97.12503,0.08031,219,1,0.79060,0.33905,1,0.87367,0.31499,1,0.83214,0.32702,1,0.38245,0.43719,22.45204,0.99485,1,0.64544,0.42477,26.15616,0.99485,1,-0.03036,0.01143,0.66259,0.00460,1,0.03410,0.01331,0.63159,0.00498,1,0,0.00000,27
0.90608,0.34651,97.12503,0.08678,219,1,0.78469,0.33340,1,0.85310,0.29693,1,0.81889,0.31517,1,0.38238,0.43718,22.65927,0.99485,1,0.64542,0.42483,26.14048,0.99485,1,-0.03036,0.01143,0.66259,0.00462,1,0.03410,0.01331,0.63159,0.00500,1,0,0.00000,27
0.89955,0.34441,97.12503,0.09372,219,1,0.77502,0.32463,1,0.84127,0.30527,1,0.80815,0.31495,1,0.38233,0.43709,22.64256,0.99485,1,0.64544,0.42481,26.17550,0.99485,1,-0.03036,0.01143,0.66259,0.00458,1,0.03410,0.01331,0.63159,0.00499,1,0,0.00000,27
0.86649,0.34310,97.12503,0.09372,219,0,0.77502,0.32463,1,0.84127,0.30527,1,0.80815,0.31495,1,0.38235,0.43704,22.49024,0.99485,1,0.64540,0.42491,26.19772,0.99485,1,-0.03036,0.01143,0.66259,0.00460,1,0.03484,0.01355,0.64532,0.00500,1,0,0.00000,27
0.84165,0.33019,97.12503,0.09372,219,0,0.78334,0.33684,1,0.85030,0.29773,1,0.81682,0.31728,1,0.38236,0.43710,22.59837,0.99485,1,0.64542,0.42483,26.30190,0.99485,1,-0.03036,0.01143,0.66259,0.00464,1,0.03484,0.01355,0.64532,0.00498,1,0,0.00000,27
0.83416,0.32522,97.12503,0.09372,219,0,0.78592,0.33050,1,0.85243,0.30008,1,0.81917,0.31529,1,0.38239,0.43704,22.43458,0.99485,1,0.64544,0.42486,26.05542,0.99485,1,-0.03036,0.01143,0.66259,0.00466,1,0.03484,0.01355,0.64532,0.00499,1,0,0.00000,27
0.83041,0.32274,97.22517,0.01965,220,1,0.78592,0.33050,1,0.85243,0.30008,1,0.81917,0.31529,1,0.38242,0.43705,22.46581,0.99485,1,0.64551,0.42492,25.93937,0.99485,1,-0.03036,0.01143,0.66259,0.00465,1,0.03484,0.01355,0.64532,0.00502,1,0,0.00000,27
0.82830,0.32179,97.22517,0.02705,220,1,0.78746,0.33046,1,0.85224,0.30548,1,0.81985,0.31797,1,0.38245,0.43699,22.65794,0.99485,1,0.64568,0.42487,25.74280,0.99485,1,-0.03036,0.01143,0.66259,0.00466,1,0.03484,0.01355,0.64532,0.00502,1,0,0.00000,27
0.82431,0.32171,97.22517,0.03304,220,1,0.78513,0.32617,1,0.82362,0.31652,1,0.80437,0.32134,1,0.38244,0.43699,22.66396,0.99485,1,0.64570,0.42489,25.80364,0.99485,1,-0.03036,0.01143,0.66259,0.00465,1,0.03484,0.01355,0.64532,0.00500,1,0,0.00000,27
0.82173,0.32080,97.22517,0.04019,220,1,0.78591,0.32006,1,0.82653,0.31058,1,0.80622,0.31532,1,0.38241,0.43701,22.81129,1.00276,1,0.64569,0.42492,26.24769,1.00276,1,-0.03139,0.01184,0.68624,0.00464,1,0.03484,0.01355,0.64532,0.00497,1,0,0.00000,27
0.82148,0.31861,97.22517,0.04704,220,1,0.79646,0.30094,1,0.84306,0.30566,1,0.81976,0.30330,1,0.38252,0.43698,22.55142,1.01066,1,0.64578,0.42502,26.17757,1.01066,1,-0.03139,0.01184,0.68624,0.00467,1,0.03484,0.01355,0.64532,0.00499,1,0,0.00000,27
0.82280,0.31686,97.22517,0.05316,220,1,0.80976,0.30005,1,0.85696,0.30566,1,0.83336,0.30286,1,0.38262,0.43696,22.50783,1.01856,1,0.64581,0.42505,26.26981,1.01856,1,-0.03139,0.01184,0.68624,0.00465,1,0.03484,0.01355,0.64532,0.00500,1,0,0.00000,27
0.82398,0.31543,97.22517,0.06071,220,1,0.80892,0.30557,1,0.86018,0.29955,1,0.83455,0.30256,1,0.38266,0.43694,22.60969,1.01154,1,0.64600,0.42500,25.76969,1.02682,1,-0.02941,0.01113,0.64523,0.00464,1,0.03645,0.01414,0.67327,0.00502,1,0,0.00000,27
0.82204,0.31479,97.22517,0.06718,220,1,0.76362,0.30936,1,0.84176,0.30742,1,0.80269,0.30839,1,0.38287,0.43703,22.54066,1.01189,1,0.64610,0.42507,26.04142,1.02716,1,-0.02941,0.01113,0.64523,0.00458,1,0.03645,0.01414,0.67327,0.00499,1,0,0.00000,27
0.82175,0.31005,97.22517,0.07392,220,1,0.77610,0.32001,1,0.86105,0.19574,1,0.81858,0.25787,1,0.38293,0.43698,22.79000,1.01223,1,0.64623,0.42522,26.21840,1.02751,1,-0.02941,0.01113,0.64523,0.00457,1,0.03645,0.01414,0.67327,0.00503,1,0,0.00000,27
0.82156,0.30558,97.22517,0.08018,220,1,0.77746,0.30832,1,0.86105,0.19574,1,0.81926,0.25203,1,0.38302,0.43704,22.88572,1.02751,1,0.64631,0.42521,26.36723,1.02751,1,-0.03085,0.01171,0.67903,0.00454,1,0.03469,0.01342,0.63912,0.00502,1,0,0.00000,27
0.82166,0.30135,97.22517,0.08739,220,1,0.79679,0.28469,1,0.84922,0.20796,1,0.82301,0.24633,1,0.38323,0.43706,22.72931,1.04244,1,0.64655,0.42521,26.21063,1.02716,1,-0.03085,0.01171,0.67903,0.00462,1,0.03469,0.01342,0.63912,0.00501,1,0,0.00000,27
0.82137,0.29858,97.22517,0.09412,220,1,0.77679,0.28161,1,0.85784,0.23783,1,0.81732,0.25972,1,0.38339,0.43706,22.53315,1.04209,1,0.64664,0.42533,26.26940,1.02682,1,-0.03085,0.01171,0.67903,0.00461,1,0.03469,0.01342,0.63912,0.00501,1,0,0.00000,27
0.82100,0.29655,97.22517,0.10085,220,1,0.77608,0.28805,1,0.85465,0.24442,1,0.81537,0.26623,1,0.38362,0.43703,22.58979,1.03384,1,0.64693,0.42522,25.60081,1.01856,1,-0.02997,0.01144,0.66292,0.00455,1,0.03465,0.01323,0.63476,0.00505,1,0,0.00000,27
0.82015,0.29401,97.22517,0.10758,220,1,0.77857,0.28699,1,0.83474,0.21953,1,0.80666,0.25326,1,0.38383,0.43710,22.82283,1.01066,1,0.64717,0.42529,25.91361,1.01066,1,-0.02997,0.01144,0.66292,0.00458,1,0.03465,0.01323,0.63476,0.00500,1,0,0.00000,27
0.82008,0.29404,97.22517,0.11422,220,1,0.79375,0.33393,1,0.84382,0.25538,1,0.81879,0.29465,1,0.38390,0.43711,22.77085,1.00276,1,0.64734,0.42536,25.90158,1.00276,1,-0.02997,0.01144,0.66292,0.00457,1,0.03465,0.01323,0.63476,0.00503,1,0,0.00000,27
0.81982,0.29469,97.22517,0.12087,220,1,0.79216,0.34528,1,0.83810,0.26736,1,0.81513,0.30632,1,0.38412,0.43702,22.61575,0.98783,1,0.64746,0.42541,26.17359,0.98783,1,-0.02849,0.01093,0.63338,0.00463,1,0.03537,0.01344,0.64438,0.00502,1,0,0.00000,27
0.81806,0.29502,97.22517,0.12762,220,1,0.76248,0.33995,1,0.80685,0.26262,1,0.78467,0.30129,1,0.38450,0.43700,22.66972,0.98080,1,0.64782,0.42546,25.80699,0.98080,1,-0.02849,0.01093,0.63338,0.00460,1,0.03537,0.01344,0.64438,0.00501,1,0,0.00000,27
0.81731,0.29565,97.22517,0.13428,220,1,0.78545,0.34712,1,0.81897,0.26938,1,0.80221,0.30825,1,0.38465,0.43700,22.58220,0.97377,1,0.64797,0.42552,25.95630,0.97377,1,-0.02849,0.01093,0.63338,0.00458,1,0.03537,0.01344,0.64438,0.00501,1,0,0.00000,27
0.81654,0.29648,97.22517,0.14101,220,1,0.78474,0.35252,1,0.81636,0.27510,1,0.80055,0.31381,1,0.38484,0.43697,22.59287,0.96675,1,0.64814,0.42552,26.02559,0.96675,1,-0.02886,0.01114,0.64575,0.00464,1,0.03540,0.01337,0.64140,0.00503,1,0,0.00000,27
0.81507,0.29713,97.22517,0.14767,220,1,0.76120,0.33698,1,0.80402,0.28590,1,0.78261,0.31144,1,0.38520,0.43693,22.76623,0.96675,1,0.64858,0.42557,25.94917,0.96675,1,-0.02886,0.01114,0.64575,0.00455,1,0.03540,0.01337,0.64140,0.00498,1,0,0.00000,27
0.81436,0.29816,97.22517,0.15476,220,1,0.77611,0.33483,1,0.81992,0.30912,1,0.79801,0.32198,1,0.38539,0.43677,22.37153,0.96675,1,0.64868,0.42559,25.83857,0.96675,1,-0.02886,0.01114,0.64575,0.00461,1,0.03540,0.01337,0.64140,0.00503,1,0,0.00000,27
0.81370,0.29911,97.22517,0.16103,220,1,0.77611,0.33483,1,0.81992,0.30912,1,0.79801,0.32198,1,0.38555,0.43667,22.22559,0.96675,1,0.64888,0.42565,26.01758,0.96675,1,-0.02884,0.01126,0.64978,0.00462,1,0.03558,0.01337,0.64120,0.00500,1,0,0.00000,27
0.81236,0.29935,97.22517,0.16803,220,1,0.75627,0.31361,1,0.80120,0.29684,1,0.77874,0.30522,1,0.38594,0.43683,22.78991,0.96675,1,0.64935,0.42564,26.04534,0.96675,1,-0.02884,0.01126,0.64978,0.00452,1,0.03558,0.01337,0.64120,0.00500,1,0,0.00000,27
0.81204,0.30005,97.22517,0.17400,220,1,0.78405,0.32663,1,0.82322,0.31017,1,0.80363,0.31840,1,0.38613,0.43669,22.31274,0.96675,1,0.64951,0.42568,25.89477,0.96675,1,-0.02884,0.01126,0.64978,0.00461,1,0.03558,0.01337,0.64120,0.00501,1,0,0.00000,27
0.81180,0.30051,97.22517,0.18065,220,1,0.78476,0.32104,1,0.82588,0.30470,1,0.80532,0.31287,1,0.38630,0.43670,22.66898,0.97377,1,0.64972,0.42573,25.93347,0.97377,1,-0.02876,0.01132,0.65344,0.00456,1,0.03607,0.01343,0.64655,0.00497,1,0,0.00000,27
0.81094,0.30034,97.22517,0.18732,220,1,0.76990,0.29497,1,0.80417,0.29628,1,0.78703,0.29563,1,0.38671,0.43672,22.78437,0.98080,1,0.65011,0.42575,26.06904,0.98080,1,-0.02876,0.01132,0.65344,0.00448,1,0.03607,0.01343,0.64655,0.00499,1,0,0.00000,27
0.81033,0.30009,97.22517,0.19403,220,1,0.75051,0.28512,1,0.83439,0.30036,1,0.79245,0.29274,1,0.38692,0.43674,22.43477,0.98783,1,0.65030,0.42571,25.73287,0.98783,1,-0.02876,0.01132,0.65344,0.00461,1,0.03607,0.01343,0.64655,0.00504,1,0,0.00000,27
0.80980,0.29967,97.22517,0.20144,220,1,0.75098,0.27940,1,0.83706,0.29495,1,0.79402,0.28717,1,0.38716,0.43659,22.80449,0.99485,1,0.65056,0.42587,25.92674,0.99485,1,-0.02879,0.01146,0.65852,0.00456,1,0.03584,0.01323,0.63907,0.00499,1,0,0.00000,27
0.80915,0.30054,97.22517,0.20756,220,1,0.76668,0.33582,1,0.81133,0.31909,1,0.78900,0.32746,1,0.38758,0.43662,22.54929,0.99485,1,0.65085,0.42593,25.87466,0.99485,1,-0.02879,0.01146,0.65852,0.00454,1,0.03584,0.01323,0.63907,0.00501,1,0,0.00000,27
0.80872,0.30058,97.22517,0.21474,220,1,0.75966,0.34176,1,0.83001,0.26214,1,0.79483,0.30195,1,0.38773,0.43659,22.45100,0.99485,1,0.65096,0.42604,26.20855,0.99485,1,-0.02879,0.01146,0.65852,0.00468,1,0.03584,0.01323,0.63907,0.00500,1,0,0.00000,27
0.80831,0.30062,97.22517,0.22114,220,1,0.75966,0.34176,1,0.83001,0.26214,1,0.79483,0.30195,1,0.38797,0.43656,22.68151,0.99485,1,0.65133,0.42604,25.79833,0.99485,1,-0.02893,0.01164,0.66631,0.00456,1,0.03609,0.01325,0.64004,0.00500,1,0,0.00000,27
0.80766,0.30086,97.22517,0.22776,220,1,0.76377,0.33897,1,0.80777,0.27865,1,0.78577,0.30881,1,0.38833,0.43654,22.52908,0.99485,1,0.65159,0.42601,26.10389,0.99485,1,-0.02893,0.01164,0.66631,0.00452,1,0.03609,0.01325,0.64004,0.00499,1,0,0.00000,27
0.80711,0.30110,97.22517,0.23476,220,1,0.75279,0.33732,1,0.82301,0.28149,1,0.78790,0.30941,1,0.38854,0.43665,22.47499,0.99485,1,0.65179,0.42615,26.19254,0.99485,1,-0.02893,0.01164,0.66631,0.00460,1,0.03609,0.01325,0.64004,0.00502,1,0,0.00000,27
0.80660,0.30132,97.22517,0.24070,220,1,0.75279,0.33732,1,0.82301,0.28149,1,0.78790,0.30941,1,0.38873,0.43658,22.76138,0.99485,1,0.65205,0.42616,25.79341,0.99485,1,-0.02825,0.01140,0.65528,0.00456,1,0.03647,0.01332,0.64341,0.00498,1,0,0.00000,27
0.80603,0.30065,97.22517,0.24805,220,1,0.76304,0.33417,1,0.80754,0.21744,1,0.78529,0.27581,1,0.38908,0.43653,22.45633,0.99485,1,0.65239,0.42614,25.69783,0.99485,1,-0.02825,0.01140,0.65528,0.00455,1,0.03647,0.01332,0.64341,0.00504,1,0,0.00000,27
0.80549,0.29957,97.22517,0.25439,220,1,0.74730,0.28644,1,0.82204,0.23061,1,0.78467,0.25853,1,0.38930,0.43659,22.38887,0.99485,1,0.65260,0.42623,25.70082,0.99485,1,-0.02825,0.01140,0.65528,0.00460,1,0.03647,0.01332,0.64341,0.00505,1,0,0.00000,27
0.80497,0.29854,97.22517,0.26152,220,1,0.74730,0.28644,1,0.82204,0.23061,1,0.78467,0.25853,1,0.38948,0.43664,22.50935,0.99485,1,0.65265,0.42623,26.10560,0.99485,1,-0.02785,0.01127,0.65053,0.00457,1,0.03631,0.01314,0.63724,0.00496,1,0,0.00000,27
0.80422,0.29836,97.22517,0.26807,220,1,0.75743,0.33921,1,0.79157,0.24295,1,0.77450,0.29108,1,0.38979,0.43671,22.70709,0.99485,1,0.65306,0.42628,25.81382,0.99485,1,-0.02785,0.01127,0.65053,0.00460,1,0.03631,0.01314,0.63724,0.00504,1,0,0.00000,27
0.80380,0.29766,97.22517,0.27476,220,1,0.76978,0.28157,1,0.80302,0.25601,1,0.78640,0.26879,1,0.38984,0.43676,22.89720,0.99485,1,0.65327,0.42633,25.66366,0.99485,1,-0.02785,0.01127,0.65053,0.00453,1,0.03631,0.01314,0.63724,0.00501,1,0,0.00000,27
0.80342,0.29697,97.22517,0.28157,220,1,0.76919,0.28731,1,0.80588,0.24932,1,0.78754,0.26832,1,0.39008,0.43668,22.33202,0.98783,1,0.65334,0.42642,25.71240,1.00310,1,-0.02740,0.01110,0.64349,0.00461,1,0.03851,0.01385,0.67393,0.00497,1,0,0.00000,27
0.80289,0.29633,97.22517,0.28814,220,1,0.74664,0.28944,1,0.81373,0.24734,1,0.78019,0.26839,1,0.39043,0.43678,22.59901,0.99608,1,0.65359,0.42638,26.16341,1.01136,1,-0.02740,0.01110,0.64349,0.00463,1,0.03851,0.01385,0.67393,0.00502,1,0,0.00000,27
0.80238,0.29548,97.22517,0.29509,220,1,0.75625,0.28308,1,0.80377,0.23311,1,0.78001,0.25809,1,0.39062,0.43690,22.94940,1.00433,1,0.65378,0.42642,26.13604,1.01961,1,-0.02740,0.01110,0.64349,0.00456,1,0.03851,0.01385,0.67393,0.00499,1,0,0.00000,27
0.80190,0.29459,97.22517,0.30157,220,1,0.75683,0.27643,1,0.80382,0.23298,1,0.78033,0.25471,1,0.39081,0.43686,22.55952,1.01258,1,0.65408,0.42646,25.88920,1.01977,1,-0.02701,0.01102,0.63865,0.00460,1,0.03772,0.01352,0.65768,0.00500,1,0,0.00000,27
0.78417,0.27404,97.22517,0.30157,220,0,0.73928,0.28711,1,0.84202,0.24769,1,0.79065,0.26740,1,0.39113,0.43695,22.37696,1.01977,1,0.65429,0.42658,26.25668,1.01168,1,-0.02701,0.01102,0.63865,0.00467,1,0.03772,0.01352,0.65768,0.00502,1,0,0.00000,27
0.78203,0.27769,97.22517,0.30157,220,0,0.76092,0.30125,1,0.79885,0.26144,1,0.77989,0.28134,1,0.39134,0.43695,22.67761,1.01168,1,0.65448,0.42653,26.21332,1.00359,1,-0.02701,0.01102,0.63865,0.00458,1,0.03772,0.01352,0.65768,0.00499,1,0,0.00000,27
0.78075,0.28104,97.22517,0.30157,220,0,0.76032,0.30756,1,0.79610,0.26791,1,0.77821,0.28774,1,0.39155,0.43700,22.72381,1.00359,1,0.65487,0.42663,25.74966,0.99551,1,-0.02714,0.01115,0.64630,0.00460,1,0.03851,0.01367,0.66785,0.00506,1,0,0.00000,27
0.78090,0.28641,97.53321,0.02060,221,1,0.73085,0.32139,1,0.83186,0.28369,1,0.78135,0.30254,1,0.39182,0.43694,22.59386,0.99551,1,0.65510,0.42663,25.99249,0.99551,1,-0.02714,0.01115,0.64630,0.00460,1,0.03851,0.01367,0.66785,0.00503,1,0,0.00000,27
0.78029,0.29128,97.53321,0.02724,221,1,0.75810,0.32744,1,0.79759,0.29401,1,0.77785,0.31072,1,0.39215,0.43698,22.57887,0.99551,1,0.65519,0.42671,26.12609,0.99551,1,-0.02714,0.01115,0.64630,0.00459,1,0.03851,0.01367,0.66785,0.00502,1,0,0.00000,27
0.78012,0.29400,97.53321,0.03384,221,1,0.75810,0.32744,1,0.80036,0.28775,1,0.77923,0.30760,1,0.39202,0.43731,23.82568,0.99551,1,0.65563,0.42668,25.86798,1.00359,1,-0.02682,0.01110,0.64341,0.00454,1,0.03930,0.01381,0.67708,0.00501,1,0,0.00000,27
0.78118,0.29155,97.53321,0.04089,221,1,0.73416,0.33029,1,0.84098,0.22342,1,0.78757,0.27685,1,0.39271,0.43702,22.58088,1.00359,1,0.65593,0.42670,26.03597,1.01168,1,-0.02682,0.01110,0.64341,0.00465,1,0.03930,0.01381,0.67708,0.00500,1,0,0.00000,27
0.78169,0.28917,97.53321,0.04734,221,1,0.76511,0.30979,1,0.80539,0.23529,1,0.78525,0.27254,1,0.39301,0.43694,22.52759,1.01168,1,0.65607,0.42690,26.07603,1.01977,1,-0.02682,0.01110,0.64341,0.00456,1,0.03930,0.01381,0.67708,0.00502,1,0,0.00000,27
0.78212,0.28698,97.53321,0.05399,221,1,0.76574,0.30354,1,0.80539,0.23529,1,0.78557,0.26941,1,0.39304,0.43726,23.37666,1.01977,1,0.65634,0.42695,26.29332,1.01977,1,-0.02692,0.01122,0.65042,0.00455,1,0.03845,0.01343,0.65827,0.00501,1,0,0.00000,27
0.78088,0.28606,97.53321,0.06069,221,1,0.75030,0.29641,1,0.78913,0.25928,1,0.76971,0.27784,1,0.39361,0.43698,22.46980,1.01977,1,0.65686,0.42697,25.96591,1.01168,1,-0.02692,0.01122,0.65042,0.00463,1,0.03845,0.01343,0.65827,0.00502,1,0,0.00000,27
0.78035,0.28654,97.53321,0.06740,221,1,0.73898,0.30786,1,0.81114,0.27475,1,0.77506,0.29131,1,0.39387,0.43698,22.79929,1.01168,1,0.65703,0.42703,26.06383,1.00359,1,-0.02692,0.01122,0.65042,0.00457,1,0.03845,0.01343,0.65827,0.00499,1,0,0.00000,27
0.77979,0.28724,97.53321,0.07409,221,1,0.73892,0.30868,1,0.80823,0.28123,1,0.77357,0.29496,1,0.39386,0.43723,23.51272,1.01062,1,0.65734,0.42716,26.13031,0.99534,1,-0.02723,0.01145,0.66400,0.00454,1,0.03792,0.01316,0.64501,0.00502,1,0,0.00000,27
0.77995,0.28795,97.53321,0.08115,221,1,0.76759,0.31227,1,0.79629,0.28059,1,0.78194,0.29643,1,0.39459,0.43694,22.74433,1.00237,1,0.65785,0.42720,25.68487,0.99518,1,-0.02723,0.01145,0.66400,0.00454,1,0.03792,0.01316,0.64501,0.00504,1,0,0.00000,27
0.77988,0.28810,97.53321,0.08769,221,1,0.72830,0.30566,1,0.82946,0.27439,1,0.77888,0.29002,1,0.39478,0.43699,22.71136,1.00221,1,0.65809,0.42711,25.94404,0.99502,1,-0.02723,0.01145,0.66400,0.00459,1,0.03792,0.01316,0.64501,0.00507,1,0,0.00000,27
0.77992,0.28782,97.53321,0.09422,221,1,0.72864,0.29964,1,0.83235,0.26827,1,0.78050,0.28395,1,0.39488,0.43715,23.64428,1.00995,1,0.65816,0.42718,26.39937,1.00276,1,-0.02781,0.01180,0.68434,0.00457,1,0.03794,0.01305,0.64209,0.00503,1,0,0.00000,27
0.77912,0.28744,97.53321,0.10101,221,1,0.70998,0.28614,1,0.82451,0.27728,1,0.76724,0.28171,1,0.39549,0.43689,22.77875,1.01066,1,0.65880,0.42726,26.14558,1.01066,1,-0.02781,0.01180,0.68434,0.00459,1,0.03794,0.01305,0.64209,0.00505,1,0,0.00000,27
0.77914,0.28688,97.53321,0.10709,221,1,0.73966,0.32773,1,0.81919,0.22814,1,0.77943,0.27794,1,0.39576,0.43671,22.45873,1.01857,1,0.65894,0.42716,26.13070,1.01857,1,-0.02781,0.01180,0.68434,0.00461,1,0.03794,0.01305,0.64209,0.00505,1,0,0.00000,27
0.77915,0.28652,97.53321,0.11427,221,1,0.73928,0.33297,1,0.81925,0.22801,1,0.77927,0.28049,1,0.39584,0.43690,23.32381,1.01154,1,0.65913,0.42737,26.45588,1.01873,1,-0.02576,0.01115,0.64103,0.00455,1,0.03695,0.01259,0.62150,0.00504,1,0,0.00000,27
0.77907,0.28586,97.53321,0.12091,221,1,0.72404,0.31571,1,0.83116,0.23197,1,0.77760,0.27384,1,0.39643,0.43642,22.48770,1.00380,1,0.65967,0.42728,26.25377,1.01099,1,-0.02576,0.01115,0.64103,0.00467,1,0.03695,0.01259,0.62150,0.00502,1,0,0.00000,27
0.77847,0.28536,97.53321,0.12730,221,1,0.75060,0.31862,1,0.78369,0.23320,1,0.76714,0.27591,1,0.39656,0.43653,22.66639,0.99606,1,0.65978,0.42739,26.44027,1.00325,1,-0.02576,0.01115,0.64103,0.00457,1,0.03695,0.01259,0.62150,0.00503,1,0,0.00000,27
0.77780,0.28535,97.53321,0.13392,221,1,0.75009,0.32461,1,0.77882,0.24556,1,0.76446,0.28508,1,0.39671,0.43691,23.60189,0.98832,1,0.66012,0.42735,26.13417,0.98832,1,-0.02574,0.01127,0.64519,0.00453,1,0.17794,0.06137,3.03082,0.00506,0,0,0.00000,27
0.77796,0.28770,97.53321,0.14056,221,1,0.76263,0.38825,1,0.79972,0.28584,1,0.78118,0.33704,1,0.39774,0.43649,22.32111,0.98832,1,0.66088,0.42753,26.36246,0.98113,1,-0.02574,0.01127,0.64519,0.00459,1,0.17794,0.06137,3.03082,0.00510,0,0,0.00000,27
0.77903,0.28994,97.53321,0.14721,221,1,0.78219,0.38849,1,0.82318,0.29007,1,0.80268,0.33928,1,0.39829,0.43646,22.24399,0.98113,1,0.66165,0.42749,26.15428,0.97394,1,-0.02574,0.01127,0.64519,0.00460,1,0.17794,0.06137,3.03082,0.00507,0,0,0.00000,27
0.77995,0.29222,97.53321,0.15413,221,1,0.78148,0.39365,1,0.82048,0.29577,1,0.80098,0.34471,1,0.39913,0.43640,22.42763,0.97394,1,0.66244,0.42757,26.37366,0.96675,1,-0.02541,0.01130,0.64665,0.00458,1,0.03891,0.01296,0.64220,0.00508,1,0,0.00000,27
0.78294,0.29530,97.53321,0.16071,221,1,0.83193,0.39621,1,0.87740,0.34218,1,0.85467,0.36919,1,0.40061,0.43630,22.07001,0.96675,1,0.66387,0.42772,25.87289,0.96675,1,-0.02541,0.01130,0.64665,0.00458,1,0.03891,0.01296,0.64220,0.00493,1,0,0.00000,27
0.78754,0.29675,97.53321,0.16787,221,1,0.86432,0.39786,1,0.94112,0.26825,1,0.90272,0.33306,1,0.40127,0.43654,22.75319,0.96675,1,0.66433,0.42783,24.84074,0.96675,1,-0.02541,0.01130,0.64665,0.00449,1,0.03891,0.01296,0.64220,0.00480,1,0,0.00000,27
0.79181,0.29810,97.53321,0.17440,221,1,0.86432,0.39786,1,0.94112,0.26825,1,0.90272,0.33306,1,0.40241,0.43647,22.71767,0.96675,1,0.66540,0.42801,25.06795,0.96675,1,-0.02461,0.01125,0.64105,0.00454,1,0.03902,0.01282,0.63781,0.00487,1,0,0.00000,27
0.82153,0.31713,97.53321,0.17440,221,0,0.93673,0.40801,1,0.95441,0.30397,1,0.94557,0.35599,1,0.40357,0.43655,22.64334,0.96675,1,0.66606,0.42817,25.05692,0.96675,1,-0.02461,0.01125,0.64105,0.00461,1,0.03902,0.01282,0.63781,0.00476,1,0,0.00000,27
0.87959,0.33558,97.53321,0.17440,221,0,0.89996,0.41051,1,0.97532,0.29754,1,0.93764,0.35402,1,0.40373,0.43659,22.30395,0.96675,1,0.66621,0.42818,24.82868,0.96675,1,-0.02461,0.01125,0.64105,0.00457,1,0.03902,0.01282,0.63781,0.00476,1,0,0.00000,27
0.89894,0.34173,97.53321,0.17440,221,0,0.89996,0.41051,1,0.97532,0.29754,1,0.93764,0.35402,1,0.40419,0.43654,22.57209,0.96675,1,0.66657,0.42829,24.98832,0.96675,1,-0.02433,0.01121,0.63874,0.00462,1,0.03880,0.01269,0.63114,0.00476,1,0,0.00000,27
0.93864,0.35375,97.53321,0.17440,221,0,0.92117,0.40602,1,0.96008,0.30041,1,0.94062,0.35321,1,0.40430,0.43650,22.72961,0.96675,1,0.66677,0.42831,25.25016,0.96675,1,-0.02433,0.01121,0.63874,0.00463,1,0.03880,0.01269,0.63114,0.00478,1,0,0.00000,27
0.93793,0.35516,97.53321,0.17440,221,0,0.93231,0.40418,1,0.94214,0.30896,1,0.93722,0.35657,1,0.40440,0.43657,22.57452,0.96675,1,0.66689,0.42832,25.16179,0.96675,1,-0.02433,0.01121,0.63874,0.00458,1,0.03880,0.01269,0.63114,0.00476,1,0,0.00000,27
0.93770,0.35563,97.53321,0.17440,221,0,0.93231,0.40418,1,0.94214,0.30896,1,0.93722,0.35657,1,0.40447,0.43655,22.52271,0.96675,1,0.66715,0.42835,24.88433,0.96675,1,-0.02426,0.01122,0.64189,0.00461,1,0.03978,0.01285,0.64389,0.00480,1,0,0.00000,27
0.93793,0.35728,97.73463,0.02187,222,1,0.89371,0.40902,1,0.98357,0.31539,1,0.93864,0.36221,1,0.40474,0.43661,22.40371,0.96675,1,0.66735,0.42848,25.00118,0.96675,1,-0.02426,0.01122,0.64189,0.00456,1,0.03978,0.01285,0.64389,0.00482,1,0,0.00000,27
0.93180,0.36028,97.73463,0.02867,222,1,0.90211,0.41031,1,0.91244,0.33431,1,0.90728,0.37231,1,0.40475,0.43660,22.44142,0.96675,1,0.66740,0.42853,25.11225,0.96675,1,-0.02426,0.01122,0.64189,0.00455,1,0.03978,0.01285,0.64389,0.00477,1,0,0.00000,27
0.92771,0.36229,97.73463,0.03523,222,1,0.90211,0.41031,1,0.91244,0.33431,1,0.90728,0.37231,1,0.40491,0.43652,22.69176,0.96675,1,0.66759,0.42856,25.11567,0.96675,1,-0.02419,0.01114,0.64015,0.00458,1,0.04025,0.01296,0.64984,0.00479,1,0,0.00000,27
0.92799,0.36374,97.73463,0.04060,222,1,0.92026,0.41011,1,0.93898,0.33489,1,0.92962,0.37250,1,0.40508,0.43652,22.46192,0.96675,1,0.66776,0.42853,25.09459,0.96675,1,-0.02419,0.01114,0.64015,0.00458,1,0.04025,0.01296,0.64984,0.00483,1,0,0.00000,27
0.93000,0.36457,97.73463,0.04688,222,1,0.92946,0.40464,1,0.95870,0.33607,1,0.94408,0.37036,1,0.40520,0.43652,22.54551,0.96675,1,0.66782,0.42855,25.06237,0.96675,1,-0.02419,0.01114,0.64015,0.00456,1,0.04025,0.01296,0.64984,0.00479,1,0,0.00000,27
0.93156,0.36521,97.73463,0.05395,222,1,0.92946,0.40464,1,0.95870,0.33607,1,0.94408,0.37036,1,0.40521,0.43652,22.49337,0.96675,1,0.66803,0.42871,24.87354,0.96675,1,-0.02394,0.01116,0.63847,0.00459,1,0.03952,0.01270,0.63665,0.00482,1,0,0.00000,27
0.93124,0.36316,97.73463,0.06033,222,1,0.90812,0.42532,1,0.94852,0.26396,1,0.92832,0.34464,1,0.40549,0.43655,22.36005,0.96675,1,0.66816,0.42869,25.00058,0.96675,1,-0.02394,0.01116,0.63847,0.00459,1,0.03952,0.01270,0.63665,0.00479,1,0,0.00000,27
0.92909,0.36122,97.73463,0.06691,222,1,0.88909,0.39693,1,0.92616,0.28687,1,0.90763,0.34190,1,0.40552,0.43658,22.46865,0.96675,1,0.66825,0.42862,24.76951,0.96675,1,-0.02394,0.01116,0.63847,0.00455,1,0.03952,0.01270,0.63665,0.00480,1,0,0.00000,27
0.92745,0.35938,97.73463,0.07404,222,1,0.88909,0.39693,1,0.92960,0.28117,1,0.90935,0.33905,1,0.40559,0.43651,22.53465,0.96675,1,0.66839,0.42868,24.84981,0.97394,1,-0.02394,0.01116,0.63847,0.00455,1,0.04152,0.01329,0.66631,0.00479,1,0,0.00000,27
0.92736,0.35805,97.73463,0.08034,222,1,0.90333,0.39076,1,0.94946,0.29356,1,0.92639,0.34216,1,0.40567,0.43647,22.61868,0.97394,1,0.66852,0.42871,25.03979,0.98113,1,-0.02394,0.01116,0.63847,0.00453,1,0.04152,0.01329,0.66631,0.00477,1,0,0.00000,27
0.92823,0.35650,97.73463,0.08716,222,1,0.92037,0.37295,1,0.95864,0.29980,1,0.93950,0.33638,1,0.40577,0.43645,22.59947,0.98113,1,0.66857,0.42870,24.93130,0.98832,1,-0.02394,0.01116,0.63847,0.00456,1,0.04152,0.01329,0.66631,0.00475,1,0,0.00000,27
0.92921,0.35462,97.73463,0.09390,222,1,0.92367,0.36214,1,0.96215,0.29445,1,0.94291,0.32830,1,0.40592,0.43646,22.51579,0.99534,1,0.66867,0.42868,25.01999,0.99534,1,-0.02469,0.01163,0.66246,0.00454,1,0.03944,0.01257,0.63226,0.00476,1,0,0.00000,27
0.93086,0.35188,97.73463,0.10052,222,1,0.92873,0.35768,1,0.98266,0.26376,1,0.95569,0.31072,1,0.40602,0.43642,22.25886,1.00237,1,0.66889,0.42875,24.94192,0.99518,1,-0.02469,0.01163,0.66246,0.00456,1,0.03944,0.01257,0.63226,0.00475,1,0,0.00000,27
0.93195,0.34962,97.73463,0.10715,222,1,0.93601,0.34920,1,0.96262,0.27789,1,0.94931,0.31355,1,0.40596,0.43641,22.57359,1.00221,1,0.66891,0.42873,24.83489,0.99502,1,-0.02469,0.01163,0.66246,0.00454,1,0.03944,0.01257,0.63226,0.00471,1,0,0.00000,27
0.93277,0.34793,97.73463,0.11395,222,1,0.93427,0.35475,1,0.95903,0.28348,1,0.94665,0.31912,1,0.40609,0.43629,22.57500,0.99502,1,0.66896,0.42876,24.80483,0.98783,1,-0.02338,0.01104,0.62880,0.00453,1,0.04008,0.01282,0.64252,0.00472,1,0,0.00000,27
0.93314,0.34687,97.73463,0.11994,222,1,0.94255,0.36545,1,0.93720,0.29025,1,0.93987,0.32785,1,0.40619,0.43621,22.37644,0.98080,1,0.66905,0.42872,24.71509,0.98080,1,-0.02338,0.01104,0.62880,0.00453,1,0.04008,0.01282,0.64252,0.00475,1,0,0.00000,27
0.93253,0.34620,97.73463,0.12640,222,1,0.91634,0.36583,1,0.92561,0.30110,1,0.92097,0.33347,1,0.40620,0.43622,22.36976,0.97377,1,0.66907,0.42878,24.52368,0.97377,1,-0.02338,0.01104,0.62880,0.00453,1,0.04008,0.01282,0.64252,0.00473,1,0,0.00000,27
0.93186,0.34586,97.73463,0.13335,222,1,0.91472,0.37126,1,0.92227,0.30654,1,0.91850,0.33890,1,0.40620,0.43622,22.36976,0.96675,1,0.66913,0.42875,24.72613,0.96675,1,-0.02338,0.01104,0.62880,0.00453,1,0.04041,0.01284,0.64628,0.00467,1,0,0.00000,27
0.93024,0.34544,97.73463,0.13980,222,1,0.88421,0.35510,1,0.90824,0.31837,1,0.89623,0.33673,1,0.40623,0.43621,22.36498,0.96675,1,0.66914,0.42876,24.72194,0.96675,1,-0.02338,0.01104,0.62880,0.00457,1,0.04041,0.01284,0.64628,0.00471,1,0,0.00000,27
0.92908,0.34434,97.73463,0.14709,222,1,0.87879,0.35645,1,0.92820,0.28375,1,0.90350,0.32010,1,0.40617,0.43617,22.41299,0.96675,1,0.66914,0.42870,24.71367,0.96675,1,-0.02338,0.01104,0.62880,0.00454,1,0.04041,0.01284,0.64628,0.00466,1,0,0.00000,27
0.92802,0.34333,97.73463,0.15389,222,1,0.87879,0.35645,1,0.92820,0.28375,1,0.90350,0.32010,1,0.40617,0.43610,22.37541,0.96675,1,0.66918,0.42866,24.81721,0.96675,1,-0.02338,0.01104,0.62880,0.00454,1,0.04031,0.01283,0.64308,0.00467,1,0,0.00000,27
0.92724,0.34252,97.73463,0.16013,222,1,0.88215,0.34986,1,0.93489,0.29630,1,0.90852,0.32308,1,0.40620,0.43603,22.54292,0.96675,1,0.66918,0.42855,24.74121,0.96675,1,-0.02338,0.01104,0.62880,0.00454,1,0.04031,0.01283,0.64308,0.00473,1,0,0.00000,27
0.92620,0.34119,97.73463,0.16741,222,1,0.87553,0.33879,1,0.92513,0.27695,1,0.90033,0.30787,1,0.40620,0.43600,22.52950,0.96675,1,0.66911,0.42862,24.77471,0.96675,1,-0.02338,0.01104,0.62880,0.00455,1,0.04031,0.01283,0.64308,0.00473,1,0,0.00000,27
0.92531,0.33985,97.73463,0.17377,222,1,0.87553,0.33879,1,0.92856,0.27118,1,0.90205,0.30499,1,0.40614,0.43602,22.57004,0.96675,1,0.66910,0.42857,24.75540,0.97394,1,-0.02338,0.01104,0.62880,0.00457,1,0.04132,0.01317,0.65991,0.00471,1,0,0.00000,27
0.92478,0.33817,97.73463,0.18040,222,1,0.90116,0.32210,1,0.92002,0.26401,1,0.91059,0.29306,1,0.40616,0.43600,22.43885,0.97394,1,0.66908,0.42848,24.87862,0.98113,1,-0.02338,0.01104,0.62880,0.00455,1,0.04132,0.01317,0.65991,0.00470,1,0,0.00000,27
0.92523,0.33602,97.73463,0.18713,222,1,0.93110,0.31339,1,0.94461,0.23794,1,0.93786,0.27567,1,0.40611,0.43592,22.57877,0.98113,1,0.66904,0.42844,24.77714,0.98832,1,-0.02338,0.01104,0.62880,0.00458,1,0.04132,0.01317,0.65991,0.00473,1,0,0.00000,27
0.92577,0.33372,97.73463,0.19341,222,1,0.93453,0.30164,1,0.94801,0.23217,1,0.94127,0.26691,1,0.40603,0.43583,22.63836,0.99534,1,0.66909,0.42845,24.56816,0.99534,1,-0.02469,0.01163,0.66246,0.00456,1,0.04041,0.01294,0.64628,0.00474,1,0,0.00000,27
0.91432,0.30704,97.73463,0.19341,222,0,0.92550,0.29662,1,0.93161,0.23068,1,0.92856,0.26365,1,0.40585,0.43584,22.54571,1.00237,1,0.66902,0.42848,24.80612,0.99518,1,-0.02469,0.01163,0.66246,0.00454,1,0.04041,0.01294,0.64628,0.00471,1,0,0.00000,27
0.92351,0.30203,97.73463,0.19341,222,0,0.91282,0.30063,1,0.95257,0.29339,1,0.93270,0.29701,1,0.40580,0.43586,22.47549,1.00221,1,0.66896,0.42844,24.81764,0.99502,1,-0.02469,0.01163,0.66246,0.00455,1,0.04041,0.01294,0.64628,0.00471,1,0,0.00000,27
0.92655,0.30040,97.73463,0.19341,222,0,0.91279,0.30076,1,0.95249,0.29351,1,0.93264,0.29714,1,0.40572,0.43587,22.58981,1.00204,1,0.66882,0.42845,24.82947,0.99485,1,-0.02458,0.01153,0.65690,0.00453,1,0.04008,0.01291,0.64252,0.00469,1,0,0.00000,27
0.92058,0.29793,97.93518,0.02003,223,1,0.87972,0.29360,1,0.92559,0.28748,1,0.90266,0.29054,1,0.40518,0.43585,22.43328,0.99485,1,0.66852,0.42834,24.96141,0.99485,1,-0.02458,0.01153,0.65690,0.00451,1,0.04008,0.01291,0.64252,0.00488,1,0,0.00000,27
0.90309,0.29670,97.93518,0.02716,223,1,0.78633,0.29956,1,0.87990,0.28400,1,0.83311,0.29178,1,0.40420,0.43583,22.25465,0.99485,1,0.66785,0.42818,25.72275,0.99485,1,-0.02458,0.01153,0.65690,0.00458,1,0.04008,0.01291,0.64252,0.00507,1,0,0.00000,27
0.89112,0.29681,97.93518,0.03352,223,1,0.78562,0.30519,1,0.87695,0.28947,1,0.83128,0.29733,1,0.40299,0.43592,22.58845,0.98783,1,0.66691,0.42811,25.77612,0.98783,1,-0.02433,0.01121,0.63874,0.00456,1,0.03978,0.01294,0.64389,0.00505,1,0,0.00000,27
0.87034,0.29503,97.93518,0.04052,223,1,0.69404,0.29551,1,0.79731,0.27317,1,0.74568,0.28434,1,0.40100,0.43604,23.21815,0.98080,1,0.66524,0.42796,25.90286,0.98080,1,-0.02433,0.01121,0.63874,0.00456,1,0.03978,0.01294,0.64389,0.00508,1,0,0.00000,27
0.85175,0.29492,97.93518,0.04667,223,1,0.68096,0.31175,1,0.76228,0.27665,1,0.72162,0.29420,1,0.40029,0.43617,22.82380,0.97377,1,0.66441,0.42801,25.92518,0.97377,1,-0.02433,0.01121,0.63874,0.00454,1,0.03978,0.01294,0.64389,0.00505,1,0,0.00000,27
0.83729,0.29514,97.93518,0.05360,223,1,0.68096,0.31727,1,0.76233,0.27652,1,0.72164,0.29689,1,0.39942,0.43616,22.91268,0.96675,1,0.66350,0.42793,26.15942,0.97394,1,-0.02451,0.01112,0.63363,0.00451,1,0.04071,0.01336,0.66462,0.00503,1,0,0.00000,27
0.82385,0.29544,97.93518,0.06008,223,1,0.67724,0.32265,1,0.72844,0.27350,1,0.70284,0.29807,1,0.39893,0.43628,22.86589,0.97394,1,0.66272,0.42788,26.00403,0.98113,1,-0.02451,0.01112,0.63363,0.00448,1,0.04071,0.01336,0.66462,0.00507,1,0,0.00000,27
0.81412,0.29455,97.93518,0.06723,223,1,0.68254,0.30815,1,0.75116,0.26321,1,0.71685,0.28568,1,0.39895,0.43621,22.73487,0.98113,1,0.66266,0.42782,25.97227,0.98832,1,-0.02451,0.01112,0.63363,0.00447,1,0.04071,0.01336,0.66462,0.00506,1,0,0.00000,27
0.80629,0.29234,97.93518,0.07327,223,1,0.68256,0.29081,1,0.75779,0.24523,1,0.72017,0.26802,1,0.39886,0.43613,22.79686,1.00325,1,0.66249,0.42770,25.79553,1.01044,1,-0.02683,0.01212,0.69070,0.00443,1,0.04040,0.01342,0.66274,0.00511,1,0,0.00000,27
0.79832,0.29001,97.93518,0.07993,223,1,0.65991,0.30152,1,0.74532,0.22269,1,0.70262,0.26211,1,0.39873,0.43623,22.95974,1.02537,1,0.66237,0.42764,25.47851,1.02537,1,-0.02683,0.01212,0.69070,0.00446,1,0.04040,0.01342,0.66274,0.00514,1,0,0.00000,27
0.79218,0.28613,97.93518,0.08686,223,1,0.65266,0.27880,1,0.77213,0.19239,1,0.71239,0.23560,1,0.39860,0.43619,23.01134,1.04030,1,0.66234,0.42775,25.67247,1.04030,1,-0.02683,0.01212,0.69070,0.00447,1,0.04040,0.01342,0.66274,0.00519,1,0,0.00000,27
0.75194,0.27835,97.93518,0.08686,223,0,0.65266,0.27880,1,0.77213,0.19239,1,0.71239,0.23560,1,0.39844,0.43623,23.06038,1.04030,1,0.66211,0.42778,26.23785,1.04030,1,-0.02478,0.01115,0.63550,0.00448,1,0.04036,0.01344,0.66374,0.00510,1,0,0.00000,27
0.72823,0.26052,97.93518,0.08686,223,0,0.66007,0.28430,1,0.74895,0.20107,1,0.70451,0.24269,1,0.39828,0.43621,23.10853,1.02537,1,0.66201,0.42772,26.43478,1.02537,1,-0.02478,0.01115,0.63550,0.00446,1,0.04036,0.01344,0.66374,0.00506,1,0,0.00000,27
0.72348,0.25826,97.93518,0.08686,223,0,0.69047,0.30568,1,0.73750,0.20182,1,0.71399,0.25375,1,0.39817,0.43624,23.02003,1.01044,1,0.66188,0.42768,26.46604,1.01044,1,-0.02478,0.01115,0.63550,0.00445,1,0.04036,0.01344,0.66374,0.00508,1,0,0.00000,27
0.72082,0.25873,98.02852,0.02041,224,1,0.69040,0.31172,1,0.73529,0.20859,1,0.71285,0.26015,1,0.39805,0.43623,22.99156,1.00253,1,0.66172,0.42750,26.13558,1.00253,1,-0.02553,0.01147,0.65363,0.00450,1,0.04036,0.01344,0.66374,0.00512,1,0,0.00000,27
0.71487,0.25815,98.02852,0.02702,224,1,0.65669,0.30961,1,0.72548,0.20196,1,0.69108,0.25579,1,0.39792,0.43617,23.10189,1.00956,1,0.66167,0.42739,26.06385,1.00956,1,-0.02553,0.01147,0.65363,0.00446,1,0.04036,0.01344,0.66374,0.00512,1,0,0.00000,27
0.71022,0.25455,98.02852,0.03391,224,1,0.65358,0.29539,1,0.72038,0.17777,1,0.68698,0.23658,1,0.39782,0.43610,23.00592,1.01658,1,0.66164,0.42735,26.05238,1.01658,1,-0.02553,0.01147,0.65363,0.00449,1,0.04036,0.01344,0.66374,0.00512,1,0,0.00000,27
0.70702,0.25116,98.02852,0.04055,224,1,0.65339,0.29002,1,0.72222,0.17162,1,0.68781,0.23082,1,0.39772,0.43619,23.12290,1.02361,1,0.66157,0.42739,26.16355,1.02361,1,-0.02606,0.01166,0.66450,0.00444,1,0.04021,0.01342,0.66285,0.00510,1,0,0.00000,27
0.70470,0.24809,98.02852,0.04720,224,1,0.63661,0.28204,1,0.74033,0.17112,1,0.68847,0.22658,1,0.39756,0.43619,23.10963,1.02361,1,0.66141,0.42724,26.09385,1.02361,1,-0.02606,0.01166,0.66450,0.00450,1,0.04021,0.01342,0.66285,0.00513,1,0,0.00000,27
0.70377,0.24819,98.02852,0.05357,224,1,0.66405,0.28179,1,0.72859,0.21614,1,0.69632,0.24897,1,0.39747,0.43616,23.12054,1.02361,1,0.66129,0.42734,26.39036,1.02361,1,-0.02606,0.01166,0.66450,0.00450,1,0.04021,0.01342,0.66285,0.00513,1,0,0.00000,27
0.70284,0.24913,98.02852,0.06081,224,1,0.66417,0.28723,1,0.72478,0.22797,1,0.69447,0.25760,1,0.39739,0.43618,22.98497,1.01658,1,0.66124,0.42731,26.34098,1.00940,1,-0.02541,0.01135,0.64665,0.00450,1,0.03866,0.01292,0.63822,0.00512,1,0,0.00000,27
0.70153,0.25054,98.02852,0.06752,224,1,0.63912,0.29330,1,0.73761,0.23598,1,0.68836,0.26464,1,0.39729,0.43618,23.04662,1.00237,1,0.66106,0.42731,26.45843,0.99518,1,-0.02541,0.01135,0.64665,0.00454,1,0.03866,0.01292,0.63822,0.00514,1,0,0.00000,27
0.70126,0.25284,98.02852,0.07401,224,1,0.67010,0.30676,1,0.72651,0.24955,1,0.69830,0.27816,1,0.39721,0.43619,23.12360,0.98815,1,0.66099,0.42733,26.31048,0.98096,1,-0.02541,0.01135,0.64665,0.00450,1,0.03866,0.01292,0.63822,0.00511,1,0,0.00000,27
0.70103,0.25500,98.02852,0.08081,224,1,0.67018,0.31235,1,0.72651,0.24955,1,0.69834,0.28095,1,0.39711,0.43616,23.07921,0.98096,1,0.66101,0.42734,26.12903,0.98096,1,-0.02591,0.01155,0.65831,0.00449,1,0.03989,0.01335,0.65923,0.00516,1,0,0.00000,27
0.69996,0.25663,98.02852,0.08710,224,1,0.65922,0.30171,1,0.71293,0.25382,1,0.68607,0.27777,1,0.39702,0.43615,23.06243,0.98799,1,0.66088,0.42730,26.10428,0.99518,1,-0.02591,0.01155,0.65831,0.00452,1,0.03989,0.01335,0.65923,0.00512,1,0,0.00000,27
0.69861,0.25731,98.02852,0.09401,224,1,0.64774,0.30583,1,0.71170,0.22795,1,0.67972,0.26689,1,0.39696,0.43616,23.08712,1.00221,1,0.66088,0.42730,26.10428,1.00940,1,-0.02591,0.01155,0.65831,0.00453,1,0.03989,0.01335,0.65923,0.00512,1,0,0.00000,27
0.69748,0.25739,98.02852,0.10229,224,1,0.64728,0.29498,1,0.71350,0.22209,1,0.68039,0.25854,1,0.39691,0.43624,23.25898,1.01642,1,0.66072,0.42713,26.13233,1.01642,1,-0.02600,0.01155,0.65791,0.00451,1,0.17971,0.06151,3.03739,0.00515,0,0,0.00000,27
0.69556,0.25735,98.02852,0.10778,224,1,0.63132,0.27981,1,0.69866,0.23355,1,0.66499,0.25668,1,0.39674,0.43622,23.21686,1.01642,1,0.66069,0.42710,25.74363,1.00923,1,-0.02600,0.01155,0.65791,0.00453,1,0.17971,0.06151,3.03739,0.00515,0,0,0.00000,27
0.69443,0.25799,98.02852,0.11426,224,1,0.65621,0.28848,1,0.69410,0.24938,1,0.67516,0.26893,1,0.39670,0.43618,23.34158,1.00923,1,0.66062,0.42713,25.89703,1.00204,1,-0.02600,0.01155,0.65791,0.00452,1,0.17971,0.06151,3.03739,0.00515,0,0,0.00000,27
0.69333,0.25916,98.02852,0.12102,224,1,0.65655,0.29952,1,0.69066,0.26105,1,0.67361,0.28029,1,0.39658,0.43621,23.20698,0.99502,1,0.66040,0.42741,26.58047,0.98783,1,-0.02533,0.01123,0.63975,0.00454,1,0.17912,0.06146,3.03525,0.00515,0,0,0.00000,27
0.69319,0.26081,98.02852,0.12760,224,1,0.64635,0.33171,1,0.73439,0.25246,1,0.69037,0.29208,1,0.39650,0.43637,23.36992,0.98080,1,0.66033,0.42737,26.12417,0.98080,1,-0.02533,0.01123,0.63975,0.00453,1,0.17912,0.06146,3.03525,0.00518,0,0,0.00000,27
0.69341,0.26344,98.02852,0.13433,224,1,0.66696,0.33880,1,0.72895,0.29320,1,0.69795,0.31600,1,0.39641,0.43636,23.34882,0.97377,1,0.66028,0.42735,26.15674,0.97377,1,-0.02533,0.01123,0.63975,0.00451,1,0.17912,0.06146,3.03525,0.00516,0,0,0.00000,27
0.69371,0.26542,98.02852,0.14117,224,1,0.66685,0.33283,1,0.73323,0.28117,1,0.70004,0.30700,1,0.39629,0.43639,23.29532,0.98168,1,0.66023,0.42749,26.18067,0.98887,1,-0.02700,0.01192,0.67947,0.00456,1,0.03957,0.01331,0.65722,0.00518,1,0,0.00000,27
0.69315,0.26659,98.02852,0.14786,224,1,0.64524,0.32049,1,0.71616,0.26436,1,0.68070,0.29242,1,0.39619,0.43643,23.30493,1.00380,1,0.66023,0.42752,25.87200,1.01099,1,-0.02700,0.01192,0.67947,0.00454,1,0.03957,0.01331,0.65722,0.00522,1,0,0.00000,27
0.69241,0.26736,98.02852,0.15461,224,1,0.64698,0.31395,1,0.70388,0.25608,1,0.67543,0.28502,1,0.39610,0.43654,23.31523,1.02592,1,0.66016,0.42757,25.94966,1.03311,1,-0.02700,0.01192,0.67947,0.00451,1,0.03957,0.01331,0.65722,0.00523,1,0,0.00000,27
0.69179,0.26763,98.02852,0.16103,224,1,0.64652,0.30346,1,0.70735,0.24488,1,0.67693,0.27417,1,0.39598,0.43659,23.34428,1.04013,1,0.65996,0.42755,26.17470,1.04732,1,-0.02616,0.01153,0.65699,0.00455,1,0.03959,0.01335,0.65927,0.00513,1,0,0.00000,27
0.69025,0.26821,98.02852,0.16796,224,1,0.61421,0.31352,1,0.68912,0.25181,1,0.65166,0.28267,1,0.39583,0.43656,23.43620,1.03942,1,0.65960,0.42755,26.37230,1.03942,1,-0.02616,0.01153,0.65699,0.00456,1,0.03959,0.01335,0.65927,0.00517,1,0,0.00000,27
0.69019,0.26926,98.02852,0.17455,224,1,0.63582,0.33349,1,0.74155,0.25952,1,0.68868,0.29650,1,0.39570,0.43658,23.42542,1.03152,1,0.65954,0.42754,26.24830,1.03152,1,-0.02616,0.01153,0.65699,0.00455,1,0.03959,0.01335,0.65927,0.00520,1,0,0.00000,27
0.69004,0.27073,98.02852,0.18140,224,1,0.63645,0.34414,1,0.73537,0.27686,1,0.68591,0.31050,1,0.39558,0.43671,23.36059,1.01658,1,0.65950,0.42752,26.27204,1.00940,1,-0.02570,0.01131,0.64425,0.00455,1,0.17794,0.06137,3.03082,0.00519,0,0,0.00000,27
0.68966,0.27247,98.02852,0.18805,224,1,0.64722,0.36081,1,0.71076,0.28165,1,0.67899,0.32123,1,0.39547,0.43674,23.30248,1.00237,1,0.65940,0.42748,25.94663,0.99518,1,-0.02570,0.01131,0.64425,0.00459,1,0.17794,0.06137,3.03082,0.00517,0,0,0.00000,27
0.68902,0.27342,98.02852,0.19524,224,1,0.64244,0.30968,1,0.69856,0.29214,1,0.67050,0.30091,1,0.39532,0.43681,23.33080,0.98815,1,0.65938,0.42754,26.07336,0.98096,1,-0.02570,0.01131,0.64425,0.00460,1,0.17794,0.06137,3.03082,0.00522,0,0,0.00000,27
0.68065,0.29851,98.02852,0.19524,224,0,0.64271,0.31521,1,0.69856,0.29214,1,0.67063,0.30367,1,0.39523,0.43678,23.41444,0.98096,1,0.65921,0.42753,26.15291,0.98096,1,-0.02666,0.01161,0.66451,0.00454,1,0.03856,0.01307,0.64530,0.00527,1,0,0.00000,27
0.66628,0.31523,98.02852,0.19524,224,0,0.62329,0.36951,1,0.68052,0.29440,1,0.65191,0.33195,1,0.39514,0.43688,23.42415,0.98799,1,0.65882,0.42747,26.28221,0.99518,1,-0.02666,0.01161,0.66451,0.00453,1,0.03856,0.01307,0.64530,0.00522,1,0,0.00000,27
0.66203,0.31305,98.02852,0.19524,224,0,0.64242,0.36343,1,0.66464,0.25393,1,0.65353,0.30868,1,0.39501,0.43694,23.46828,1.00221,1,0.65882,0.42739,26.30829,1.00940,1,-0.02666,0.01161,0.66451,0.00452,1,0.03856,0.01307,0.64530,0.00522,1,0,0.00000,27
0.65987,0.31132,98.22997,0.02032,225,1,0.64215,0.35836,1,0.66464,0.25393,1,0.65339,0.30614,1,0.39483,0.43679,23.59023,1.00940,1,0.65872,0.42740,26.46533,1.00940,1,-0.02599,0.01130,0.64667,0.00454,1,0.17659,0.06122,3.02331,0.00518,0,0,0.00000,27
0.66414,0.31067,98.22997,0.02674,225,1,0.65546,0.36573,1,0.70693,0.25037,1,0.68120,0.30805,1,0.39474,0.43680,23.32210,1.00237,1,0.65855,0.42718,26.12084,0.99518,1,-0.02599,0.01130,0.64667,0.00455,1,0.17659,0.06122,3.02331,0.00520,0,0,0.00000,27
0.66556,0.31139,98.22997,0.03355,225,1,0.64539,0.36227,1,0.69993,0.26775,1,0.67266,0.31501,1,0.39465,0.43685,23.36399,0.98815,1,0.65853,0.42718,25.83701,0.98096,1,-0.02599,0.01130,0.64667,0.00452,1,0.17659,0.06122,3.02331,0.00529,0,0,0.00000,27
0.66646,0.31270,98.22997,0.04018,225,1,0.64564,0.36743,1,0.69810,0.27364,1,0.67187,0.32053,1,0.39450,0.43683,23.26410,0.98096,1,0.65852,0.42700,25.65561,0.97377,1,-0.02558,0.01106,0.63290,0.00458,1,0.17640,0.06131,3.02775,0.00523,0,0,0.00000,27
0.66540,0.31260,98.22997,0.04681,225,1,0.63383,0.37937,1,0.68219,0.24439,1,0.65801,0.31188,1,0.39439,0.43680,23.42034,0.98080,1,0.65828,0.42689,25.66050,0.98080,1,-0.02558,0.01106,0.63290,0.00451,1,0.17640,0.06131,3.02775,0.00524,0,0,0.00000,27
0.66353,0.31129,98.22997,0.05333,225,1,0.62324,0.36838,1,0.67391,0.23324,1,0.64857,0.30081,1,0.39438,0.43673,23.54639,0.98783,1,0.65820,0.42703,25.92396,0.98783,1,-0.02558,0.01106,0.63290,0.00450,1,0.17640,0.06131,3.02775,0.00518,0,0,0.00000,27
0.66218,0.30939,98.22997,0.06018,225,1,0.62284,0.36341,1,0.67712,0.22116,1,0.64998,0.29229,1,0.39426,0.43677,23.59181,0.99485,1,0.65803,0.42710,26.31455,1.00204,1,-0.02793,0.01213,0.69110,0.00456,1,0.03695,0.01263,0.62150,0.00519,1,0,0.00000,27
0.66151,0.30948,98.22997,0.06697,225,1,0.61169,0.34069,1,0.69807,0.28017,1,0.65488,0.31043,1,0.39410,0.43668,23.67831,1.00204,1,0.65791,0.42704,26.35069,1.00923,1,-0.02793,0.01213,0.69110,0.00453,1,0.03695,0.01263,0.62150,0.00516,1,0,0.00000,27
0.66031,0.30862,98.22997,0.07320,225,1,0.60520,0.33089,1,0.68893,0.26741,1,0.64707,0.29915,1,0.39404,0.43666,23.49724,1.00923,1,0.65785,0.42705,26.40880,1.01642,1,-0.02793,0.01213,0.69110,0.00455,1,0.03695,0.01263,0.62150,0.00519,1,0,0.00000,27
0.65929,0.30788,98.22997,0.08055,225,1,0.60519,0.33077,1,0.68897,0.26728,1,0.64708,0.29903,1,0.39406,0.43664,23.29793,1.00940,1,0.65782,0.42701,26.39201,1.01659,1,-0.02568,0.01113,0.63431,0.00455,1,0.03695,0.01263,0.62150,0.00520,1,0,0.00000,27
0.65963,0.30700,98.22997,0.08734,225,1,0.62368,0.33755,1,0.70444,0.25358,1,0.66406,0.29556,1,0.39395,0.43660,23.58173,1.00956,1,0.65775,0.42695,26.22277,1.00956,1,-0.02568,0.01113,0.63431,0.00458,1,0.03695,0.01263,0.62150,0.00521,1,0,0.00000,27
0.66076,0.30550,98.22997,0.09412,225,1,0.64652,0.31603,1,0.70642,0.25305,1,0.67647,0.28454,1,0.39385,0.43651,23.52091,1.00253,1,0.65766,0.42686,26.21392,1.00253,1,-0.02568,0.01113,0.63431,0.00457,1,0.03695,0.01263,0.62150,0.00518,1,0,0.00000,27
0.66174,0.30419,98.22997,0.10078,225,1,0.64652,0.31603,1,0.70642,0.25305,1,0.67647,0.28454,1,0.39383,0.43649,23.52801,1.00253,1,0.65762,0.42681,26.40386,1.00253,1,-0.02686,0.01162,0.66219,0.00454,1,0.03909,0.01354,0.65911,0.00515,1,0,0.00000,27
0.66239,0.30237,98.22997,0.10748,225,1,0.63971,0.30542,1,0.70579,0.24108,1,0.67275,0.27325,1,0.39383,0.43641,23.53607,1.00956,1,0.65747,0.42676,26.31832,1.00956,1,-0.02686,0.01162,0.66219,0.00455,1,0.03909,0.01354,0.65911,0.00519,1,0,0.00000,27
0.66274,0.30025,98.22997,0.11421,225,1,0.64595,0.30013,1,0.69159,0.22801,1,0.66877,0.26407,1,0.39376,0.43640,23.44288,1.01659,1,0.65741,0.42677,26.30208,1.01659,1,-0.02686,0.01162,0.66219,0.00454,1,0.03909,0.01354,0.65911,0.00519,1,0,0.00000,27
0.66310,0.29805,98.22997,0.12058,225,1,0.64572,0.29481,1,0.69325,0.22218,1,0.66949,0.25850,1,0.39373,0.43640,23.36123,1.02361,1,0.65741,0.42672,26.20699,1.02361,1,-0.02686,0.01162,0.66219,0.00457,1,0.03921,0.01362,0.66278,0.00519,1,0,0.00000,27
0.66286,0.29620,98.22997,0.12735,225,1,0.62757,0.30174,1,0.68920,0.22042,1,0.65839,0.26108,1,0.39356,0.43641,23.56260,1.02361,1,0.65742,0.42674,26.06557,1.02361,1,-0.02686,0.01162,0.66219,0.00459,1,0.03921,0.01362,0.66278,0.00526,1,0,0.00000,27
0.66214,0.29588,98.22997,0.13419,225,1,0.62131,0.28818,1,0.67418,0.29077,1,0.64774,0.28948,1,0.39358,0.43641,23.54012,1.02361,1,0.65734,0.42669,26.04829,1.02361,1,-0.02686,0.01162,0.66219,0.00461,1,0.03921,0.01362,0.66278,0.00531,1,0,0.00000,27
0.66146,0.29583,98.22997,0.14097,225,1,0.62170,0.29352,1,0.67263,0.29615,1,0.64717,0.29483,1,0.39333,0.43636,23.62981,1.01659,1,0.65718,0.42666,26.31943,1.01659,1,-0.02610,0.01123,0.63986,0.00460,1,0.03921,0.01362,0.66278,0.00522,1,0,0.00000,27
0.65897,0.29481,98.22997,0.14756,225,1,0.56506,0.32188,1,0.64356,0.22295,1,0.60431,0.27241,1,0.39232,0.43663,23.43493,1.00956,1,0.65642,0.42666,26.30076,1.00956,1,-0.02610,0.01123,0.63986,0.00467,1,0.03921,0.01362,0.66278,0.00525,1,0,0.00000,27
0.65535,0.29497,98.22997,0.15438,225,1,0.52528,0.30840,1,0.61861,0.28877,1,0.57194,0.29858,1,0.39108,0.43637,22.32028,1.00253,1,0.65568,0.42638,25.42463,1.00253,1,-0.02610,0.01123,0.63986,0.00465,1,0.03921,0.01362,0.66278,0.00517,1,0,0.00000,27
0.65198,0.29544,98.22997,0.16106,225,1,0.52632,0.31359,1,0.61616,0.29997,1,0.57124,0.30678,1,0.39016,0.43651,22.28344,0.99551,1,0.65473,0.42638,25.62152,0.98832,1,-0.02692,0.01141,0.65042,0.00469,1,0.03770,0.01320,0.64462,0.00512,1,0,0.00000,27
0.64385,0.29548,98.22997,0.16777,225,1,0.40681,0.32974,1,0.47440,0.26284,1,0.44060,0.29629,1,0.38861,0.43663,22.13383,0.98832,1,0.65271,0.42658,26.58437,0.98113,1,-0.02692,0.01141,0.65042,0.00461,1,0.03770,0.01320,0.64462,0.00525,1,0,0.00000,27
0.60577,0.28398,98.22997,0.16777,225,0,0.39986,0.34411,1,0.48097,0.27175,1,0.44041,0.30793,1,0.38794,0.43681,21.90436,0.98113,1,0.65176,0.42644,26.85665,0.97394,1,-0.02692,0.01141,0.65042,0.00459,1,0.03770,0.01320,0.64462,0.00539,1,0,0.00000,27
0.52359,0.29721,98.22997,0.16777,225,0,0.40183,0.34914,1,0.48097,0.27175,1,0.44140,0.31045,1,0.38707,0.43688,21.77693,0.97394,1,0.65089,0.42650,26.97976,0.97394,1,-0.02714,0.01134,0.64630,0.00455,1,0.03838,0.01364,0.66382,0.00535,1,0,0.00000,27
0.48859,0.30332,98.22997,0.16777,225,0,0.39427,0.37139,1,0.44292,0.25965,1,0.41860,0.31552,1,0.38663,0.43696,21.43871,0.97394,1,0.65010,0.42655,27.28010,0.98113,1,-0.02714,0.01134,0.64630,0.00449,1,0.03838,0.01364,0.66382,0.00534,1,0,0.00000,27
0.42774,0.31275,98.22997,0.16777,225,0,0.40331,0.35181,1,0.44315,0.27273,1,0.42323,0.31227,1,0.38665,0.43695,21.63236,0.98113,1,0.65004,0.42652,27.28746,0.98832,1,-0.02714,0.01134,0.64630,0.00451,1,0.03838,0.01364,0.66382,0.00534,1,0,0.00000,27
0.42453,0.30859,98.22997,0.16777,225,0,0.39945,0.34197,1,0.44320,0.26690,1,0.42132,0.30444,1,0.38660,0.43691,21.59701,0.99534,1,0.65001,0.42656,27.25136,0.99534,1,-0.02793,0.01165,0.66406,0.00450,1,0.03679,0.01308,0.63891,0.00533,1,0,0.00000,27
0.41839,0.30752,98.22997,0.16777,225,0,0.37453,0.34113,1,0.43769,0.26960,1,0.40611,0.30536,1,0.38656,0.43686,21.66935,1.00237,1,0.64985,0.42664,27.20397,0.99518,1,-0.02793,0.01165,0.66406,0.00451,1,0.03679,0.01308,0.63891,0.00535,1,0,0.00000,27
0.41859,0.30662,98.42374,0.02009,226,1,0.37268,0.33444,1,0.46566,0.27341,1,0.41917,0.30392,1,0.38639,0.43692,21.63470,1.00221,1,0.64980,0.42664,27.21118,0.99502,1,-0.02793,0.01165,0.66406,0.00454,1,0.03679,0.01308,0.63891,0.00533,1,0,0.00000,27
0.41892,0.30657,98.42374,0.02740,226,1,0.37480,0.33940,1,0.46566,0.27341,1,0.42023,0.30640,1,0.38631,0.43698,21.68311,0.99502,1,0.64974,0.42666,27.18404,0.99502,1,-0.02701,0.01121,0.63864,0.00452,1,0.03812,0.01362,0.66284,0.00536,1,0,0.00000,27
0.41729,0.30958,98.42374,0.03405,226,1,0.37644,0.37108,1,0.44182,0.27808,1,0.40913,0.32458,1,0.38614,0.43700,21.94560,0.98799,1,0.64962,0.42657,27.40086,0.99518,1,-0.02701,0.01121,0.63864,0.00444,1,0.03812,0.01362,0.66284,0.00533,1,0,0.00000,27
0.41556,0.31038,98.42374,0.04066,226,1,0.37324,0.34940,1,0.43720,0.28105,1,0.40522,0.31522,1,0.38610,0.43704,21.96764,0.98815,1,0.64956,0.42663,27.44492,0.99534,1,-0.02701,0.01121,0.63864,0.00442,1,0.03812,0.01362,0.66284,0.00535,1,0,0.00000,27
0.41413,0.31031,98.42374,0.04710,226,1,0.37109,0.34447,1,0.43720,0.27518,1,0.40415,0.30983,1,0.38592,0.43699,21.61661,0.99534,1,0.64948,0.42668,27.47612,1.00253,1,-0.02802,0.01161,0.66143,0.00450,1,0.03812,0.01362,0.66284,0.00535,1,0,0.00000,27
0.41304,0.31034,98.42374,0.05405,226,1,0.38760,0.34574,1,0.42092,0.27542,1,0.40426,0.31058,1,0.38584,0.43698,21.74210,1.00956,1,0.64936,0.42676,27.39429,1.00956,1,-0.02802,0.01161,0.66143,0.00450,1,0.03812,0.01362,0.66284,0.00535,1,0,0.00000,27
0.41095,0.30991,98.42374,0.06060,226,1,0.37348,0.33776,1,0.41094,0.27436,1,0.39221,0.30606,1,0.38563,0.43700,21.43716,1.01659,1,0.64928,0.42664,27.13708,1.01659,1,-0.02802,0.01161,0.66143,0.00450,1,0.03812,0.01362,0.66284,0.00533,1,0,0.00000,27
0.40916,0.30935,98.42374,0.06738,226,1,0.37144,0.33301,1,0.41095,0.27449,1,0.39119,0.30375,1,0.38552,0.43714,21.61336,1.02361,1,0.64922,0.42666,27.17153,1.01642,1,-0.02811,0.01160,0.66120,0.00451,1,0.03659,0.01313,0.63880,0.00531,1,0,0.00000,27
0.40831,0.31050,98.42374,0.07394,226,1,0.35619,0.36380,1,0.44188,0.28249,1,0.39904,0.32314,1,0.38556,0.43719,21.81532,1.01642,1,0.64903,0.42666,27.23207,1.00923,1,-0.02811,0.01160,0.66120,0.00447,1,0.03659,0.01313,0.63880,0.00536,1,0,0.00000,27
0.40620,0.31175,98.42374,0.08127,226,1,0.33201,0.36946,1,0.42975,0.28406,1,0.38088,0.32676,1,0.38542,0.43716,21.62970,1.00923,1,0.64901,0.42665,27.21035,1.00204,1,-0.02811,0.01160,0.66120,0.00446,1,0.03659,0.01313,0.63880,0.00536,1,0,0.00000,27
0.40457,0.31357,98.42374,0.08774,226,1,0.33674,0.37867,1,0.42984,0.29554,1,0.38329,0.33711,1,0.38534,0.43723,21.65933,0.99502,1,0.64895,0.42667,27.24657,0.98783,1,-0.02740,0.01129,0.64349,0.00450,1,0.03711,0.01327,0.64789,0.00536,1,0,0.00000,27
0.40523,0.31650,98.42374,0.09443,226,1,0.38631,0.40621,1,0.44260,0.30901,1,0.41446,0.35761,1,0.38520,0.43728,21.55309,0.98080,1,0.64885,0.42670,27.15018,0.98080,1,-0.02740,0.01129,0.64349,0.00447,1,0.03711,0.01327,0.64789,0.00532,1,0,0.00000,27
0.40505,0.31889,98.42374,0.10089,226,1,0.36455,0.39288,1,0.44038,0.31648,1,0.40247,0.35468,1,0.38505,0.43732,21.77802,0.97378,1,0.64872,0.42677,27.11597,0.97378,1,-0.02740,0.01129,0.64349,0.00445,1,0.03711,0.01327,0.64789,0.00535,1,0,0.00000,27
0.40490,0.32082,98.42374,0.10759,226,1,0.36455,0.39288,1,0.44041,0.31075,1,0.40248,0.35181,1,0.38477,0.43738,21.51783,0.97378,1,0.64871,0.42681,27.19401,0.98097,1,-0.02839,0.01158,0.66539,0.00448,1,0.03732,0.01336,0.65231,0.00533,1,0,0.00000,27
0.40460,0.32119,98.42374,0.11430,226,1,0.37613,0.35245,1,0.42273,0.30241,1,0.39943,0.32743,1,0.38482,0.43733,21.96901,0.98799,1,0.64860,0.42679,27.33384,0.99518,1,-0.02839,0.01158,0.66539,0.00442,1,0.03732,0.01336,0.65231,0.00534,1,0,0.00000,27
0.40360,0.32045,98.42374,0.12057,226,1,0.35516,0.33518,1,0.41621,0.27909,1,0.38568,0.30714,1,0.38475,0.43729,21.70501,1.00221,1,0.64859,0.42678,27.33700,1.00940,1,-0.02839,0.01158,0.66539,0.00445,1,0.03732,0.01336,0.65231,0.00535,1,0,0.00000,27
0.40252,0.31896,98.42374,0.12791,226,1,0.34828,0.32003,1,0.41579,0.26122,1,0.38204,0.29063,1,0.38470,0.43733,21.72306,1.02433,1,0.64852,0.42677,27.37568,1.03152,1,-0.02868,0.01163,0.67102,0.00443,1,0.03732,0.01336,0.65231,0.00529,1,0,0.00000,27
0.40405,0.31567,98.42374,0.13432,226,1,0.40625,0.26953,1,0.46302,0.23034,1,0.43464,0.24994,1,0.38513,0.43751,21.89997,1.03942,1,0.64913,0.42696,27.05184,1.03942,1,-0.02868,0.01163,0.67102,0.00444,1,0.03732,0.01336,0.65231,0.00532,1,0,0.00000,27
0.40728,0.31400,98.42374,0.14104,226,1,0.41985,0.27126,1,0.52999,0.28662,1,0.47492,0.27894,1,0.38577,0.43742,21.61002,1.04733,1,0.64991,0.42704,26.28781,1.04733,1,-0.02868,0.01163,0.67102,0.00450,1,0.03732,0.01336,0.65231,0.00522,1,0,0.00000,27
0.41023,0.31283,98.42374,0.14763,226,1,0.42152,0.27634,1,0.52879,0.29746,1,0.47516,0.28690,1,0.38656,0.43741,21.99720,1.04030,1,0.65097,0.42704,26.21671,1.03311,1,-0.02701,0.01102,0.63865,0.00454,1,0.03679,0.01308,0.63891,0.00523,1,0,0.00000,27
0.41656,0.31112,98.42374,0.15515,226,1,0.52311,0.28268,1,0.60124,0.26136,1,0.56218,0.27202,1,0.38794,0.43724,22.17379,1.01818,1,0.65228,0.42676,25.40569,1.01099,1,-0.02701,0.01102,0.63865,0.00452,1,0.03679,0.01308,0.63891,0.00513,1,0,0.00000,27
0.42348,0.31010,98.42374,0.16121,226,1,0.55798,0.29210,1,0.62142,0.27899,1,0.58970,0.28555,1,0.38867,0.43731,22.73245,0.99606,1,0.65271,0.42684,25.61612,0.98887,1,-0.02701,0.01102,0.63865,0.00459,1,0.03679,0.01308,0.63891,0.00512,1,0,0.00000,27
0.45937,0.30500,98.42374,0.16121,226,0,0.55976,0.30366,1,0.61876,0.29119,1,0.58926,0.29742,1,0.38894,0.43688,21.88728,0.98097,1,0.65336,0.42691,25.93436,0.97378,1,-0.02734,0.01130,0.65221,0.00460,1,0.03677,0.01296,0.63527,0.00506,1,0,0.00000,27
0.53663,0.30396,98.42374,0.16121,226,0,0.59287,0.32108,1,0.63491,0.28475,1,0.61389,0.30291,1,0.38997,0.43734,23.11968,0.98080,1,0.65380,0.42688,26.20043,0.98080,1,-0.02734,0.01130,0.65221,0.00457,1,0.03677,0.01296,0.63527,0.00510,1,0,0.00000,27
0.55947,0.31157,98.42374,0.16121,226,0,0.59156,0.37504,1,0.61873,0.27852,1,0.60514,0.32678,1,0.38991,0.43731,23.25337,0.98783,1,0.65343,0.42636,26.11613,0.98783,1,-0.02734,0.01130,0.65221,0.00454,1,0.03677,0.01296,0.63527,0.00544,1,0,0.00000,27
0.60816,0.31706,98.42374,0.16121,226,0,0.59095,0.37016,1,0.61995,0.27283,1,0.60545,0.32149,1,0.38994,0.43727,23.28705,0.99485,1,0.65340,0.42640,26.15314,0.99485,1,-0.02734,0.01135,0.65221,0.00454,1,0.03677,0.01296,0.63527,0.00543,1,0,0.00000,27
0.59709,0.31917,98.42374,0.16121,226,0,0.56282,0.36513,1,0.60923,0.27742,1,0.58603,0.32128,1,0.38971,0.43731,23.08754,0.99485,1,0.65343,0.42676,25.75240,0.99485,1,-0.02734,0.01135,0.65221,0.00450,1,0.03677,0.01296,0.63527,0.00522,1,0,0.00000,27
0.59707,0.31068,98.42374,0.16121,226,0,0.55696,0.30644,1,0.63708,0.28095,1,0.59702,0.29369,1,0.38969,0.43724,22.83364,0.99485,1,0.65338,0.42679,25.82294,0.99485,1,-0.02734,0.01135,0.65221,0.00452,1,0.03677,0.01296,0.63527,0.00517,1,0,0.00000,27
0.59699,0.30779,98.61160,0.02044,227,1,0.55780,0.31172,1,0.63574,0.28657,1,0.59677,0.29915,1,0.38958,0.43735,23.17675,0.98783,1,0.65339,0.42682,25.77643,0.98783,1,-0.02714,0.01120,0.64630,0.00456,1,0.03677,0.01296,0.63527,0.00519,1,0,0.00000,27
0.60131,0.30689,98.61160,0.02677,227,1,0.57981,0.31388,1,0.65738,0.29268,1,0.61859,0.30328,1,0.38953,0.43736,23.14191,0.98080,1,0.65337,0.42682,25.73145,0.98080,1,-0.02714,0.01120,0.64630,0.00456,1,0.03677,0.01296,0.63527,0.00520,1,0,0.00000,27
0.60292,0.30772,98.61160,0.03432,227,1,0.57406,0.31936,1,0.64785,0.30434,1,0.61096,0.31185,1,0.38942,0.43728,23.07188,0.97378,1,0.65332,0.42683,25.65154,0.97378,1,-0.02714,0.01120,0.64630,0.00456,1,0.03677,0.01296,0.63527,0.00518,1,0,0.00000,27
0.60402,0.30909,98.61160,0.04039,227,1,0.57480,0.32469,1,0.64641,0.30991,1,0.61061,0.31730,1,0.38938,0.43730,23.09144,0.96675,1,0.65325,0.42699,25.99616,0.96675,1,-0.02714,0.01125,0.64630,0.00455,1,0.03677,0.01296,0.63527,0.00514,1,0,0.00000,27
0.60477,0.31048,98.61160,0.04743,227,1,0.57324,0.32683,1,0.64685,0.31369,1,0.61004,0.32026,1,0.38927,0.43728,23.31127,0.96675,1,0.65319,0.42702,25.81346,0.96675,1,-0.02714,0.01125,0.64630,0.00455,1,0.03677,0.01296,0.63527,0.00516,1,0,0.00000,27
0.60506,0.31118,98.61160,0.05412,227,1,0.57166,0.32879,1,0.64310,0.30474,1,0.60738,0.31677,1,0.38926,0.43734,23.17003,0.96675,1,0.65310,0.42696,25.86241,0.96675,1,-0.02714,0.01125,0.64630,0.00457,1,0.03677,0.01296,0.63527,0.00511,1,0,0.00000,27
0.60540,0.31091,98.61160,0.06107,227,1,0.57090,0.32350,1,0.64597,0.29339,1,0.60843,0.30844,1,0.38922,0.43727,23.25305,0.97378,1,0.65311,0.42695,25.90435,0.98097,1,-0.02793,0.01150,0.66406,0.00455,1,0.03838,0.01354,0.66382,0.00507,1,0,0.00000,27
0.60542,0.31063,98.61160,0.06782,227,1,0.56568,0.32039,1,0.64563,0.29525,1,0.60566,0.30782,1,0.38921,0.43729,23.24792,0.98799,1,0.65307,0.42714,25.85458,0.99518,1,-0.02793,0.01150,0.66406,0.00454,1,0.03838,0.01354,0.66382,0.00506,1,0,0.00000,27
0.60510,0.30890,98.61160,0.07417,227,1,0.55805,0.29956,1,0.64499,0.28032,1,0.60152,0.28994,1,0.38925,0.43731,23.27366,1.00221,1,0.65306,0.42712,25.85242,1.00940,1,-0.02793,0.01150,0.66406,0.00455,1,0.03838,0.01354,0.66382,0.00506,1,0,0.00000,27
0.60486,0.30660,98.61160,0.08099,227,1,0.55638,0.28886,1,0.64776,0.26912,1,0.60207,0.27899,1,0.38919,0.43733,23.01793,1.01642,1,0.65306,0.42712,25.86740,1.02361,1,-0.02793,0.01150,0.66406,0.00455,1,0.03838,0.01354,0.66382,0.00507,1,0,0.00000,27
0.60440,0.30507,98.61160,0.08755,227,1,0.55344,0.28392,1,0.64317,0.28636,1,0.59831,0.28514,1,0.38909,0.43731,22.94375,1.02361,1,0.65306,0.42716,25.80943,1.02361,1,-0.02793,0.01150,0.66406,0.00456,1,0.03838,0.01354,0.66382,0.00507,1,0,0.00000,27
0.60525,0.30608,98.61160,0.09441,227,1,0.58780,0.35755,1,0.64676,0.28306,1,0.61728,0.32030,1,0.38888,0.43703,22.29305,1.02361,1,0.65306,0.42716,25.80943,1.02361,1,-0.02793,0.01150,0.66406,0.00456,1,0.03838,0.01354,0.66382,0.00506,1,0,0.00000,27
0.60601,0.30697,98.61160,0.10100,227,1,0.58780,0.35755,1,0.64676,0.28306,1,0.61728,0.32030,1,0.38909,0.43720,22.97326,1.02361,1,0.65306,0.42716,25.80943,1.02361,1,-0.02793,0.01155,0.66406,0.00453,1,0.03847,0.01352,0.66540,0.00507,1,0,0.00000,27
0.60667,0.30561,98.61160,0.10780,227,1,0.58527,0.34692,1,0.64934,0.22079,1,0.61730,0.28385,1,0.38905,0.43732,22.64757,1.02361,1,0.65299,0.42687,25.81757,1.02361,1,-0.02793,0.01155,0.66406,0.00454,1,0.03847,0.01352,0.66540,0.00522,1,0,0.00000,27
0.60675,0.30428,98.61160,0.11436,227,1,0.55505,0.33304,1,0.66106,0.23010,1,0.60805,0.28157,1,0.38922,0.43724,22.72653,1.02361,1,0.65306,0.42690,25.75127,1.02361,1,-0.02793,0.01155,0.66406,0.00451,1,0.03847,0.01352,0.66540,0.00530,1,0,0.00000,27
0.60683,0.30276,98.61160,0.12103,227,1,0.55412,0.32747,1,0.66269,0.22359,1,0.60840,0.27553,1,0.38944,0.43725,22.73133,1.03152,1,0.65327,0.42675,25.58247,1.03152,1,-0.02912,0.01206,0.69337,0.00450,1,0.03859,0.01353,0.66574,0.00531,1,0,0.00000,27
0.61072,0.30194,98.61160,0.12775,227,1,0.63476,0.35091,1,0.73430,0.22170,1,0.68453,0.28631,1,0.39035,0.43722,22.80044,1.03942,1,0.65430,0.42723,25.79215,1.03942,1,-0.02912,0.01206,0.69337,0.00443,1,0.03859,0.01353,0.66574,0.00527,1,0,0.00000,27
0.61521,0.30173,98.61160,0.13445,227,1,0.64506,0.37738,1,0.76482,0.21762,1,0.70494,0.29750,1,0.39086,0.43723,22.36975,1.04733,1,0.65486,0.42745,26.09721,1.04733,1,-0.02912,0.01206,0.69337,0.00446,1,0.03859,0.01353,0.66574,0.00518,1,0,0.00000,27
0.61928,0.30154,98.61160,0.14062,227,1,0.64506,0.37738,1,0.76482,0.21762,1,0.70494,0.29750,1,0.39166,0.43714,22.83238,1.04733,1,0.65554,0.42740,26.16573,1.04733,1,-0.02737,0.01154,0.66019,0.00446,1,0.03845,0.01333,0.65827,0.00517,1,0,0.00000,27
0.62499,0.30228,98.61160,0.14702,227,1,0.68730,0.39859,1,0.81365,0.23878,1,0.75048,0.31868,1,0.39262,0.43711,23.26095,1.03942,1,0.65612,0.42755,26.02783,1.03942,1,-0.02737,0.01154,0.66019,0.00443,1,0.03845,0.01333,0.65827,0.00511,1,0,0.00000,27
0.65507,0.29845,98.61160,0.14702,227,0,0.71557,0.39781,1,0.77899,0.27351,1,0.74728,0.33566,1,0.39316,0.43683,22.38737,1.03152,1,0.65615,0.42759,26.03213,1.03152,1,-0.02737,0.01154,0.66019,0.00447,1,0.03845,0.01333,0.65827,0.00510,1,0,0.00000,27
0.69993,0.32126,98.61160,0.14702,227,0,0.71532,0.40306,1,0.77426,0.28510,1,0.74479,0.34408,1,0.39297,0.43713,23.36505,1.02361,1,0.65627,0.42771,26.09697,1.01642,1,-0.02732,0.01156,0.66124,0.00442,1,0.03684,0.01276,0.62998,0.00509,1,0,0.00000,27
0.71638,0.32176,98.61160,0.14702,227,0,0.70083,0.42107,1,0.79773,0.22442,1,0.74928,0.32274,1,0.39286,0.43706,23.17440,1.01642,1,0.65610,0.42767,26.03787,1.00923,1,-0.02732,0.01156,0.66124,0.00446,1,0.03684,0.01276,0.62998,0.00512,1,0,0.00000,27
0.72148,0.32253,98.76567,0.02083,228,1,0.69467,0.42509,1,0.77888,0.22462,1,0.73678,0.32485,1,0.39282,0.43698,23.21706,1.00923,1,0.65610,0.42770,26.02262,1.00204,1,-0.02732,0.01156,0.66124,0.00446,1,0.03684,0.01276,0.62998,0.00511,1,0,0.00000,27
0.72406,0.32511,98.76567,0.02668,228,1,0.69450,0.43429,1,0.77431,0.23653,1,0.73440,0.33541,1,0.39280,0.43702,23.09407,0.99502,1,0.65606,0.42771,25.89889,0.98783,1,-0.02692,0.01137,0.65042,0.00446,1,0.03684,0.01276,0.62998,0.00512,1,0,0.00000,27
0.72523,0.32706,98.76567,0.03339,228,1,0.69134,0.42941,1,0.77072,0.24428,1,0.73103,0.33684,1,0.39269,0.43713,23.14768,0.98080,1,0.65605,0.42766,25.88178,0.98080,1,-0.02692,0.01137,0.65042,0.00449,1,0.03684,0.01276,0.62998,0.00512,1,0,0.00000,27
0.72531,0.32912,98.76567,0.04050,228,1,0.68508,0.42834,1,0.76658,0.25454,1,0.72583,0.34144,1,0.39281,0.43704,22.92789,0.97378,1,0.65604,0.42773,25.95333,0.97378,1,-0.02692,0.01137,0.65042,0.00452,1,0.03684,0.01276,0.62998,0.00513,1,0,0.00000,27
0.72523,0.33131,98.76567,0.04792,228,1,0.68506,0.43302,1,0.76433,0.26039,1,0.72470,0.34671,1,0.39272,0.43712,23.04717,0.96675,1,0.65605,0.42771,25.79849,0.96675,1,-0.02692,0.01141,0.65042,0.00452,1,0.03684,0.01276,0.62998,0.00514,1,0,0.00000,27
0.72666,0.33267,98.76567,0.05412,228,1,0.71116,0.43101,1,0.76504,0.25608,1,0.73810,0.34354,1,0.39255,0.43706,23.28485,0.96675,1,0.65605,0.42778,25.88267,0.96675,1,-0.02692,0.01141,0.65042,0.00446,1,0.03684,0.01276,0.62998,0.00517,1,0,0.00000,27
0.72729,0.33433,98.76567,0.06081,228,1,0.70421,0.42581,1,0.76162,0.27276,1,0.73292,0.34928,1,0.39258,0.43709,23.28657,0.96675,1,0.65602,0.42785,26.09538,0.96675,1,-0.02692,0.01141,0.65042,0.00443,1,0.03684,0.01276,0.62998,0.00516,1,0,0.00000,27
0.72780,0.33569,98.76567,0.06747,228,1,0.70421,0.42581,1,0.76162,0.27276,1,0.73292,0.34928,1,0.39258,0.43693,23.08706,0.96675,1,0.65598,0.42784,26.15266,0.96675,1,-0.02692,0.01141,0.65042,0.00445,1,0.03684,0.01276,0.62998,0.00515,1,0,0.00000,27
0.72755,0.33657,98.76567,0.07426,228,1,0.70331,0.42246,1,0.74623,0.26999,1,0.72477,0.34622,1,0.39248,0.43706,23.06064,0.96675,1,0.65596,0.42785,26.15050,0.96675,1,-0.02692,0.01141,0.65042,0.00450,1,0.03684,0.01276,0.62998,0.00515,1,0,0.00000,27
0.72724,0.33720,98.76567,0.08122,228,1,0.69568,0.41503,1,0.75136,0.27450,1,0.72352,0.34476,1,0.39244,0.43698,23.32595,0.96675,1,0.65593,0.42786,26.19350,0.96675,1,-0.02692,0.01141,0.65042,0.00449,1,0.03684,0.01276,0.62998,0.00517,1,0,0.00000,27
0.72705,0.33753,98.76567,0.08762,228,1,0.69568,0.41503,1,0.75357,0.26860,1,0.72463,0.34181,1,0.39239,0.43702,23.47009,0.96675,1,0.65592,0.42790,26.25141,0.97394,1,-0.02692,0.01141,0.65042,0.00446,1,0.03845,0.01333,0.65827,0.00517,1,0,0.00000,27
0.72772,0.33807,98.76567,0.09438,228,1,0.72252,0.42696,1,0.75162,0.26433,1,0.73707,0.34565,1,0.39233,0.43709,23.29147,0.97394,1,0.65589,0.42786,26.25274,0.98113,1,-0.02692,0.01141,0.65042,0.00448,1,0.03845,0.01333,0.65827,0.00516,1,0,0.00000,27
0.72811,0.33765,98.76567,0.10131,228,1,0.71599,0.41064,1,0.75204,0.25212,1,0.73402,0.33138,1,0.39232,0.43711,23.22358,0.98113,1,0.65588,0.42789,26.18262,0.98832,1,-0.02692,0.01141,0.65042,0.00448,1,0.03845,0.01333,0.65827,0.00517,1,0,0.00000,27
0.72860,0.33665,98.76567,0.10781,228,1,0.71647,0.40091,1,0.75631,0.24040,1,0.73639,0.32066,1,0.39232,0.43706,23.02543,0.99534,1,0.65592,0.42787,26.07704,1.00253,1,-0.02752,0.01165,0.66371,0.00447,1,0.03793,0.01319,0.65112,0.00518,1,0,0.00000,27
0.72877,0.33524,98.76567,0.11452,228,1,0.71166,0.40441,1,0.75178,0.21807,1,0.73172,0.31124,1,0.39222,0.43686,23.21530,1.00956,1,0.65570,0.42776,26.17863,1.00956,1,-0.02752,0.01165,0.66371,0.00445,1,0.03793,0.01319,0.65112,0.00511,1,0,0.00000,27
0.72865,0.33361,98.76567,0.12104,228,1,0.70565,0.38524,1,0.74733,0.22342,1,0.72649,0.30433,1,0.39217,0.43692,23.14775,1.01659,1,0.65567,0.42781,26.00976,1.01659,1,-0.02752,0.01165,0.66371,0.00444,1,0.03793,0.01319,0.65112,0.00512,1,0,0.00000,27
0.72866,0.33159,98.76567,0.12791,228,1,0.70599,0.37502,1,0.75162,0.21105,1,0.72880,0.29303,1,0.39213,0.43691,23.11329,1.03152,1,0.65567,0.42781,26.00976,1.03152,1,-0.02836,0.01198,0.68269,0.00445,1,0.03793,0.01319,0.65112,0.00512,1,0,0.00000,27
0.72922,0.32951,98.76567,0.13367,228,1,0.69868,0.37012,1,0.78230,0.20578,1,0.74049,0.28795,1,0.39210,0.43691,23.13341,1.03942,1,0.65564,0.42779,26.01353,1.03942,1,-0.02836,0.01198,0.68269,0.00443,1,0.03793,0.01319,0.65112,0.00512,1,0,0.00000,27
0.72918,0.32760,98.76567,0.14079,228,1,0.70512,0.37482,1,0.75137,0.20026,1,0.72824,0.28754,1,0.39206,0.43699,22.97001,1.04733,1,0.65564,0.42779,26.00999,1.04733,1,-0.02836,0.01198,0.68269,0.00445,1,0.03793,0.01319,0.65112,0.00512,1,0,0.00000,27
0.72914,0.32586,98.76567,0.14749,228,1,0.70512,0.37482,1,0.75137,0.20026,1,0.72824,0.28754,1,0.39203,0.43696,23.11335,1.04733,1,0.65565,0.42777,26.09162,1.04733,1,-0.02754,0.01161,0.66182,0.00446,1,0.03793,0.01319,0.65112,0.00511,1,0,0.00000,27
0.72943,0.32512,98.76567,0.15437,228,1,0.69393,0.40249,1,0.77822,0.21374,1,0.73608,0.30812,1,0.39208,0.43708,22.88934,1.03942,1,0.65558,0.42775,25.93849,1.03942,1,-0.02754,0.01161,0.66182,0.00452,1,0.03793,0.01319,0.65112,0.00516,1,0,0.00000,27
0.72969,0.32378,98.76567,0.16116,228,1,0.69569,0.37579,1,0.77612,0.20737,1,0.73591,0.29158,1,0.39206,0.43711,22.90357,1.03152,1,0.65556,0.42772,25.95683,1.03152,1,-0.02754,0.01161,0.66182,0.00453,1,0.03793,0.01319,0.65112,0.00515,1,0,0.00000,27
0.72983,0.32297,98.76567,0.16759,228,1,0.69549,0.38597,1,0.77150,0.21976,1,0.73350,0.30287,1,0.39203,0.43721,22.78090,1.01659,1,0.65545,0.42776,26.20098,1.01659,1,-0.02682,0.01129,0.64341,0.00455,1,0.03793,0.01319,0.65112,0.00513,1,0,0.00000,27
0.72953,0.32297,98.76567,0.17454,228,1,0.68472,0.41604,1,0.75853,0.22949,1,0.72162,0.32276,1,0.39197,0.43719,22.70071,1.00956,1,0.65536,0.42771,26.21204,1.00956,1,-0.02682,0.01129,0.64341,0.00448,1,0.03793,0.01319,0.65112,0.00512,1,0,0.00000,27
0.72911,0.32295,98.76567,0.18085,228,1,0.67911,0.42498,1,0.75621,0.21984,1,0.71766,0.32241,1,0.39195,0.43731,21.97768,1.00253,1,0.65534,0.42771,26.28226,1.00253,1,-0.02682,0.01129,0.64341,0.00448,1,0.03793,0.01319,0.65112,0.00512,1,0,0.00000,27
0.72864,0.32321,98.76567,0.18723,228,1,0.67913,0.42954,1,0.75194,0.23184,1,0.71554,0.33069,1,0.39193,0.43729,22.18835,0.99551,1,0.65535,0.42764,26.24160,0.98832,1,-0.02682,0.01129,0.64341,0.00450,1,0.03718,0.01294,0.63900,0.00514,1,0,0.00000,27
0.72865,0.32919,98.76567,0.19415,228,1,0.71186,0.67610,1,0.74629,0.32888,1,0.72907,0.50249,1,0.39219,0.43840,18.85925,0.98832,1,0.65537,0.42781,25.45465,0.98113,1,-0.02682,0.01129,0.64341,0.00421,1,0.03718,0.01294,0.63900,0.00512,1,0,0.00000,27
0.72891,0.34451,98.76567,0.20143,228,1,0.72825,1.05806,1,0.74492,0.55016,1,0.73658,0.80411,1,0.39238,0.44210,10.39202,0.98113,1,0.65525,0.42819,23.94675,0.97394,1,-0.02682,0.01129,0.64341,0.00341,1,0.03718,0.01294,0.63900,0.00495,1,0,0.00000,27
0.72985,0.40452,98.76567,0.20143,228,0,0.72790,1.05820,1,0.74273,0.55405,1,0.73531,0.80612,1,0.39224,0.44299,7.77572,0.97394,1,0.65530,0.42886,22.17849,0.96675,1,-0.02682,0.01129,0.64341,0.00283,1,0.03771,0.01327,0.64820,0.00518,1,0,0.00000,27
0.68902,0.75305,98.76567,0.20143,228,0,0.72790,1.05820,0,0.64819,1.10159,1,0.64819,1.10159,1,0.39224,0.44299,7.77572,0.96675,0,0.65485,0.43289,11.22086,0.96675,1,-0.02682,0.01129,0.64341,0.00283,1,0.03771,0.01327,0.64820,0.00378,1,0,0.00000,27
0.68902,0.75305,98.76567,0.20143,228,0,0.72790,1.05820,0,0.64819,1.10159,0,0.64819,1.10159,0,0.39224,0.44299,7.77572,0.96675,0,0.65485,0.43289,11.22086,0.96675,0,-0.02682,0.01129,0.64341,0.00283,1,0.03771,0.01327,0.64820,0.00378,1,0,0.00000,27
0.64819,1.10159,98.76567,0.20143,228,0,0.72790,1.05820,0,0.64819,1.10159,0,0.64819,1.10159,0,0.39224,0.44299,7.77572,0.96675,0,0.65485,0.43289,11.22086,0.96675,0,-0.02682,0.01129,0.64341,0.00283,1,0.03771,0.01327,0.64820,0.00378,1,0,0.00000,27
0.64819,1.10159,98.76567,0.20143,228,0,0.72790,1.05820,0,0.64819,1.10159,0,0.64819,1.10159,0,0.39224,0.44299,7.77572,0.96675,0,0.65485,0.43289,11.22086,0.96675,0,-0.02682,0.01129,0.64341,0.00283,1,0.03771,0.01327,0.64820,0.00378,1,0,0.00000,27
0.64819,1.10159,98.76567,0.20143,228,0,0.72790,1.05820,0,0.64819,1.10159,0,0.64819,1.10159,0,0.39224,0.44299,7.77572,0.96675,0,0.65485,0.43289,11.22086,0.96675,0,-0.02682,0.01129,0.64341,0.00283,1,0.03771,0.01327,0.64820,0.00378,1,0,0.00000,27
0.00000,0.00000,98.76567,0.20143,228,0,0.72790,1.05820,0,0.64819,1.10159,0,0.64819,1.10159,0,0.39224,0.44299,7.77572,0.96675,0,0.65485,0.43289,11.22086,0.96675,0,-0.02682,0.01129,0.64341,0.00283,1,0.03771,0.01327,0.64820,0.00378,1,0,0.00000,27
0.00000,0.00000,98.76567,0.20143,228,0,0.72790,1.05820,0,0.64819,1.10159,0,0.64819,1.10159,0,0.39224,0.44299,7.77572,0.96675,0,0.65485,0.43289,11.22086,0.96675,0,-0.02682,0.01129,0.64341,0.00283,1,0.03771,0.01327,0.64820,0.00378,1,29,0.00000,27
0.00000,0.00000,98.76567,0.20143,228,0,0.72790,1.05820,0,0.64819,1.10159,0,0.64819,1.10159,0,0.39224,0.44299,7.77572,0.96675,0,0.65485,0.43289,11.22086,0.96675,0,-0.02682,0.01129,0.64341,0.00283,1,0.03771,0.01327,0.64820,0.00378,1,29,0.00000,27
0.00000,0.00000,98.76567,0.20143,228,0,0.72790,1.05820,0,0.64819,1.10159,0,0.64819,1.10159,0,0.39224,0.44299,7.77572,0.96675,0,0.65485,0.43289,11.22086,0.96675,0,-0.02682,0.01129,0.64341,0.00283,1,0.03771,0.01327,0.64820,0.00378,1,29,0.00000,27
0.00000,0.00000,98.76567,0.20143,228,0,0.72790,1.05820,0,0.64819,1.10159,0,0.64819,1.10159,0,0.39224,0.44299,7.77572,0.96675,0,0.65485,0.43289,11.22086,0.96675,0,-0.02682,0.01129,0.64341,0.00283,1,0.03771,0.01327,0.64820,0.00378,1,29,0.00000,27
0.00000,0.00000,98.76567,0.20143,228,0,0.72790,1.05820,0,0.64819,1.10159,0,0.64819,1.10159,0,0.39224,0.44299,7.77572,0.96675,0,0.65485,0.43289,11.22086,0.96675,0,-0.02682,0.01129,0.64341,0.00283,1,0.03771,0.01327,0.64820,0.00378,1,29,0.00000,27
0.00000,0.00000,98.76567,0.20143,228,0,0.72790,1.05820,0,0.64819,1.10159,0,0.64819,1.10159,0,0.39224,0.44299,7.77572,0.96675,0,0.65485,0.43289,11.22086,0.96675,0,-0.02682,0.01129,0.64341,0.00283,1,0.03771,0.01327,0.64820,0.00378,1,29,0.00000,27
0.00000,0.00000,98.76567,0.20143,228,0,0.72790,1.05820,0,0.64819,1.10159,0,0.64819,1.10159,0,0.39224,0.44299,7.77572,0.96675,0,0.65485,0.43289,11.22086,0.96675,0,-0.02682,0.01129,0.64341,0.00283,1,0.03771,0.01327,0.64820,0.00378,1,29,0.00000,27
0.00000,0.00000,98.76567,0.20143,228,0,0.72790,1.05820,0,0.64819,1.10159,0,0.64819,1.10159,0,0.39224,0.44299,7.77572,0.96675,0,0.65485,0.43289,11.22086,0.96675,0,-0.02682,0.01129,0.64341,0.00283,1,0.03771,0.01327,0.64820,0.00378,1,29,0.00000,27
0.00000,0.00000,98.76567,0.20143,228,0,0.72790,1.05820,0,0.64819,1.10159,0,0.64819,1.10159,0,0.39224,0.44299,7.77572,0.96675,0,0.65485,0.43289,11.22086,0.96675,0,-0.02682,0.01129,0.64341,0.00283,1,0.03771,0.01327,0.64820,0.00378,1,29,0.00000,27
0.00000,0.00000,98.76567,0.20143,228,0,0.72790,1.05820,0,0.64819,1.10159,0,0.64819,1.10159,0,0.39224,0.44299,7.77572,0.96675,0,0.65485,0.43289,11.22086,0.96675,0,-0.02682,0.01129,0.64341,0.00283,1,0.03771,0.01327,0.64820,0.00378,1,29,0.00000,27
0.00000,0.00000,98.76567,0.20143,228,0,0.72790,1.05820,0,0.64819,1.10159,0,0.64819,1.10159,0,0.39224,0.44299,7.77572,0.96675,0,0.65485,0.43289,11.22086,0.96675,0,-0.02682,0.01129,0.64341,0.00283,1,0.03771,0.01327,0.64820,0.00378,1,29,0.00000,27
0.00000,0.00000,98.76567,0.20143,228,0,0.72790,1.05820,0,0.64819,1.10159,0,0.64819,1.10159,0,0.39224,0.44299,7.77572,0.96675,0,0.65485,0.43289,11.22086,0.96675,0,-0.02682,0.01129,0.64341,0.00283,1,0.03771,0.01327,0.64820,0.00378,1,29,0.00000,27
0.00000,0.00000,98.76567,0.20143,228,0,0.72790,1.05820,0,0.64819,1.10159,0,0.64819,1.10159,0,0.39224,0.44299,7.77572,0.96675,0,0.65485,0.43289,11.22086,0.96675,0,-0.02682,0.01129,0.64341,0.00283,1,0.03771,0.01327,0.64820,0.00378,1,29,0.00000,27
0.00000,0.00000,98.76567,0.20143,228,0,0.72790,1.05820,0,0.64819,1.10159,0,0.64819,1.10159,0,0.39224,0.44299,7.77572,0.96675,0,0.65485,0.43289,11.22086,0.96675,0,-0.02682,0.01129,0.64341,0.00283,1,0.03771,0.01327,0.64820,0.00378,1,29,0.00000,27
0.00000,0.00000,98.76567,0.20143,228,0,0.72790,1.05820,0,0.64819,1.10159,0,0.64819,1.10159,0,0.39224,0.44299,7.77572,0.96675,0,0.65485,0.43289,11.22086,0.96675,0,-0.02682,0.01129,0.64341,0.00283,1,0.03771,0.01327,0.64820,0.00378,1,29,0.00000,27
0.00000,0.00000,98.76567,0.20143,228,0,0.72790,1.05820,0,0.64819,1.10159,0,0.64819,1.10159,0,0.39224,0.44299,7.77572,0.96675,0,0.65485,0.43289,11.22086,0.96675,0,-0.02682,0.01129,0.64341,0.00283,1,0.03771,0.01327,0.64820,0.00378,1,29,0.00000,27
0.00000,0.00000,98.76567,0.20143,228,0,0.72790,1.05820,0,0.64819,1.10159,0,0.64819,1.10159,0,0.39224,0.44299,7.77572,0.96675,0,0.65485,0.43289,11.22086,0.96675,0,-0.02682,0.01129,0.64341,0.00283,1,0.03771,0.01327,0.64820,0.00378,1,29,0.00000,27
0.00000,0.00000,98.76567,0.20143,228,0,0.72790,1.05820,0,0.64819,1.10159,0,0.64819,1.10159,0,0.39224,0.44299,7.77572,0.96675,0,0.65485,0.43289,11.22086,0.96675,0,-0.02682,0.01129,0.64341,0.00283,1,0.03771,0.01327,0.64820,0.00378,1,29,0.00000,27
0.36395,0.52910,98.76567,0.20143,228,0,0.72790,1.05820,1,0.64819,1.10159,0,0.72790,1.05820,1,0.65706,0.42793,24.82878,0.97378,1,0.65485,0.43289,11.22086,0.97378,0,0.03839,0.01328,0.65558,0.00518,1,0.03771,0.01327,0.64820,0.00378,1,0,0.12933,28
0.58324,0.47983,98.76567,0.20143,228,0,1.02183,0.38130,1,0.64819,1.10159,0,1.02183,0.38130,1,0.65699,0.42775,25.46428,0.98080,1,0.65485,0.43289,11.22086,0.98080,0,0.03839,0.01328,0.65558,0.00515,1,0.03771,0.01327,0.64820,0.00378,1,0,0.00000,28
0.92656,0.60136,98.76567,0.20143,228,0,1.02995,0.36459,1,0.64819,1.10159,0,1.02995,0.36459,1,0.65698,0.42765,25.73359,0.98783,1,0.65485,0.43289,11.22086,0.98783,0,0.03839,0.01328,0.65558,0.00513,1,0.03771,0.01327,0.64820,0.00378,1,0,0.00000,28
0.97826,0.48298,98.76567,0.20143,228,0,1.02995,0.36459,1,0.64819,1.10159,0,1.02995,0.36459,1,0.65698,0.42757,25.88278,0.98783,1,0.65485,0.43289,11.22086,0.98783,0,0.03783,0.01311,0.64522,0.00512,1,0.03771,0.01327,0.64820,0.00378,1,0,0.00000,28
0.98881,0.42382,98.76567,0.20143,228,0,1.00993,0.30549,1,0.64819,1.10159,0,1.00993,0.30549,1,0.65689,0.42698,26.13275,0.98080,1,0.65485,0.43289,11.22086,0.98080,0,0.03783,0.01311,0.64522,0.00533,1,0.03771,0.01327,0.64820,0.00378,1,0,0.00000,28
1.02805,0.32785,98.76567,0.20143,228,0,1.04426,0.31347,1,0.64819,1.10159,0,1.04426,0.31347,1,0.65682,0.42725,25.98969,0.97378,1,0.65485,0.43289,11.22086,0.97378,0,0.03783,0.01311,0.64522,0.00528,1,0.03771,0.01327,0.64820,0.00378,1,0,0.00000,28
1.03616,0.32066,98.76567,0.20143,228,0,1.04426,0.31347,1,0.64819,1.10159,0,1.04426,0.31347,1,0.65679,0.42709,26.00251,0.97378,1,0.65485,0.43289,11.22086,0.97378,0,0.03839,0.01328,0.65558,0.00531,1,0.03771,0.01327,0.64820,0.00378,1,0,0.00000,28
0.95792,0.36276,98.76567,0.20143,228,0,0.79800,0.65224,1,0.80489,0.24165,1,0.80145,0.44695,1,0.39381,0.43809,19.71462,0.98080,1,0.65690,0.42730,26.22170,0.98080,1,0.03839,0.01328,0.65558,0.00449,1,0.03771,0.01327,0.64820,0.00515,1,0,0.00000,28
0.88342,0.38425,98.76567,0.20143,228,0,0.79982,0.54330,1,0.80928,0.24134,1,0.80455,0.39232,1,0.39368,0.43814,20.76048,0.98783,1,0.65684,0.42729,26.29373,0.98783,1,0.03839,0.01328,0.65558,0.00443,1,0.03771,0.01327,0.64820,0.00515,1,0,0.00000,28
0.84424,0.38719,98.76567,0.20143,228,0,0.80064,0.53940,1,0.80949,0.24085,1,0.80506,0.39012,1,0.39356,0.43813,21.04645,0.99485,1,0.65682,0.42722,26.23257,0.98842,1,-0.02752,0.01155,0.66371,0.00444,1,0.03656,0.01263,0.62596,0.00510,1,0,0.00000,28
0.83163,0.38241,98.76567,0.20143,228,0,0.79209,0.49971,1,0.82072,0.24598,1,0.80640,0.37285,1,0.39340,0.43785,21.80890,0.98842,1,0.65681,0.42721,26.03976,0.98199,1,-0.02752,0.01155,0.66371,0.00447,1,0.03656,0.01263,0.62596,0.00512,1,0,0.00000,28
0.82433,0.37982,99.20747,0.02034,229,1,0.78343,0.49931,1,0.82144,0.24479,1,0.80244,0.37205,1,0.39336,0.43781,21.93201,0.98199,1,0.65677,0.42721,26.23098,0.97556,1,-0.02752,0.01155,0.66371,0.00448,1,0.03656,0.01263,0.62596,0.00513,1,0,0.00000,28
0.81989,0.37865,99.20747,0.02706,229,1,0.78279,0.50318,1,0.82144,0.24479,1,0.80212,0.37399,1,0.39335,0.43778,21.93173,0.97556,1,0.65671,0.42722,26.05826,0.97556,1,-0.02736,0.01139,0.65758,0.00447,1,0.03727,0.01294,0.63893,0.00515,1,0,0.00000,28
0.81468,0.37123,99.20747,0.03391,229,1,0.76484,0.42900,1,0.81245,0.23926,1,0.78864,0.33413,1,0.39327,0.43770,22.33755,0.97556,1,0.65665,0.42721,26.05001,0.98199,1,-0.02736,0.01139,0.65758,0.00446,1,0.03727,0.01294,0.63893,0.00513,1,0,0.00000,28
0.80925,0.36616,99.20747,0.04057,229,1,0.74468,0.44393,1,0.80868,0.22751,1,0.77668,0.33572,1,0.39315,0.43772,22.35196,0.98199,1,0.65661,0.42717,26.03033,0.98842,1,-0.02736,0.01139,0.65758,0.00453,1,0.03727,0.01294,0.63893,0.00509,1,0,0.00000,28
0.80517,0.36241,99.20747,0.04768,229,1,0.74465,0.44432,1,0.80847,0.22801,1,0.77656,0.33617,1,0.39304,0.43759,22.36609,0.98140,1,0.65650,0.42725,26.02973,0.98783,1,-0.02682,0.01110,0.64341,0.00457,1,0.03765,0.01317,0.64535,0.00510,1,0,0.00000,28
0.80160,0.35863,99.20747,0.05395,229,1,0.74653,0.41263,1,0.79961,0.24416,1,0.77307,0.32840,1,0.39305,0.43769,22.51621,0.98080,1,0.65637,0.42725,26.04959,0.98080,1,-0.02682,0.01110,0.64341,0.00461,1,0.03765,0.01317,0.64535,0.00513,1,0,0.00000,28
0.79805,0.35658,99.20747,0.06049,229,1,0.74037,0.42642,1,0.79190,0.24989,1,0.76613,0.33815,1,0.39279,0.43784,22.48080,0.97378,1,0.65631,0.42733,26.28510,0.97378,1,-0.02682,0.01110,0.64341,0.00455,1,0.03765,0.01317,0.64535,0.00511,1,0,0.00000,28
0.79514,0.35512,99.20747,0.06719,229,1,0.73996,0.43117,1,0.79196,0.24975,1,0.76596,0.34046,1,0.39285,0.43778,22.44421,0.96675,1,0.65629,0.42733,26.30750,0.97394,1,-0.02682,0.01110,0.64341,0.00454,1,0.03793,0.01319,0.65112,0.00510,1,0,0.00000,28
0.79444,0.35493,99.20747,0.07392,229,1,0.79658,0.44612,1,0.77692,0.25960,1,0.78675,0.35286,1,0.39274,0.43764,22.69931,0.97394,1,0.65616,0.42739,26.18372,0.98113,1,-0.02682,0.01110,0.64341,0.00454,1,0.03793,0.01319,0.65112,0.00510,1,0,0.00000,28
0.79314,0.35516,99.20747,0.08099,229,1,0.78186,0.45489,1,0.77331,0.26106,1,0.77759,0.35797,1,0.39273,0.43773,22.43329,0.98113,1,0.65615,0.42744,26.31799,0.98832,1,-0.02682,0.01110,0.64341,0.00456,1,0.03793,0.01319,0.65112,0.00510,1,0,0.00000,28
0.79224,0.35462,99.20747,0.08734,229,1,0.78326,0.44566,1,0.77787,0.24949,1,0.78056,0.34758,1,0.39266,0.43767,22.19452,0.99534,1,0.65611,0.42732,25.96581,1.00253,1,-0.02742,0.01133,0.65661,0.00461,1,0.03873,0.01349,0.66641,0.00509,1,0,0.00000,28
0.79137,0.35323,99.20747,0.09429,229,1,0.76161,0.43189,1,0.79662,0.23556,1,0.77912,0.33373,1,0.39219,0.43803,23.34739,1.00956,1,0.65590,0.42741,25.83917,1.00956,1,-0.02742,0.01133,0.65661,0.00459,1,0.03873,0.01349,0.66641,0.00512,1,0,0.00000,28
0.79147,0.35061,99.20747,0.10088,229,1,0.76082,0.36237,1,0.82532,0.26046,1,0.79307,0.31142,1,0.39215,0.43802,23.11805,1.01659,1,0.65589,0.42749,25.77620,1.01659,1,-0.02742,0.01133,0.65661,0.00460,1,0.03873,0.01349,0.66641,0.00508,1,0,0.00000,28
0.79166,0.34800,99.20747,0.10738,229,1,0.76134,0.35734,1,0.82785,0.25493,1,0.79460,0.30613,1,0.39214,0.43793,22.75315,1.02361,1,0.65577,0.42752,26.00093,1.02361,1,-0.02734,0.01120,0.65221,0.00461,1,0.03873,0.01349,0.66641,0.00508,1,0,0.00000,28
0.79081,0.34500,99.20747,0.11387,229,1,0.74274,0.35036,1,0.80993,0.23783,1,0.77634,0.29409,1,0.39173,0.43832,23.65187,1.02361,1,0.65555,0.42746,26.33049,1.02361,1,-0.02734,0.01120,0.65221,0.00460,1,0.03873,0.01349,0.66641,0.00513,1,0,0.00000,28
0.78943,0.34503,99.20747,0.12080,229,1,0.73372,0.44152,1,0.79555,0.24958,1,0.76464,0.34555,1,0.39184,0.43821,23.67293,1.02361,1,0.65545,0.42755,26.36246,1.02361,1,-0.02734,0.01120,0.65221,0.00459,1,0.03873,0.01349,0.66641,0.00513,1,0,0.00000,28
0.78812,0.34531,99.20747,0.12788,229,1,0.73338,0.44593,1,0.79323,0.25517,1,0.76330,0.35055,1,0.39191,0.43806,23.08666,1.01659,1,0.65546,0.42755,26.02101,1.01659,1,-0.02714,0.01095,0.64630,0.00461,1,0.03859,0.01348,0.66574,0.00517,1,0,0.00000,28
0.78688,0.34447,99.20747,0.13473,229,1,0.74783,0.39199,1,0.77605,0.26323,1,0.76194,0.32761,1,0.39162,0.43830,23.43802,1.00956,1,0.65539,0.42760,25.99262,1.00956,1,-0.02714,0.01095,0.64630,0.00460,1,0.03859,0.01348,0.66574,0.00510,1,0,0.00000,28
0.78620,0.34318,99.20747,0.14141,229,1,0.77027,0.34854,1,0.77369,0.28368,1,0.77198,0.31611,1,0.39142,0.43844,23.87855,1.00253,1,0.65526,0.42751,25.69640,1.00253,1,-0.02714,0.01095,0.64630,0.00458,1,0.03859,0.01348,0.66574,0.00511,1,0,0.00000,28
0.78553,0.34212,99.20747,0.14757,229,1,0.77027,0.34854,1,0.77141,0.28929,1,0.77084,0.31892,1,0.39145,0.43839,23.46389,1.00253,1,0.65515,0.42752,25.79135,0.99534,1,-0.02793,0.01126,0.66406,0.00456,1,0.03677,0.01277,0.63527,0.00510,1,0,0.00000,28
0.78561,0.34143,99.20747,0.15445,229,1,0.76072,0.35967,1,0.81436,0.29118,1,0.78754,0.32542,1,0.39131,0.43844,23.94712,1.00237,1,0.65512,0.42767,26.02186,0.99518,1,-0.02793,0.01126,0.66406,0.00453,1,0.03677,0.01277,0.63527,0.00509,1,0,0.00000,28
0.78532,0.34078,99.20747,0.16100,229,1,0.74826,0.35521,1,0.80802,0.29510,1,0.77814,0.32515,1,0.39127,0.43846,23.86066,1.00221,1,0.65502,0.42769,26.20264,0.99502,1,-0.02793,0.01126,0.66406,0.00456,1,0.03677,0.01277,0.63527,0.00509,1,0,0.00000,28
0.78509,0.34007,99.20747,0.16746,229,1,0.74825,0.35533,1,0.81049,0.28968,1,0.77937,0.32250,1,0.39119,0.43851,24.04286,1.00204,1,0.65490,0.42777,26.52553,1.00204,1,-0.02766,0.01111,0.65530,0.00457,1,0.03838,0.01334,0.66382,0.00508,1,0,0.00000,28
0.78451,0.33970,99.20747,0.17502,229,1,0.74116,0.37070,1,0.79806,0.28925,1,0.76961,0.32997,1,0.39107,0.43858,24.12988,1.00204,1,0.65475,0.42785,26.32802,1.00923,1,-0.02766,0.01111,0.65530,0.00457,1,0.03838,0.01334,0.66382,0.00512,1,0,0.00000,28
0.78395,0.33922,99.20747,0.18122,229,1,0.73692,0.35295,1,0.80040,0.29984,1,0.76866,0.32639,1,0.39095,0.43880,24.07751,1.00923,1,0.65472,0.42781,26.19169,1.01642,1,-0.02766,0.01111,0.65530,0.00461,1,0.03838,0.01334,0.66382,0.00514,1,0,0.00000,28
0.78352,0.33849,99.20747,0.18891,229,1,0.73730,0.34772,1,0.80557,0.28835,1,0.77143,0.31804,1,0.39088,0.43873,23.85111,1.01642,1,0.65468,0.42777,26.16461,1.03170,1,-0.02766,0.01111,0.65530,0.00460,1,0.00000,0.00000,0.00000,0.00515,0,0,0.00000,28
0.78289,0.33667,99.20747,0.19501,229,1,0.72831,0.35321,1,0.80138,0.21443,1,0.76485,0.28382,1,0.39088,0.43861,24.00617,1.03170,1,0.65454,0.42782,26.09254,1.03979,1,-0.02766,0.01111,0.65530,0.00461,1,0.00000,0.00000,0.00000,0.00513,0,0,0.00000,28
0.78229,0.33464,99.20747,0.20169,229,1,0.72710,0.34638,1,0.80149,0.20124,1,0.76429,0.27381,1,0.39088,0.43872,23.92899,1.03979,1,0.65454,0.42780,26.09919,1.04788,1,-0.02766,0.01111,0.65530,0.00464,1,0.00000,0.00000,0.00000,0.00513,0,0,0.00000,28
0.78174,0.33265,99.20747,0.20820,229,1,0.72743,0.34064,1,0.80149,0.20124,1,0.76446,0.27094,1,0.39095,0.43884,23.94809,1.04788,1,0.65472,0.42789,26.14414,1.04788,1,-0.02766,0.01111,0.65530,0.00465,1,0.03838,0.01334,0.66382,0.00516,1,0,0.00000,28
0.78327,0.33131,99.20747,0.21495,229,1,0.81057,0.34404,1,0.85431,0.23270,1,0.83244,0.28837,1,0.39185,0.43826,23.14533,1.04788,1,0.65541,0.42803,26.61722,1.03979,1,-0.02766,0.01111,0.65530,0.00464,1,0.03838,0.01334,0.66382,0.00519,1,0,0.00000,28
0.78441,0.32998,99.20747,0.22158,229,1,0.79000,0.35007,1,0.85392,0.22189,1,0.82196,0.28598,1,0.39219,0.43838,23.16174,1.03979,1,0.65569,0.42805,26.41637,1.03170,1,-0.02766,0.01111,0.65530,0.00467,1,0.03838,0.01334,0.66382,0.00520,1,0,0.00000,28
0.78523,0.30355,99.20747,0.22158,229,0,0.78919,0.35587,1,0.85084,0.22844,1,0.82002,0.29216,1,0.39275,0.43841,22.93250,1.03170,1,0.65600,0.42789,26.57797,1.02361,1,-0.02734,0.01105,0.65221,0.00472,1,0.03802,0.01318,0.65590,0.00511,1,0,0.00000,28
0.81190,0.29930,99.20747,0.22158,229,0,0.82466,0.37150,1,0.85249,0.21860,1,0.83858,0.29505,1,0.39293,0.43836,23.20581,1.02361,1,0.65600,0.42789,26.57797,1.02361,1,-0.02734,0.01105,0.65221,0.00469,1,0.03802,0.01318,0.65590,0.00512,1,0,0.00000,28
0.81970,0.29773,99.20747,0.22158,229,0,0.80503,0.36473,1,0.86556,0.22447,1,0.83530,0.29460,1,0.39280,0.43840,23.06946,1.02361,1,0.65598,0.42785,26.31919,1.02361,1,-0.02734,0.01105,0.65221,0.00470,1,0.03802,0.01318,0.65590,0.00511,1,0,0.00000,28
0.82280,0.29902,99.43645,0.01934,230,1,0.80422,0.36977,1,0.85996,0.23603,1,0.83209,0.30290,1,0.39274,0.43831,22.81256,1.01659,1,0.65572,0.42797,26.77644,1.00940,1,-0.02714,0.01095,0.64630,0.00472,1,0.03677,0.01277,0.63527,0.00516,1,0,0.00000,28
0.82464,0.30147,99.43645,0.02589,230,1,0.81407,0.38574,1,0.84991,0.23674,1,0.83199,0.31124,1,0.39267,0.43826,22.89994,1.00237,1,0.65575,0.42791,26.59083,0.99518,1,-0.02714,0.01095,0.64630,0.00465,1,0.03677,0.01277,0.63527,0.00516,1,0,0.00000,28
0.82700,0.30504,99.43645,0.03273,230,1,0.81150,0.38827,1,0.86611,0.25756,1,0.83880,0.32291,1,0.39253,0.43822,22.94836,0.98816,1,0.65565,0.42783,26.67599,0.98097,1,-0.02714,0.01095,0.64630,0.00472,1,0.03677,0.01277,0.63527,0.00513,1,0,0.00000,28
0.82814,0.30915,99.43645,0.03933,230,1,0.80971,0.39848,1,0.86023,0.26916,1,0.83497,0.33382,1,0.39242,0.43841,23.23357,0.97394,1,0.65552,0.42776,26.88898,0.96675,1,-0.02714,0.01095,0.64630,0.00468,1,0.03677,0.01277,0.63527,0.00512,1,0,0.00000,28
0.82879,0.31263,99.43645,0.04616,230,1,0.82201,0.40040,1,0.84469,0.27356,1,0.83335,0.33698,1,0.39234,0.43849,23.16484,0.96675,1,0.65541,0.42777,26.70754,0.96675,1,-0.02714,0.01095,0.64630,0.00467,1,0.03677,0.01277,0.63527,0.00516,1,0,0.00000,28
0.82913,0.31553,99.43645,0.05303,230,1,0.82127,0.40708,1,0.84241,0.27035,1,0.83184,0.33871,1,0.39221,0.43845,23.12237,0.96675,1,0.65544,0.42776,26.56258,0.96675,1,-0.02714,0.01095,0.64630,0.00471,1,0.03677,0.01277,0.63527,0.00516,1,0,0.00000,28
0.82973,0.31702,99.43645,0.05949,230,1,0.82224,0.40204,1,0.84803,0.25875,1,0.83514,0.33040,1,0.39218,0.43848,23.05984,0.97378,1,0.65538,0.42776,26.32102,0.98097,1,-0.02793,0.01126,0.66406,0.00472,1,0.03851,0.01347,0.66785,0.00513,1,0,0.00000,28
0.82910,0.31806,99.43645,0.06638,230,1,0.80317,0.40826,1,0.84251,0.24880,1,0.82284,0.32853,1,0.39201,0.43852,23.02302,0.98799,1,0.65526,0.42784,26.55649,0.99518,1,-0.02793,0.01126,0.66406,0.00470,1,0.03851,0.01347,0.66785,0.00512,1,0,0.00000,28
0.82864,0.31771,99.43645,0.07265,230,1,0.79970,0.39065,1,0.84751,0.23696,1,0.82360,0.31381,1,0.39200,0.43854,23.04153,1.00221,1,0.65524,0.42788,26.54534,1.00940,1,-0.02793,0.01126,0.66406,0.00471,1,0.03851,0.01347,0.66785,0.00513,1,0,0.00000,28
0.82842,0.31680,99.43645,0.07938,230,1,0.80130,0.38064,1,0.85020,0.23125,1,0.82575,0.30594,1,0.39196,0.43863,23.12198,1.01642,1,0.65514,0.42796,26.85868,1.01642,1,-0.02838,0.01135,0.67234,0.00471,1,0.03673,0.01282,0.63781,0.00511,1,0,0.00000,28
0.82793,0.31478,99.43645,0.08626,230,1,0.79949,0.32245,1,0.84363,0.25439,1,0.82156,0.28842,1,0.39198,0.43855,23.25298,1.01642,1,0.65503,0.42799,26.88313,1.00923,1,-0.02838,0.01135,0.67234,0.00474,1,0.03673,0.01282,0.63781,0.00513,1,0,0.00000,28
0.82672,0.31368,99.43645,0.09427,230,1,0.78643,0.33901,1,0.83311,0.25764,1,0.80977,0.29833,1,0.39185,0.43871,23.00620,1.00923,1,0.65505,0.42804,26.88051,1.00204,1,-0.02838,0.01135,0.67234,0.00473,1,0.03673,0.01282,0.63781,0.00514,1,0,0.00000,28
0.82555,0.31307,99.43645,0.09975,230,1,0.78572,0.34440,1,0.83043,0.26340,1,0.80807,0.30390,1,0.39185,0.43871,22.96856,1.00204,1,0.65503,0.42808,26.77276,0.99486,1,-0.02766,0.01101,0.65530,0.00474,1,0.03673,0.01282,0.63781,0.00514,1,0,0.00000,28
0.82449,0.31239,99.43645,0.10655,230,1,0.78607,0.34262,1,0.82869,0.26043,1,0.80738,0.30152,1,0.39181,0.43868,22.96038,0.99486,1,0.65502,0.42806,26.73784,0.99486,1,-0.02766,0.01101,0.65530,0.00472,1,0.03673,0.01282,0.63781,0.00512,1,0,0.00000,28
0.82355,0.31279,99.43645,0.11292,230,1,0.78312,0.36259,1,0.83219,0.27664,1,0.80765,0.31961,1,0.39180,0.43870,23.03069,0.99486,1,0.65501,0.42806,26.72770,0.99486,1,-0.02766,0.01101,0.65530,0.00472,1,0.03673,0.01282,0.63781,0.00513,1,0,0.00000,28
0.82271,0.31315,99.43645,0.11954,230,1,0.78312,0.36259,1,0.83219,0.27664,1,0.80765,0.31961,1,0.39175,0.43865,23.03389,0.99486,1,0.65501,0.42807,26.71997,0.99486,1,-0.02783,0.01103,0.65933,0.00468,1,0.03673,0.01282,0.63781,0.00512,1,0,0.00000,28
0.82190,0.31067,99.43645,0.12643,230,1,0.78464,0.30671,1,0.82825,0.22024,1,0.80645,0.26347,1,0.39174,0.43875,22.99702,0.99486,1,0.65498,0.42820,26.55524,0.99486,1,-0.02783,0.01103,0.65933,0.00467,1,0.03673,0.01282,0.63781,0.00512,1,0,0.00000,28
0.82113,0.30822,99.43645,0.13293,230,1,0.77821,0.29682,1,0.83315,0.22169,1,0.80568,0.25925,1,0.39169,0.43888,22.79140,0.99486,1,0.65502,0.42822,26.51717,0.99486,1,-0.02783,0.01103,0.65933,0.00464,1,0.03673,0.01282,0.63781,0.00514,1,0,0.00000,28
0.82043,0.30599,99.43645,0.14011,230,1,0.77821,0.29682,1,0.83315,0.22169,1,0.80568,0.25925,1,0.39169,0.43886,22.74099,0.99486,1,0.65496,0.42821,26.57214,0.99486,1,-0.02783,0.01103,0.65933,0.00464,1,0.03673,0.01282,0.63781,0.00513,1,0,0.00000,28
0.81981,0.30550,99.43645,0.14674,230,1,0.78117,0.31184,1,0.83116,0.27750,1,0.80616,0.29467,1,0.39168,0.43892,22.56478,0.99486,1,0.65497,0.42828,26.63482,0.99486,1,-0.02783,0.01103,0.65933,0.00464,1,0.03673,0.01282,0.63781,0.00513,1,0,0.00000,28
0.81903,0.30410,99.43645,0.15308,230,1,0.77534,0.31698,1,0.82681,0.22668,1,0.80107,0.27183,1,0.39164,0.43890,22.80379,0.99486,1,0.65491,0.42823,26.56506,0.99486,1,-0.02783,0.01103,0.65933,0.00463,1,0.03673,0.01282,0.63781,0.00510,1,0,0.00000,28
0.81831,0.30281,99.43645,0.15949,230,1,0.77534,0.31698,1,0.82681,0.22668,1,0.80107,0.27183,1,0.39167,0.43890,22.56430,0.99486,1,0.65494,0.42819,26.44270,0.99486,1,-0.02783,0.01103,0.65933,0.00464,1,0.03673,0.01282,0.63781,0.00510,1,0,0.00000,28
0.81761,0.30405,99.43645,0.16656,230,1,0.77207,0.37888,1,0.82818,0.29133,1,0.80013,0.33510,1,0.39162,0.43887,22.58540,0.99486,1,0.65495,0.42811,26.57588,0.99486,1,-0.02783,0.01103,0.65933,0.00465,1,0.03673,0.01282,0.63781,0.00509,1,0,0.00000,28
0.81685,0.30239,99.43645,0.17339,230,1,0.76857,0.30458,1,0.82553,0.21400,1,0.79705,0.25929,1,0.39159,0.43883,22.56338,0.99486,1,0.65492,0.42811,26.56411,0.99486,1,-0.02783,0.01103,0.65933,0.00459,1,0.03673,0.01282,0.63781,0.00508,1,0,0.00000,28
0.81614,0.30085,99.43645,0.18016,230,1,0.76857,0.30458,1,0.82553,0.21400,1,0.79705,0.25929,1,0.39156,0.43887,22.69369,0.99486,1,0.65492,0.42811,26.58813,0.99486,1,-0.02783,0.01103,0.65933,0.00458,1,0.03673,0.01282,0.63781,0.00507,1,0,0.00000,28
0.81541,0.29937,99.43645,0.18717,230,1,0.76610,0.30694,1,0.82405,0.20868,1,0.79507,0.25781,1,0.39153,0.43883,22.66641,0.99486,1,0.65507,0.42809,26.25067,0.99486,1,-0.02783,0.01103,0.65933,0.00459,1,0.03673,0.01282,0.63781,0.00511,1,0,0.00000,27
0.81512,0.29892,99.43645,0.19377,230,1,0.79361,0.30564,1,0.81951,0.26611,1,0.80656,0.28588,1,0.39153,0.43874,22.49858,0.99486,1,0.65488,0.42812,26.44582,0.99486,1,-0.02783,0.01103,0.65933,0.00454,1,0.03673,0.01282,0.63781,0.00512,1,0,0.00000,27
0.80224,0.27576,99.43645,0.19377,230,0,0.79286,0.31123,1,0.81695,0.27174,1,0.80491,0.29148,1,0.39146,0.43867,22.41340,0.98783,1,0.65482,0.42809,26.51383,0.98783,1,-0.02695,0.01066,0.63737,0.00452,1,0.03673,0.01282,0.63781,0.00508,1,0,0.00000,27
0.79546,0.28456,99.43645,0.19377,230,0,0.77899,0.30373,1,0.79838,0.28298,1,0.78868,0.29336,1,0.39144,0.43871,22.49442,0.98080,1,0.65481,0.42812,26.40952,0.98080,1,-0.02695,0.01066,0.63737,0.00456,1,0.03673,0.01282,0.63781,0.00509,1,0,0.00000,27
0.79285,0.28671,99.43645,0.19377,230,0,0.78155,0.29734,1,0.79369,0.28466,1,0.78762,0.29100,1,0.39140,0.43867,22.38640,0.97378,1,0.65478,0.42809,26.42822,0.97378,1,-0.02695,0.01066,0.63737,0.00457,1,0.03673,0.01282,0.63781,0.00507,1,0,0.00000,27
0.79115,0.28920,99.63694,0.02003,231,1,0.78087,0.30310,1,0.79126,0.29029,1,0.78606,0.29669,1,0.39142,0.43864,22.31012,0.96675,1,0.65476,0.42801,26.32010,0.96675,1,-0.02701,0.01073,0.63865,0.00458,1,0.03673,0.01282,0.63781,0.00503,1,0,0.00000,27
0.79230,0.29023,99.63694,0.02663,231,1,0.77220,0.29767,1,0.82158,0.29096,1,0.79689,0.29432,1,0.39131,0.43850,22.29477,0.96675,1,0.65471,0.42802,26.27036,0.96675,1,-0.02701,0.01073,0.63865,0.00453,1,0.03673,0.01282,0.63781,0.00502,1,0,0.00000,27
0.79647,0.29689,99.63694,0.03337,231,1,0.80687,0.36550,1,0.82775,0.29491,1,0.81731,0.33021,1,0.39134,0.43846,22.20981,0.96675,1,0.65480,0.42797,26.00637,0.96675,1,-0.02701,0.01073,0.63865,0.00451,1,0.03673,0.01282,0.63781,0.00498,1,0,0.00000,27
0.79945,0.30165,99.63694,0.04008,231,1,0.80687,0.36550,1,0.82775,0.29491,1,0.81731,0.33021,1,0.39134,0.43846,22.20981,0.96675,1,0.65466,0.42798,26.20578,0.96675,1,-0.02701,0.01073,0.63865,0.00452,1,0.03673,0.01282,0.63781,0.00499,1,0,0.00000,27
0.80256,0.30682,99.63694,0.04671,231,1,0.80279,0.41451,1,0.84588,0.27159,1,0.82434,0.34305,1,0.39135,0.43847,22.21171,0.96675,1,0.65466,0.42797,26.14962,0.96675,1,-0.02701,0.01073,0.63865,0.00452,1,0.03673,0.01282,0.63781,0.00499,1,0,0.00000,27
0.80490,0.31138,99.63694,0.05325,231,1,0.79973,0.41511,1,0.84751,0.28048,1,0.82362,0.34779,1,0.39139,0.43845,21.91357,0.96675,1,0.65466,0.42781,26.23493,0.96675,1,-0.02701,0.01073,0.63865,0.00454,1,0.03673,0.01282,0.63781,0.00502,1,0,0.00000,27
0.80695,0.31449,99.63694,0.05998,231,1,0.80055,0.41016,1,0.85033,0.27481,1,0.82544,0.34249,1,0.39142,0.43840,21.69150,0.97378,1,0.65468,0.42797,26.14012,0.97378,1,-0.02823,0.01125,0.66638,0.00452,1,0.03673,0.01282,0.63781,0.00504,1,0,0.00000,27
0.80826,0.31623,99.63694,0.06621,231,1,0.79678,0.40287,1,0.84583,0.26438,1,0.82130,0.33363,1,0.39130,0.43842,22.02142,0.98080,1,0.65464,0.42772,26.26197,0.98080,1,-0.02823,0.01125,0.66638,0.00455,1,0.03673,0.01282,0.63781,0.00500,1,0,0.00000,27
0.80962,0.31486,99.63694,0.07286,231,1,0.80091,0.33549,1,0.84837,0.26420,1,0.82464,0.29984,1,0.39138,0.43847,22.00913,0.98783,1,0.65461,0.42785,25.88215,0.98783,1,-0.02823,0.01125,0.66638,0.00456,1,0.03673,0.01282,0.63781,0.00499,1,0,0.00000,27
0.81091,0.31328,99.63694,0.08012,231,1,0.80172,0.33006,1,0.85113,0.25855,1,0.82642,0.29430,1,0.39135,0.43851,21.83330,0.99486,1,0.65464,0.42783,25.87911,0.99486,1,-0.02802,0.01111,0.66143,0.00455,1,0.03673,0.01282,0.63781,0.00501,1,0,0.00000,27
0.80930,0.31066,99.63694,0.08710,231,1,0.77943,0.32666,1,0.79707,0.22664,1,0.78825,0.27665,1,0.39129,0.43857,22.06410,0.99486,1,0.65482,0.42778,25.83813,0.99486,1,-0.02802,0.01111,0.66143,0.00454,1,0.03673,0.01282,0.63781,0.00500,1,0,0.00000,27
0.80780,0.31120,99.63694,0.09347,231,1,0.77374,0.32609,1,0.79991,0.31146,1,0.78683,0.31878,1,0.39130,0.43844,21.87094,0.99486,1,0.65469,0.42785,26.02702,0.99486,1,-0.02802,0.01111,0.66143,0.00452,1,0.03673,0.01282,0.63781,0.00502,1,0,0.00000,27
0.80639,0.31201,99.63694,0.10014,231,1,0.77313,0.33151,1,0.79748,0.31679,1,0.78530,0.32415,1,0.39128,0.43858,22.14269,0.98783,1,0.65469,0.42784,25.98402,0.98783,1,-0.02701,0.01073,0.63865,0.00447,1,0.03673,0.01282,0.63781,0.00502,1,0,0.00000,27
0.80578,0.31166,99.63694,0.10706,231,1,0.78172,0.29275,1,0.81037,0.31937,1,0.79605,0.30606,1,0.39131,0.43861,22.14379,0.98080,1,0.65471,0.42782,26.02410,0.98080,1,-0.02701,0.01073,0.63865,0.00447,1,0.03673,0.01282,0.63781,0.00496,1,0,0.00000,27
0.80454,0.31017,99.63694,0.11337,231,1,0.75543,0.30776,1,0.81143,0.26168,1,0.78343,0.28472,1,0.39144,0.43858,22.06234,0.97378,1,0.65476,0.42790,25.83639,0.97378,1,-0.02701,0.01073,0.63865,0.00445,1,0.03673,0.01282,0.63781,0.00501,1,0,0.00000,27
0.80350,0.30867,99.63694,0.12038,231,1,0.75543,0.30776,1,0.81403,0.25577,1,0.78473,0.28176,1,0.39147,0.43863,22.10222,0.97378,1,0.65501,0.42775,25.50081,0.98097,1,-0.02766,0.01101,0.65530,0.00449,1,0.03807,0.01327,0.66032,0.00498,1,0,0.00000,27
0.80352,0.30643,99.63694,0.12774,231,1,0.77519,0.28473,1,0.83263,0.24311,1,0.80391,0.26392,1,0.39160,0.43868,22.14218,0.98799,1,0.65511,0.42779,25.83196,0.99518,1,-0.02766,0.01101,0.65530,0.00451,1,0.03807,0.01327,0.66032,0.00495,1,0,0.00000,27
0.80386,0.30392,99.63694,0.13474,231,1,0.77679,0.28520,1,0.84460,0.22227,1,0.81070,0.25373,1,0.39163,0.43868,22.15561,1.00221,1,0.65519,0.42786,25.81048,1.00940,1,-0.02766,0.01101,0.65530,0.00448,1,0.03807,0.01327,0.66032,0.00495,1,0,0.00000,27
0.80426,0.30125,99.63694,0.14032,231,1,0.77807,0.27371,1,0.84727,0.21645,1,0.81267,0.24508,1,0.39183,0.43863,21.95424,1.01642,1,0.65528,0.42783,25.85185,1.01642,1,-0.02793,0.01111,0.66406,0.00445,1,0.03677,0.01277,0.63527,0.00493,1,0,0.00000,27
0.80380,0.29950,99.63694,0.14726,231,1,0.77966,0.27578,1,0.80744,0.24625,1,0.79355,0.26102,1,0.39202,0.43866,21.75739,1.01642,1,0.65541,0.42799,25.71295,1.00923,1,-0.02793,0.01111,0.66406,0.00449,1,0.03677,0.01277,0.63527,0.00496,1,0,0.00000,27
0.80307,0.29822,99.63694,0.15385,231,1,0.75565,0.27772,1,0.81730,0.25981,1,0.78648,0.26876,1,0.39210,0.43870,21.98467,1.00923,1,0.65549,0.42793,26.00080,1.00204,1,-0.02793,0.01111,0.66406,0.00445,1,0.03677,0.01277,0.63527,0.00497,1,0,0.00000,27
0.80247,0.29690,99.63694,0.16070,231,1,0.75570,0.27714,1,0.82014,0.25348,1,0.78792,0.26531,1,0.39228,0.43858,21.74031,1.00995,1,0.65584,0.42800,25.60434,1.00995,1,-0.02830,0.01126,0.67639,0.00450,1,0.03873,0.01339,0.66641,0.00493,1,0,0.00000,27
0.80271,0.29474,99.63694,0.16713,231,1,0.78722,0.29217,1,0.83057,0.18909,1,0.80889,0.24063,1,0.39244,0.43871,22.12154,1.01785,1,0.65611,0.42808,25.57521,1.02504,1,-0.02830,0.01126,0.67639,0.00449,1,0.03873,0.01339,0.66641,0.00501,1,0,0.00000,27
0.80251,0.29237,99.63694,0.17409,231,1,0.77474,0.27057,1,0.81943,0.19118,1,0.79709,0.23088,1,0.39276,0.43868,21.60377,1.03295,1,0.65621,0.42818,25.69835,1.04014,1,-0.02830,0.01126,0.67639,0.00452,1,0.03873,0.01339,0.66641,0.00501,1,0,0.00000,27
0.79712,0.26029,99.63694,0.17409,231,0,0.77536,0.26483,1,0.82470,0.17845,1,0.80003,0.22164,1,0.39279,0.43876,22.01411,1.04014,1,0.65625,0.42825,25.95377,1.05541,1,-0.02754,0.01102,0.66182,0.00445,1,0.04036,0.01386,0.69191,0.00491,1,0,0.00000,27
0.81029,0.24015,99.63694,0.17409,231,0,0.77733,0.24475,1,0.86960,0.19526,1,0.82347,0.22000,1,0.39312,0.43872,22.00886,1.04751,1,0.65662,0.42828,25.67491,1.05560,1,-0.02754,0.01102,0.66182,0.00451,1,0.04036,0.01386,0.69191,0.00495,1,0,0.00000,27
0.80376,0.23175,99.63694,0.17409,231,0,0.76283,0.25113,1,0.81856,0.17877,1,0.79070,0.21495,1,0.39325,0.43869,22.09542,1.04769,1,0.65688,0.42821,25.54866,1.05578,1,-0.02754,0.01102,0.66182,0.00447,1,0.04036,0.01386,0.69191,0.00495,1,0,0.00000,27
0.80051,0.22751,99.81783,0.01965,232,1,0.76285,0.25098,1,0.81862,0.17862,1,0.79074,0.21480,1,0.39355,0.43877,22.18007,1.04788,1,0.65713,0.42824,25.71559,1.05597,1,-0.02732,0.01101,0.66124,0.00444,1,0.03973,0.01352,0.67763,0.00489,1,0,0.00000,27
0.80071,0.22662,99.81783,0.02635,232,1,0.77670,0.24365,1,0.82639,0.20250,1,0.80154,0.22307,1,0.39390,0.43872,22.20749,1.05597,1,0.65746,0.42841,25.61036,1.05597,1,-0.02732,0.01101,0.66124,0.00446,1,0.03973,0.01352,0.67763,0.00499,1,0,0.00000,27
0.79893,0.22598,99.81783,0.03303,232,1,0.76534,0.24599,1,0.81466,0.19952,1,0.79000,0.22275,1,0.39398,0.43870,22.27435,1.05597,1,0.65767,0.42845,25.69298,1.05597,1,-0.02732,0.01101,0.66124,0.00449,1,0.03973,0.01352,0.67763,0.00491,1,0,0.00000,27
0.79729,0.22641,99.81783,0.04005,232,1,0.76534,0.24599,1,0.80953,0.21197,1,0.78743,0.22898,1,0.39439,0.43858,21.68234,1.05597,1,0.65793,0.42846,25.53755,1.04069,1,-0.02686,0.01095,0.65498,0.00448,1,0.03770,0.01273,0.63810,0.00493,1,0,0.00000,27
0.79608,0.22777,99.81783,0.04678,232,1,0.77968,0.23749,1,0.79553,0.23713,1,0.78760,0.23731,1,0.39475,0.43858,22.22985,1.04069,1,0.65831,0.42846,25.52242,1.02541,1,-0.02686,0.01095,0.65498,0.00448,1,0.03770,0.01273,0.63810,0.00494,1,0,0.00000,27
0.79385,0.23267,99.81783,0.05314,232,1,0.73844,0.29514,1,0.81367,0.24853,1,0.77606,0.27183,1,0.39489,0.43859,22.05298,1.02541,1,0.65857,0.42850,25.51261,1.01013,1,-0.02686,0.01095,0.65498,0.00445,1,0.03770,0.01273,0.63810,0.00493,1,0,0.00000,27
0.79192,0.23717,99.81783,0.05970,232,1,0.73805,0.30083,1,0.81108,0.25447,1,0.77456,0.27765,1,0.39526,0.43841,21.98543,1.01804,1,0.65883,0.42857,25.48089,1.00276,1,-0.02815,0.01163,0.69256,0.00449,1,0.03796,0.01275,0.63917,0.00495,1,0,0.00000,27
0.79067,0.24401,99.81783,0.06660,232,1,0.75825,0.36857,1,0.79805,0.25635,1,0.77815,0.31246,1,0.39556,0.43848,22.01760,1.01066,1,0.65924,0.42850,25.50057,1.01066,1,-0.02815,0.01163,0.69256,0.00448,1,0.03796,0.01275,0.63917,0.00490,1,0,0.00000,27
0.79040,0.24926,99.81783,0.07309,232,1,0.74106,0.35797,1,0.83379,0.25614,1,0.78743,0.30706,1,0.39589,0.43833,21.97032,1.01857,1,0.65956,0.42860,25.54227,1.01857,1,-0.02815,0.01163,0.69256,0.00444,1,0.03796,0.01275,0.63917,0.00495,1,0,0.00000,27
0.79017,0.25371,99.81783,0.08012,232,1,0.74106,0.35797,1,0.83379,0.25614,1,0.78743,0.30706,1,0.39601,0.43843,22.26520,1.01857,1,0.65976,0.42862,25.44215,1.01857,1,-0.02665,0.01122,0.66194,0.00446,1,0.17659,0.06032,3.02331,0.00492,0,0,0.00000,27
0.78885,0.25676,99.81783,0.08682,232,1,0.73093,0.33068,1,0.81237,0.26222,1,0.77165,0.29645,1,0.39662,0.43813,21.73206,1.01066,1,0.66015,0.42866,25.53074,1.01066,1,-0.02665,0.01122,0.66194,0.00455,1,0.17659,0.06032,3.02331,0.00492,0,0,0.00000,27
0.78929,0.25960,99.81783,0.09364,232,1,0.75219,0.33125,1,0.83876,0.26738,1,0.79548,0.29932,1,0.39677,0.43822,21.93974,1.00276,1,0.66047,0.42860,25.26466,1.00276,1,-0.02665,0.01122,0.66194,0.00453,1,0.17659,0.06032,3.02331,0.00493,0,0,0.00000,27
0.78947,0.26280,99.81783,0.10040,232,1,0.75119,0.34254,1,0.83311,0.27919,1,0.79215,0.31087,1,0.39697,0.43814,22.19089,0.98783,1,0.66060,0.42850,25.94783,0.98783,1,-0.02571,0.01092,0.64443,0.00448,1,0.17956,0.06077,3.05770,0.00490,0,0,0.00000,27
0.78871,0.26628,99.81783,0.10677,232,1,0.73806,0.35357,1,0.81497,0.29025,1,0.77652,0.32191,1,0.39740,0.43811,21.97219,0.98080,1,0.66120,0.42853,25.33353,0.98080,1,-0.02571,0.01092,0.64443,0.00453,1,0.17956,0.06077,3.05770,0.00494,0,0,0.00000,27
0.78811,0.26995,99.81783,0.11361,232,1,0.75518,0.35747,1,0.80080,0.30709,1,0.77799,0.33228,1,0.39751,0.43797,21.99427,0.97378,1,0.66123,0.42859,25.60982,0.97378,1,-0.02571,0.01092,0.64443,0.00462,1,0.17956,0.06077,3.05770,0.00490,0,0,0.00000,27
0.78190,0.30075,99.81783,0.11361,232,0,0.75467,0.36275,1,0.80086,0.30697,1,0.77777,0.33486,1,0.39769,0.43802,22.05758,0.96675,1,0.66146,0.42880,25.59839,0.97394,1,-0.02545,0.01090,0.64293,0.00456,1,0.03987,0.01308,0.66058,0.00491,1,0,0.00000,27
0.78073,0.30085,99.81783,0.11361,232,0,0.74399,0.35974,1,0.81513,0.24216,1,0.77956,0.30095,1,0.39821,0.43816,22.05275,0.97394,1,0.66197,0.42862,25.20222,0.98113,1,-0.02545,0.01090,0.64293,0.00449,1,0.03987,0.01308,0.66058,0.00495,1,0,0.00000,27
0.78036,0.30907,99.81783,0.11361,232,0,0.75481,0.34555,1,0.80443,0.30547,1,0.77962,0.32551,1,0.39833,0.43811,21.97853,0.98113,1,0.66204,0.42874,25.56948,0.98832,1,-0.02545,0.01090,0.64293,0.00455,1,0.03987,0.01308,0.66058,0.00488,1,0,0.00000,27
0.78055,0.31181,99.93822,0.02019,233,1,0.75532,0.34010,1,0.80696,0.29995,1,0.78114,0.32002,1,0.39851,0.43808,22.03690,0.98832,1,0.66230,0.42881,25.62550,0.99551,1,-0.02541,0.01096,0.64665,0.00452,1,0.04021,0.01312,0.66285,0.00490,1,0,0.00000,27
0.78193,0.30830,99.93822,0.02668,233,1,0.74574,0.33511,1,0.82918,0.25346,1,0.78746,0.29428,1,0.39903,0.43810,22.19568,0.99551,1,0.66286,0.42887,25.41517,0.99551,1,-0.02541,0.01096,0.64665,0.00449,1,0.04021,0.01312,0.66285,0.00491,1,0,0.00000,27
0.78495,0.30809,99.93822,0.03354,233,1,0.76989,0.33477,1,0.83014,0.27929,1,0.80001,0.30703,1,0.39946,0.43809,22.09605,0.99551,1,0.66327,0.42905,25.46756,0.99551,1,-0.02541,0.01096,0.64665,0.00446,1,0.04021,0.01312,0.66285,0.00497,1,0,0.00000,27
0.78714,0.30757,99.93822,0.04013,233,1,0.77048,0.32942,1,0.83007,0.27941,1,0.80028,0.30442,1,0.40003,0.43816,22.21357,1.00253,1,0.66398,0.42905,25.45602,0.99535,1,-0.02581,0.01129,0.66593,0.00450,1,0.03902,0.01263,0.63781,0.00495,1,0,0.00000,27
0.79302,0.30436,99.93822,0.04691,233,1,0.79147,0.30680,1,0.87692,0.25707,1,0.83420,0.28194,1,0.40103,0.43780,21.97721,1.00237,1,0.66488,0.42908,25.39122,0.99518,1,-0.02581,0.01129,0.66593,0.00454,1,0.03902,0.01263,0.63781,0.00491,1,0,0.00000,27
0.79996,0.30320,99.93822,0.05335,233,1,0.82063,0.31287,1,0.89041,0.27485,1,0.85552,0.29386,1,0.40133,0.43784,22.04108,1.00221,1,0.66499,0.42918,25.50418,0.99502,1,-0.02581,0.01129,0.66593,0.00445,1,0.03902,0.01263,0.63781,0.00486,1,0,0.00000,27
0.80532,0.30283,99.93822,0.05997,233,1,0.81968,0.31853,1,0.88732,0.28050,1,0.85350,0.29952,1,0.40157,0.43788,21.91512,0.99502,1,0.66520,0.42914,25.26470,0.98783,1,-0.02461,0.01087,0.64105,0.00456,1,0.03933,0.01262,0.63975,0.00492,1,0,0.00000,27
0.80617,0.30440,99.93822,0.06689,233,1,0.78403,0.33116,1,0.84529,0.30898,1,0.81466,0.32007,1,0.40187,0.43776,22.00039,0.98080,1,0.66556,0.42923,25.12848,0.98080,1,-0.02461,0.01087,0.64105,0.00453,1,0.03933,0.01262,0.63975,0.00498,1,0,0.00000,27
0.80841,0.30363,99.93822,0.07303,233,1,0.80749,0.32883,1,0.85879,0.26155,1,0.83314,0.29519,1,0.40204,0.43792,22.28930,0.97378,1,0.66564,0.42933,25.46262,0.97378,1,-0.02461,0.01087,0.64105,0.00446,1,0.03933,0.01262,0.63975,0.00490,1,0,0.00000,27
0.81017,0.30341,99.93822,0.08005,233,1,0.80662,0.33439,1,0.85591,0.26730,1,0.83127,0.30084,1,0.40226,0.43793,22.13083,0.96675,1,0.66593,0.42933,25.36252,0.96675,1,-0.02433,0.01083,0.63874,0.00451,1,0.03978,0.01265,0.64389,0.00497,1,0,0.00000,27
0.80953,0.30447,99.93822,0.08690,233,1,0.77483,0.34685,1,0.82764,0.28949,1,0.80124,0.31817,1,0.40252,0.43772,21.96703,0.96675,1,0.66608,0.42950,25.67831,0.96675,1,-0.02433,0.01083,0.63874,0.00449,1,0.03978,0.01265,0.64389,0.00494,1,0,0.00000,27
0.80990,0.30524,99.93822,0.09337,233,1,0.78514,0.34348,1,0.84500,0.28875,1,0.81507,0.31612,1,0.40264,0.43778,21.95856,0.96675,1,0.66632,0.42946,25.42919,0.96675,1,-0.02433,0.01083,0.63874,0.00453,1,0.03978,0.01265,0.64389,0.00488,1,0,0.00000,27
0.81034,0.30558,99.93822,0.09982,233,1,0.78586,0.33802,1,0.84781,0.28314,1,0.81683,0.31058,1,0.40292,0.43798,22.20847,0.97378,1,0.66655,0.42953,25.52203,0.97378,1,-0.02483,0.01112,0.65581,0.00447,1,0.03947,0.01245,0.63584,0.00498,1,0,0.00000,27
0.81022,0.30612,99.93822,0.10685,233,1,0.79019,0.34404,1,0.82649,0.28560,1,0.80834,0.31482,1,0.40313,0.43808,22.09932,0.98080,1,0.66685,0.42959,25.46149,0.98080,1,-0.02483,0.01112,0.65581,0.00457,1,0.03947,0.01245,0.63584,0.00497,1,0,0.00000,27
0.80987,0.30675,99.93822,0.11450,233,1,0.77545,0.33174,1,0.83237,0.30305,1,0.80391,0.31740,1,0.40328,0.43796,22.16332,0.98783,1,0.66702,0.42957,25.61230,0.98783,1,-0.02483,0.01112,0.65581,0.00450,1,0.03947,0.01245,0.63584,0.00488,1,0,0.00000,27
0.80974,0.30670,99.93822,0.12029,233,1,0.77680,0.32022,1,0.83803,0.29158,1,0.80742,0.30590,1,0.40342,0.43801,22.35420,1.00276,1,0.66705,0.42964,25.62637,1.00276,1,-0.02554,0.01150,0.67848,0.00455,1,0.03959,0.01242,0.63464,0.00494,1,0,0.00000,27
0.81026,0.30629,99.93822,0.12737,233,1,0.80782,0.31406,1,0.83253,0.28298,1,0.82018,0.29852,1,0.40374,0.43794,22.33827,1.01066,1,0.66740,0.42956,25.57869,1.01066,1,-0.02554,0.01150,0.67848,0.00447,1,0.03959,0.01242,0.63464,0.00494,1,0,0.00000,27
0.81079,0.30419,99.93822,0.13369,233,1,0.79439,0.31612,1,0.84823,0.20806,1,0.82131,0.26209,1,0.40390,0.43808,22.18040,1.01857,1,0.66751,0.42962,25.57377,1.01857,1,-0.02554,0.01150,0.67848,0.00455,1,0.03959,0.01242,0.63464,0.00493,1,0,0.00000,27
0.81125,0.30240,99.93822,0.14049,233,1,0.79365,0.32151,1,0.84829,0.20792,1,0.82097,0.26472,1,0.40407,0.43802,22.39993,1.01154,1,0.66769,0.42975,25.69574,1.01873,1,-0.02398,0.01084,0.63965,0.00452,1,0.04132,0.01287,0.65991,0.00494,1,0,0.00000,27
0.81240,0.30066,99.93822,0.14738,233,1,0.79597,0.30723,1,0.87918,0.21783,1,0.83757,0.26253,1,0.40420,0.43791,22.51809,1.00380,1,0.66788,0.42986,25.62845,1.01099,1,-0.02398,0.01084,0.63965,0.00452,1,0.04132,0.01287,0.65991,0.00492,1,0,0.00000,27
0.81304,0.29989,99.93822,0.15365,233,1,0.80000,0.32311,1,0.85592,0.24113,1,0.82796,0.28212,1,0.40429,0.43800,22.58394,0.99606,1,0.66793,0.42986,25.78619,1.00325,1,-0.02398,0.01084,0.63965,0.00451,1,0.04132,0.01287,0.65991,0.00493,1,0,0.00000,27
0.81350,0.29954,99.93822,0.16058,233,1,0.79912,0.32913,1,0.85004,0.25330,1,0.82458,0.29121,1,0.40458,0.43798,22.18905,0.98832,1,0.66818,0.42982,25.68196,0.98832,1,-0.02338,0.01066,0.62880,0.00450,1,0.04031,0.01254,0.64308,0.00491,1,0,0.00000,27
0.81313,0.29900,99.93822,0.16730,233,1,0.76455,0.31523,1,0.84322,0.25580,1,0.80388,0.28552,1,0.40479,0.43778,22.26462,0.98832,1,0.66839,0.42996,25.66416,0.98113,1,-0.02338,0.01066,0.62880,0.00455,1,0.04031,0.01254,0.64308,0.00492,1,0,0.00000,27
0.81296,0.29941,99.93822,0.17387,233,1,0.77751,0.31750,1,0.83934,0.30246,1,0.80843,0.30998,1,0.40481,0.43770,21.97598,0.98113,1,0.66860,0.43000,25.60504,0.97394,1,-0.02338,0.01066,0.62880,0.00453,1,0.04031,0.01254,0.64308,0.00497,1,0,0.00000,27
0.81287,0.29957,99.93822,0.18076,233,1,0.77823,0.31137,1,0.84237,0.29643,1,0.81030,0.30390,1,0.40498,0.43779,22.22372,0.98887,1,0.66871,0.42992,25.41109,0.98168,1,-0.02543,0.01164,0.68655,0.00453,1,0.04017,0.01244,0.63780,0.00495,1,0,0.00000,27
0.81251,0.29858,99.93822,0.18695,233,1,0.79826,0.31932,1,0.80673,0.22217,1,0.80250,0.27075,1,0.40505,0.43782,22.46103,0.99661,1,0.66874,0.43002,25.67488,0.99661,1,-0.02543,0.01164,0.68655,0.00450,1,0.04017,0.01244,0.63780,0.00496,1,0,0.00000,27
0.81273,0.29718,99.93822,0.19408,233,1,0.81235,0.29839,1,0.82583,0.21502,1,0.81909,0.25670,1,0.40524,0.43780,22.32102,1.01154,1,0.66892,0.43008,25.82384,1.01154,1,-0.02543,0.01164,0.68655,0.00448,1,0.04017,0.01244,0.63780,0.00498,1,0,0.00000,27
0.81297,0.29578,99.93822,0.20073,233,1,0.81235,0.29839,1,0.82843,0.20902,1,0.82039,0.25370,1,0.40547,0.43779,22.25036,1.01154,1,0.66907,0.43023,25.75469,1.01873,1,-0.02368,0.01088,0.64189,0.00455,1,0.04180,0.01288,0.66288,0.00497,1,0,0.00000,27
0.81268,0.29469,99.93822,0.20772,233,1,0.76281,0.29153,1,0.84409,0.23065,1,0.80345,0.26109,1,0.40558,0.43775,22.32833,1.00380,1,0.66918,0.43026,25.65421,1.01099,1,-0.02368,0.01088,0.64189,0.00453,1,0.04180,0.01288,0.66288,0.00498,1,0,0.00000,27
0.81273,0.29411,99.93822,0.21416,233,1,0.77183,0.30485,1,0.85710,0.24596,1,0.81446,0.27540,1,0.40561,0.43762,22.17526,0.99606,1,0.66923,0.43028,25.77292,1.00325,1,-0.02368,0.01088,0.64189,0.00451,1,0.04180,0.01288,0.66288,0.00497,1,0,0.00000,27
0.81279,0.29348,99.93822,0.22039,233,1,0.77245,0.29916,1,0.85710,0.24596,1,0.81477,0.27256,1,0.40565,0.43764,22.21831,1.00325,1,0.66938,0.43035,25.73443,1.00325,1,-0.02508,0.01157,0.68257,0.00452,1,0.04041,0.01236,0.63858,0.00498,1,0,0.00000,27
0.81296,0.29266,99.93822,0.22781,233,1,0.78992,0.28703,1,0.84717,0.24289,1,0.81854,0.26496,1,0.40576,0.43783,22.42049,1.01818,1,0.66969,0.43047,25.50755,1.01099,1,-0.02508,0.01157,0.68257,0.00451,1,0.04041,0.01236,0.63858,0.00499,1,0,0.00000,27
0.81277,0.29189,99.93822,0.23450,233,1,0.79070,0.26902,1,0.82164,0.26098,1,0.80617,0.26500,1,0.40578,0.43778,22.46991,1.02592,1,0.66971,0.43044,25.63969,1.01873,1,-0.02508,0.01157,0.68257,0.00452,1,0.04041,0.01236,0.63858,0.00498,1,0,0.00000,27
0.81254,0.29132,99.93822,0.24132,233,1,0.78997,0.27483,1,0.81908,0.26663,1,0.80452,0.27073,1,0.40594,0.43759,21.98192,1.01873,1,0.66984,0.43042,25.40032,1.01154,1,-0.02354,0.01090,0.64334,0.00458,1,0.04049,0.01229,0.63985,0.00497,1,0,0.00000,27
0.81215,0.29098,99.93822,0.24766,233,1,0.76850,0.29814,1,0.82654,0.25857,1,0.79752,0.27835,1,0.40603,0.43762,22.29395,0.99661,1,0.66975,0.43048,25.79353,0.99661,1,-0.02354,0.01090,0.64334,0.00452,1,0.04049,0.01229,0.63985,0.00500,1,0,0.00000,27
0.81178,0.29072,99.93822,0.25529,233,1,0.77437,0.28290,1,0.82155,0.27886,1,0.79796,0.28088,1,0.40614,0.43761,22.36071,0.98168,1,0.66976,0.43057,25.67980,0.98168,1,-0.02354,0.01090,0.64334,0.00448,1,0.04049,0.01229,0.63985,0.00502,1,0,0.00000,27
0.81139,0.29071,99.93822,0.26115,233,1,0.77303,0.29524,1,0.81868,0.28504,1,0.79586,0.29014,1,0.40610,0.43766,22.50617,0.96675,1,0.66983,0.43055,25.89008,0.97394,1,-0.02354,0.01090,0.64334,0.00447,1,0.04181,0.01267,0.65985,0.00501,1,0,0.00000,27
0.81107,0.29068,99.93822,0.26784,233,1,0.77184,0.30821,1,0.82461,0.27101,1,0.79823,0.28961,1,0.40612,0.43770,22.49422,0.97394,1,0.66987,0.43057,25.86350,0.98113,1,-0.02354,0.01090,0.64334,0.00451,1,0.04181,0.01267,0.65985,0.00504,1,0,0.00000,27
0.81095,0.29069,99.93822,0.27455,233,1,0.77912,0.30404,1,0.83367,0.27821,1,0.80640,0.29113,1,0.40616,0.43761,22.43295,0.98113,1,0.66984,0.43055,25.86400,0.98832,1,-0.02354,0.01090,0.64334,0.00449,1,0.04181,0.01267,0.65985,0.00502,1,0,0.00000,27
0.81089,0.29057,99.93822,0.28156,233,1,0.77980,0.29824,1,0.83640,0.27252,1,0.80810,0.28538,1,0.40616,0.43761,22.40443,0.98832,1,0.66987,0.43056,25.88471,0.99551,1,-0.02354,0.01090,0.64334,0.00447,1,0.04181,0.01267,0.65985,0.00501,1,0,0.00000,27
0.81051,0.29039,99.93822,0.28882,233,1,0.76570,0.29592,1,0.82319,0.26977,1,0.79445,0.28285,1,0.40599,0.43762,22.52732,0.99551,1,0.66995,0.43055,25.79058,0.99551,1,-0.02354,0.01090,0.64334,0.00453,1,0.04181,0.01267,0.65985,0.00502,1,0,0.00000,27
0.81052,0.29029,99.93822,0.29595,233,1,0.79307,0.28404,1,0.82847,0.28775,1,0.81077,0.28589,1,0.40593,0.43758,22.48340,0.99551,1,0.66989,0.43052,25.72488,0.99551,1,-0.02354,0.01090,0.64334,0.00455,1,0.04181,0.01267,0.65985,0.00502,1,0,0.00000,27
0.81050,0.29026,99.93822,0.30185,233,1,0.79307,0.28404,1,0.82580,0.29334,1,0.80943,0.28869,1,0.40593,0.43763,22.44076,0.99551,1,0.66988,0.43047,25.73608,0.98832,1,-0.02354,0.01090,0.64334,0.00454,1,0.04049,0.01229,0.63985,0.00499,1,0,0.00000,27
0.81021,0.29008,99.93822,0.30829,233,1,0.78291,0.29587,1,0.81101,0.26821,1,0.79696,0.28204,1,0.40581,0.43759,22.08387,0.98832,1,0.66980,0.43040,25.40283,0.98113,1,-0.02354,0.01090,0.64334,0.00454,1,0.04049,0.01229,0.63985,0.00499,1,0,0.00000,27
0.80965,0.29027,99.93822,0.31576,233,1,0.77386,0.31460,1,0.79290,0.28390,1,0.78338,0.29925,1,0.40573,0.43773,22.47200,0.98113,1,0.66958,0.43055,26.00910,0.97394,1,-0.02354,0.01090,0.64334,0.00453,1,0.04049,0.01229,0.63985,0.00500,1,0,0.00000,27
0.80972,0.29011,99.93822,0.32166,233,1,0.77455,0.30846,1,0.79558,0.27770,1,0.78507,0.29308,1,0.40565,0.43768,22.19360,0.98887,1,0.66960,0.43049,25.98310,0.98168,1,-0.02508,0.01157,0.68257,0.00459,1,0.04049,0.01229,0.63985,0.00499,1,0,0.00000,27
0.81024,0.28968,99.93822,0.32929,233,1,0.75841,0.28805,1,0.85074,0.27273,1,0.80457,0.28039,1,0.40551,0.43788,22.84052,0.99661,1,0.66935,0.43051,26.02553,0.99661,1,-0.02508,0.01157,0.68257,0.00450,1,0.04049,0.01229,0.63985,0.00503,1,0,0.00000,27
0.81052,0.28850,99.93822,0.33501,233,1,0.74467,0.28468,1,0.84145,0.25293,1,0.79306,0.26881,1,0.40554,0.43782,22.75591,1.01154,1,0.66928,0.43052,25.89422,1.01154,1,-0.02508,0.01157,0.68257,0.00455,1,0.04049,0.01229,0.63985,0.00506,1,0,0.00000,27
0.81083,0.28731,99.93822,0.34168,233,1,0.74467,0.28468,1,0.84720,0.24076,1,0.79594,0.26272,1,0.40536,0.43791,22.69146,1.01154,1,0.66909,0.43061,26.16983,1.02682,1,-0.02368,0.01088,0.64189,0.00464,1,0.04346,0.01327,0.68830,0.00504,1,0,0.00000,27
0.81126,0.28704,99.93822,0.34848,233,1,0.78154,0.30973,1,0.83499,0.25294,1,0.80827,0.28133,1,0.40510,0.43794,22.56744,1.01189,1,0.66914,0.43054,25.93758,1.02717,1,-0.02368,0.01088,0.64189,0.00459,1,0.04346,0.01327,0.68830,0.00502,1,0,0.00000,27
0.81124,0.28652,99.93822,0.35520,233,1,0.77513,0.31330,1,0.82347,0.25092,1,0.79930,0.28211,1,0.40501,0.43804,22.74068,1.01224,1,0.66909,0.43047,25.62788,1.02752,1,-0.02368,0.01088,0.64189,0.00457,1,0.04346,0.01327,0.68830,0.00506,1,0,0.00000,27
0.81124,0.28593,99.93822,0.36191,233,1,0.77647,0.30151,1,0.82347,0.25092,1,0.79997,0.27622,1,0.40490,0.43812,22.76853,1.02752,1,0.66877,0.43062,26.37844,1.02752,1,-0.02543,0.01164,0.68655,0.00459,1,0.04017,0.01225,0.63780,0.00500,1,0,0.00000,27
0.81071,0.28533,99.93822,0.36855,233,1,0.75084,0.30864,1,0.86679,0.19732,1,0.80881,0.25298,1,0.40475,0.43809,22.78658,1.04245,1,0.66867,0.43065,26.16171,1.02717,1,-0.02543,0.01164,0.68655,0.00453,1,0.04017,0.01225,0.63780,0.00508,1,0,0.00000,27
0.80941,0.28456,99.93822,0.37530,233,1,0.73427,0.31826,1,0.85212,0.19573,1,0.79319,0.25700,1,0.40474,0.43817,22.67546,1.04210,1,0.66856,0.43062,25.91199,1.02682,1,-0.02543,0.01164,0.68655,0.00458,1,0.04017,0.01225,0.63780,0.00510,1,0,0.00000,27
0.80811,0.28386,99.93822,0.38222,233,1,0.73354,0.32952,1,0.84905,0.20251,1,0.79129,0.26602,1,0.40446,0.43810,22.60125,1.02682,1,0.66845,0.43052,25.89068,1.01873,1,-0.02338,0.01066,0.62880,0.00461,1,0.04183,0.01277,0.66492,0.00503,1,0,0.00000,27
0.80796,0.28256,99.93822,0.38857,233,1,0.79072,0.33366,1,0.82351,0.18149,1,0.80712,0.25758,1,0.40428,0.43810,22.90877,1.00380,1,0.66834,0.43048,25.85804,1.01099,1,-0.02338,0.01066,0.62880,0.00454,1,0.04183,0.01277,0.66492,0.00506,1,0,0.00000,27
0.80703,0.28261,99.93822,0.39494,233,1,0.77219,0.33923,1,0.80531,0.25562,1,0.78875,0.29742,1,0.40421,0.43811,22.76975,0.99606,1,0.66811,0.43045,26.20379,1.00325,1,-0.02338,0.01066,0.62880,0.00456,1,0.04183,0.01277,0.66492,0.00506,1,0,0.00000,27
0.80615,0.28248,99.93822,0.40126,233,1,0.77281,0.33379,1,0.80531,0.25562,1,0.78906,0.29470,1,0.40411,0.43821,22.94261,1.00325,1,0.66795,0.43053,26.37984,1.00325,1,-0.02556,0.01160,0.68455,0.00454,1,0.04069,0.01251,0.64907,0.00502,1,0,0.00000,27
0.80560,0.28157,99.93822,0.40794,233,1,0.75197,0.31313,1,0.79720,0.23544,1,0.77459,0.27428,1,0.40398,0.43811,22.93090,1.01818,1,0.66791,0.43038,26.22791,1.01099,1,-0.02556,0.01160,0.68455,0.00451,1,0.04069,0.01251,0.64907,0.00513,1,0,0.00000,27
0.80534,0.28043,99.93822,0.41467,233,1,0.77601,0.30149,1,0.82965,0.22168,1,0.80283,0.26159,1,0.40414,0.43808,22.68662,1.02592,1,0.66808,0.43035,26.27930,1.01873,1,-0.02556,0.01160,0.68455,0.00453,1,0.04069,0.01251,0.64907,0.00507,1,0,0.00000,27
0.80505,0.27941,99.93822,0.42178,233,1,0.77600,0.30162,1,0.82959,0.22181,1,0.80280,0.26172,1,0.40422,0.43805,22.72042,1.02576,1,0.66832,0.43028,26.32943,1.01857,1,-0.02469,0.01123,0.66246,0.00456,1,0.04031,0.01244,0.64308,0.00509,1,0,0.00000,27
0.80575,0.27870,99.93822,0.42844,233,1,0.78209,0.28444,1,0.90215,0.27667,1,0.84212,0.28055,1,0.40495,0.43780,22.37753,1.01067,1,0.66900,0.43012,26.12377,1.01067,1,-0.02469,0.01123,0.66246,0.00457,1,0.04031,0.01244,0.64308,0.00506,1,0,0.00000,27
0.80701,0.27814,99.93822,0.43527,233,1,0.80805,0.29622,1,0.92001,0.28504,1,0.86403,0.29063,1,0.40516,0.43762,22.59389,1.00276,1,0.66919,0.43016,26.11789,1.00276,1,-0.02469,0.01123,0.66246,0.00455,1,0.04031,0.01244,0.64308,0.00509,1,0,0.00000,27
0.80817,0.27789,99.93822,0.44187,233,1,0.80710,0.30256,1,0.91969,0.28559,1,0.86340,0.29407,1,0.40545,0.43783,22.89968,0.99486,1,0.66930,0.43015,26.33309,1.00205,1,-0.02465,0.01126,0.66426,0.00453,1,0.04183,0.01287,0.66492,0.00506,1,0,0.00000,27
0.80916,0.27731,99.93822,0.44813,233,1,0.82568,0.27704,1,0.90953,0.26425,1,0.86761,0.27064,1,0.40550,0.43769,23.07674,1.00205,1,0.66922,0.43016,26.21281,1.00924,1,-0.02465,0.01126,0.66426,0.00455,1,0.04183,0.01287,0.66492,0.00500,1,0,0.00000,27
0.81005,0.27723,99.93822,0.45512,233,1,0.83508,0.26566,1,0.89250,0.25038,1,0.86379,0.25802,1,0.40548,0.43771,22.58981,1.00924,1,0.66909,0.43003,26.17902,1.01642,1,-0.02465,0.01126,0.66426,0.00459,1,0.04183,0.01287,0.66492,0.00504,1,0,0.00000,27
0.81095,0.27703,99.93822,0.46184,233,1,0.83612,0.25967,1,0.89250,0.25038,1,0.86431,0.25503,1,0.40521,0.43757,22.70731,1.01642,1,0.66905,0.42998,25.94699,1.01642,1,-0.02469,0.01123,0.66246,0.00455,1,0.04069,0.01261,0.64907,0.00508,1,0,0.00000,27
0.81156,0.27680,99.93822,0.46829,233,1,0.85562,0.26440,1,0.87825,0.23911,1,0.86693,0.25175,1,0.40511,0.43742,22.53897,1.01642,1,0.66893,0.43001,26.17018,1.00924,1,-0.02469,0.01123,0.66246,0.00461,1,0.04069,0.01261,0.64907,0.00507,1,0,0.00000,27
0.83903,0.27171,99.93822,0.46829,233,0,0.83746,0.27148,1,0.89639,0.26356,1,0.86693,0.26752,1,0.40505,0.43749,22.72979,1.00924,1,0.66890,0.43002,25.96136,1.00205,1,-0.02469,0.01123,0.66246,0.00460,1,0.04069,0.01261,0.64907,0.00510,1,0,0.00000,27
0.85092,0.27537,99.93822,0.46829,233,0,0.83538,0.28325,1,0.89023,0.27480,1,0.86280,0.27902,1,0.40484,0.43773,23.27504,0.99502,1,0.66872,0.42995,25.94547,0.98783,1,-0.02408,0.01093,0.64492,0.00456,1,0.04031,0.01254,0.64308,0.00504,1,0,0.00000,27
0.85359,0.28136,99.93822,0.46829,233,0,0.81474,0.30530,1,0.90311,0.28141,1,0.85893,0.29336,1,0.40476,0.43776,22.68713,0.98080,1,0.66853,0.42997,26.43552,0.98080,1,-0.02408,0.01093,0.64492,0.00456,1,0.04031,0.01254,0.64308,0.00502,1,0,0.00000,27
0.85309,0.28749,100.41351,0.02038,234,1,0.80833,0.32975,1,0.89484,0.28200,1,0.85158,0.30588,1,0.40468,0.43777,22.82611,0.97378,1,0.66844,0.43000,26.45853,0.97378,1,-0.02408,0.01093,0.64492,0.00455,1,0.04031,0.01254,0.64308,0.00504,1,0,0.00000,27
0.85239,0.29228,100.41351,0.02701,234,1,0.80746,0.33531,1,0.89171,0.28759,1,0.84959,0.31145,1,0.40460,0.43779,22.80118,0.96675,1,0.66839,0.42992,26.23453,0.96675,1,-0.02398,0.01084,0.63965,0.00467,1,0.04041,0.01255,0.64628,0.00507,1,0,0.00000,27
0.85139,0.29689,100.41351,0.03352,234,1,0.81498,0.34109,1,0.87782,0.29878,1,0.84640,0.31994,1,0.40443,0.43782,22.86417,0.96675,1,0.66825,0.42998,26.05582,0.96675,1,-0.02398,0.01084,0.63965,0.00464,1,0.04041,0.01255,0.64628,0.00505,1,0,0.00000,27
0.85151,0.30026,100.41351,0.03986,234,1,0.84407,0.34742,1,0.86038,0.29356,1,0.85222,0.32049,1,0.40433,0.43778,22.79017,0.96675,1,0.66820,0.43001,26.16828,0.96675,1,-0.02398,0.01084,0.63965,0.00460,1,0.04041,0.01255,0.64628,0.00508,1,0,0.00000,27
0.85185,0.30210,100.41351,0.04696,234,1,0.84519,0.34191,1,0.86329,0.28800,1,0.85424,0.31495,1,0.40418,0.43802,22.98830,0.97378,1,0.66812,0.43002,26.05732,0.97378,1,-0.02470,0.01114,0.65741,0.00461,1,0.03944,0.01228,0.63226,0.00510,1,0,0.00000,27
0.85179,0.30306,100.41351,0.05383,234,1,0.82176,0.33417,1,0.88085,0.28738,1,0.85131,0.31078,1,0.40405,0.43805,23.03552,0.98080,1,0.66792,0.43013,26.42397,0.98080,1,-0.02470,0.01114,0.65741,0.00457,1,0.03944,0.01228,0.63226,0.00508,1,0,0.00000,27
0.85110,0.30390,100.41351,0.06043,234,1,0.81672,0.33627,1,0.87299,0.28666,1,0.84486,0.31146,1,0.40403,0.43805,22.97613,0.98783,1,0.66779,0.43011,26.34821,0.98783,1,-0.02470,0.01114,0.65741,0.00457,1,0.03944,0.01228,0.63226,0.00506,1,0,0.00000,27
0.85067,0.30434,100.41351,0.06720,234,1,0.81672,0.33627,1,0.87599,0.28104,1,0.84636,0.30866,1,0.40380,0.43794,22.96738,0.98783,1,0.66773,0.43016,26.52474,0.99502,1,-0.02436,0.01093,0.64457,0.00462,1,0.04152,0.01289,0.66631,0.00506,1,0,0.00000,27
0.85031,0.30493,100.41351,0.07396,234,1,0.79945,0.34588,1,0.89337,0.27713,1,0.84641,0.31150,1,0.40371,0.43807,22.80792,0.98799,1,0.66752,0.43002,26.57628,0.99518,1,-0.02436,0.01093,0.64457,0.00468,1,0.04152,0.01289,0.66631,0.00507,1,0,0.00000,27
0.85075,0.30527,100.41351,0.08028,234,1,0.81764,0.34597,1,0.89442,0.27265,1,0.85603,0.30931,1,0.40361,0.43810,22.71087,0.98816,1,0.66738,0.43009,26.52780,0.99535,1,-0.02436,0.01093,0.64457,0.00464,1,0.04152,0.01289,0.66631,0.00507,1,0,0.00000,27
0.85102,0.30575,100.41351,0.08723,234,1,0.81766,0.34584,1,0.89137,0.27818,1,0.85451,0.31201,1,0.40350,0.43811,22.70271,0.98832,1,0.66741,0.43002,26.12985,0.98832,1,-0.02436,0.01093,0.64457,0.00462,1,0.03947,0.01235,0.63584,0.00509,1,0,0.00000,27
0.85163,0.30569,100.41351,0.09404,234,1,0.82412,0.33150,1,0.89634,0.27807,1,0.86023,0.30479,1,0.40332,0.43808,22.94982,0.98832,1,0.66730,0.43001,26.19047,0.98113,1,-0.02436,0.01093,0.64457,0.00461,1,0.03947,0.01235,0.63584,0.00510,1,0,0.00000,27
0.85122,0.30619,100.41351,0.10071,234,1,0.81634,0.34544,1,0.87360,0.28217,1,0.84497,0.31380,1,0.40326,0.43814,23.00422,0.98113,1,0.66717,0.42997,26.18097,0.97394,1,-0.02436,0.01093,0.64457,0.00459,1,0.03947,0.01235,0.63584,0.00507,1,0,0.00000,27
0.85085,0.30665,100.41351,0.10719,234,1,0.81632,0.34557,1,0.87354,0.28230,1,0.84493,0.31393,1,0.40319,0.43806,22.99468,0.98097,1,0.66698,0.42998,26.60856,0.97378,1,-0.02480,0.01106,0.65227,0.00459,1,0.03952,0.01241,0.63665,0.00502,1,0,0.00000,27
0.85073,0.30623,100.41351,0.11387,234,1,0.80582,0.33453,1,0.89176,0.26378,1,0.84879,0.29916,1,0.40294,0.43795,22.91972,0.98080,1,0.66680,0.42985,26.40490,0.98080,1,-0.02480,0.01106,0.65227,0.00466,1,0.03952,0.01241,0.63665,0.00507,1,0,0.00000,27
0.85021,0.30590,100.41351,0.12025,234,1,0.78896,0.34593,1,0.89268,0.25382,1,0.84082,0.29987,1,0.40291,0.43798,22.96266,0.98783,1,0.66680,0.42983,26.36788,0.98783,1,-0.02480,0.01106,0.65227,0.00468,1,0.03952,0.01241,0.63665,0.00512,1,0,0.00000,27
0.84991,0.30529,100.41351,0.12690,234,1,0.78896,0.34593,1,0.89933,0.24143,1,0.84414,0.29368,1,0.40281,0.43804,22.96144,0.98783,1,0.66674,0.42978,26.36320,1.00311,1,-0.02433,0.01083,0.63874,0.00464,1,0.04156,0.01313,0.67096,0.00509,1,0,0.00000,27
0.85041,0.30373,100.41351,0.13364,234,1,0.84698,0.31522,1,0.87397,0.23014,1,0.86047,0.27268,1,0.40266,0.43792,22.99309,0.99608,1,0.66648,0.42971,26.48721,1.01136,1,-0.02433,0.01083,0.63874,0.00461,1,0.04156,0.01313,0.67096,0.00508,1,0,0.00000,27
0.85074,0.30180,100.41351,0.14056,234,1,0.83599,0.32387,1,0.87931,0.19853,1,0.85765,0.26120,1,0.40257,0.43799,22.93446,1.00433,1,0.66641,0.42971,26.55199,1.01961,1,-0.02433,0.01083,0.63874,0.00462,1,0.04156,0.01313,0.67096,0.00506,1,0,0.00000,27
0.85118,0.29950,100.41351,0.14876,234,1,0.83938,0.30583,1,0.88253,0.19190,1,0.86096,0.24887,1,0.40247,0.43804,23.02186,1.02752,1,0.66642,0.42955,26.11060,1.02752,1,-0.02593,0.01149,0.67797,0.00464,1,0.03999,0.01267,0.64733,0.00512,1,0,0.00000,27
0.85155,0.29699,100.41351,0.15394,234,1,0.82453,0.28267,1,0.89532,0.19597,1,0.85993,0.23932,1,0.40225,0.43793,23.13560,1.04245,1,0.66630,0.42949,26.20319,1.02717,1,-0.02593,0.01149,0.67797,0.00462,1,0.03999,0.01267,0.64733,0.00511,1,0,0.00000,27
0.85127,0.29440,100.41351,0.16040,234,1,0.80985,0.28055,1,0.87914,0.18404,1,0.84450,0.23230,1,0.40220,0.43786,23.04428,1.04210,1,0.66627,0.42947,26.11651,1.02682,1,-0.02593,0.01149,0.67797,0.00464,1,0.03999,0.01267,0.64733,0.00512,1,0,0.00000,27
0.85085,0.29250,100.41351,0.16714,234,1,0.80807,0.29258,1,0.87297,0.19698,1,0.84052,0.24478,1,0.40211,0.43796,23.26512,1.02682,1,0.66615,0.42945,26.35707,1.01154,1,-0.02461,0.01087,0.64105,0.00463,1,0.03999,0.01267,0.64733,0.00506,1,0,0.00000,27
0.85031,0.29209,100.41351,0.17405,234,1,0.78330,0.30651,1,0.88889,0.25673,1,0.83610,0.28162,1,0.40205,0.43789,23.10817,0.99661,1,0.66596,0.42946,26.53212,0.99661,1,-0.02461,0.01087,0.64105,0.00465,1,0.03999,0.01267,0.64733,0.00505,1,0,0.00000,27
0.85003,0.29252,100.41351,0.18080,234,1,0.81139,0.33829,1,0.87376,0.26960,1,0.84257,0.30395,1,0.40193,0.43791,23.19436,0.98168,1,0.66593,0.42943,26.42519,0.98168,1,-0.02461,0.01087,0.64105,0.00465,1,0.03999,0.01267,0.64733,0.00508,1,0,0.00000,27
0.84963,0.29332,100.41351,0.18764,234,1,0.80951,0.34987,1,0.86748,0.28160,1,0.83849,0.31573,1,0.40188,0.43782,23.11713,0.96675,1,0.66585,0.42951,26.40388,0.96675,1,-0.02461,0.01087,0.64105,0.00466,1,0.03998,0.01275,0.64862,0.00509,1,0,0.00000,27
0.84899,0.29389,100.41351,0.19439,234,1,0.82054,0.32950,1,0.84009,0.29138,1,0.83032,0.31044,1,0.40174,0.43800,23.06482,0.96675,1,0.66560,0.42945,26.62105,0.96675,1,-0.02461,0.01087,0.64105,0.00463,1,0.03998,0.01275,0.64862,0.00507,1,0,0.00000,27
0.84846,0.29439,100.41351,0.20099,234,1,0.81636,0.34252,1,0.84859,0.27625,1,0.83247,0.30938,1,0.40172,0.43796,22.90243,0.96675,1,0.66552,0.42946,26.46549,0.96675,1,-0.02461,0.01087,0.64105,0.00465,1,0.03998,0.01275,0.64862,0.00510,1,0,0.00000,27
0.84802,0.29468,100.41351,0.20801,234,1,0.81729,0.33701,1,0.85141,0.27055,1,0.83435,0.30378,1,0.40168,0.43798,22.88221,0.97378,1,0.66560,0.42944,26.20077,0.97378,1,-0.02536,0.01118,0.65936,0.00462,1,0.03880,0.01240,0.63114,0.00514,1,0,0.00000,27
0.84757,0.29473,100.41351,0.21442,234,1,0.79825,0.33616,1,0.86861,0.25616,1,0.83343,0.29616,1,0.40137,0.43796,23.31131,0.98080,1,0.66549,0.42935,26.13824,0.98080,1,-0.02536,0.01118,0.65936,0.00463,1,0.03880,0.01240,0.63114,0.00517,1,0,0.00000,27
0.84703,0.29460,100.41351,0.22132,234,1,0.79285,0.32277,1,0.86563,0.25818,1,0.82924,0.29048,1,0.40132,0.43796,23.32930,0.98783,1,0.66540,0.42929,26.14215,0.98783,1,-0.02536,0.01118,0.65936,0.00464,1,0.03880,0.01240,0.63114,0.00508,1,0,0.00000,27
0.84653,0.29448,100.41351,0.22771,234,1,0.79285,0.32277,1,0.86563,0.25818,1,0.82924,0.29048,1,0.40131,0.43797,23.13524,0.98783,1,0.66523,0.42940,26.34659,0.98783,1,-0.02483,0.01088,0.64179,0.00467,1,0.03880,0.01235,0.63114,0.00507,1,0,0.00000,27
0.84596,0.29488,100.41351,0.23441,234,1,0.77830,0.34157,1,0.87385,0.27628,1,0.82608,0.30892,1,0.40118,0.43795,23.40057,0.98080,1,0.66510,0.42941,26.41709,0.98080,1,-0.02483,0.01088,0.64179,0.00465,1,0.03880,0.01235,0.63114,0.00510,1,0,0.00000,27
0.84554,0.29579,100.41351,0.24157,234,1,0.80657,0.36792,1,0.85461,0.28892,1,0.83059,0.32842,1,0.40108,0.43802,23.23731,0.97378,1,0.66496,0.42945,26.41122,0.97378,1,-0.02483,0.01088,0.64179,0.00464,1,0.03880,0.01235,0.63114,0.00510,1,0,0.00000,27
0.84510,0.29679,100.41351,0.24752,234,1,0.80571,0.37319,1,0.85176,0.29448,1,0.82873,0.33383,1,0.40097,0.43803,23.08062,0.96675,1,0.66483,0.42944,26.34493,0.96675,1,-0.02483,0.01088,0.64179,0.00462,1,0.03967,0.01266,0.64684,0.00508,1,0,0.00000,27
0.84477,0.29744,100.41351,0.25478,234,1,0.82123,0.36281,1,0.84321,0.28160,1,0.83222,0.32221,1,0.40100,0.43792,22.65705,0.96675,1,0.66471,0.42942,26.48611,0.96675,1,-0.02483,0.01088,0.64179,0.00465,1,0.03967,0.01266,0.64684,0.00508,1,0,0.00000,27
0.84415,0.29792,100.41351,0.26150,234,1,0.81002,0.35999,1,0.82956,0.27323,1,0.81979,0.31661,1,0.40078,0.43811,23.21450,0.96675,1,0.66471,0.42949,26.58075,0.96675,1,-0.02483,0.01088,0.64179,0.00462,1,0.03967,0.01266,0.64684,0.00511,1,0,0.00000,27
0.84364,0.29809,100.41351,0.26804,234,1,0.81191,0.34857,1,0.83529,0.26106,1,0.82360,0.30482,1,0.40068,0.43818,23.55252,0.98168,1,0.66472,0.42948,26.13163,0.98168,1,-0.02683,0.01171,0.69070,0.00464,1,0.03902,0.01249,0.63781,0.00515,1,0,0.00000,27
0.84343,0.29826,100.41351,0.27499,234,1,0.79947,0.36731,1,0.86975,0.24301,1,0.83461,0.30516,1,0.40058,0.43823,23.44740,0.99661,1,0.66455,0.42933,26.20414,0.99661,1,-0.02683,0.01171,0.69070,0.00464,1,0.03902,0.01249,0.63781,0.00507,1,0,0.00000,27
0.84302,0.29814,100.41351,0.28135,234,1,0.79019,0.34848,1,0.86173,0.23808,1,0.82596,0.29328,1,0.40050,0.43821,23.36537,1.01154,1,0.66452,0.42934,26.07079,1.01154,1,-0.02683,0.01171,0.69070,0.00463,1,0.03902,0.01249,0.63781,0.00508,1,0,0.00000,27
0.84264,0.29803,100.41351,0.28809,234,1,0.79019,0.34848,1,0.86173,0.23808,1,0.82596,0.29328,1,0.40044,0.43824,23.08315,1.01154,1,0.66437,0.42943,26.36029,1.01154,1,-0.02529,0.01095,0.64867,0.00464,1,0.03902,0.01249,0.63781,0.00509,1,0,0.00000,27
0.84213,0.29862,100.41351,0.29469,234,1,0.77103,0.37893,1,0.86834,0.26999,1,0.81968,0.32446,1,0.40034,0.43820,22.93208,0.99661,1,0.66415,0.42947,26.52469,0.99661,1,-0.02529,0.01095,0.64867,0.00469,1,0.03902,0.01249,0.63781,0.00510,1,0,0.00000,27
0.84184,0.29944,100.41351,0.30180,234,1,0.79866,0.40335,1,0.85941,0.26931,1,0.82904,0.33633,1,0.40022,0.43833,23.27622,0.98168,1,0.66409,0.42945,26.48373,0.98168,1,-0.02529,0.01095,0.64867,0.00467,1,0.03902,0.01249,0.63781,0.00508,1,0,0.00000,27
0.84149,0.30046,100.41351,0.30814,234,1,0.79696,0.41387,1,0.85333,0.28132,1,0.82515,0.34760,1,0.40016,0.43836,23.28079,0.96675,1,0.66399,0.42953,26.49565,0.96675,1,-0.02529,0.01095,0.64867,0.00467,1,0.03932,0.01261,0.64416,0.00509,1,0,0.00000,27
0.84080,0.30134,100.41351,0.31522,234,1,0.78473,0.40959,1,0.83277,0.27530,1,0.80875,0.34244,1,0.39992,0.43839,23.54966,0.96675,1,0.66389,0.42945,26.63121,0.96675,1,-0.02529,0.01095,0.64867,0.00462,1,0.03932,0.01261,0.64416,0.00507,1,0,0.00000,27
0.84036,0.30278,100.41351,0.32201,234,1,0.80820,0.41094,1,0.82700,0.27115,1,0.81760,0.34104,1,0.39989,0.43854,23.58789,0.96675,1,0.66389,0.42947,26.59031,0.96675,1,-0.02529,0.01095,0.64867,0.00465,1,0.03932,0.01261,0.64416,0.00509,1,0,0.00000,27
0.83945,0.30396,100.41351,0.32848,234,1,0.80908,0.40595,1,0.82968,0.26540,1,0.81938,0.33568,1,0.39989,0.43852,23.44174,0.97378,1,0.66383,0.42935,26.22475,0.97378,1,-0.02553,0.01098,0.65363,0.00468,1,0.03850,0.01238,0.63231,0.00510,1,0,0.00000,27
0.83872,0.30403,100.41351,0.33598,234,1,0.79455,0.34620,1,0.85293,0.24676,1,0.82374,0.29648,1,0.39977,0.43857,23.29450,0.98080,1,0.66364,0.42928,26.44281,0.98080,1,-0.02553,0.01098,0.65363,0.00470,1,0.03850,0.01238,0.63231,0.00512,1,0,0.00000,27
0.83790,0.30408,100.41351,0.34504,234,1,0.78473,0.34091,1,0.83997,0.27607,1,0.81235,0.30849,1,0.39960,0.43859,23.52177,0.98783,1,0.66355,0.42933,26.30590,0.98783,1,-0.02553,0.01098,0.65363,0.00463,1,0.03850,0.01238,0.63231,0.00513,1,0,0.00000,27
0.83715,0.30396,100.41351,0.34847,234,1,0.78473,0.34091,1,0.84274,0.27036,1,0.81373,0.30563,1,0.39937,0.43867,23.73270,0.98783,1,0.66325,0.42941,26.52470,0.99502,1,-0.02541,0.01086,0.64665,0.00459,1,0.04036,0.01304,0.66374,0.00509,1,0,0.00000,27
0.81725,0.32118,100.41351,0.34847,234,0,0.76633,0.41269,1,0.80499,0.24614,1,0.78566,0.32942,1,0.39850,0.43883,24.49432,0.98799,1,0.66277,0.42935,26.32394,0.99518,1,-0.02541,0.01086,0.64665,0.00459,1,0.04036,0.01304,0.66374,0.00513,1,0,0.00000,27
0.79915,0.32699,100.41351,0.34847,234,0,0.76658,0.41930,1,0.79553,0.24632,1,0.78105,0.33281,1,0.39846,0.43893,24.30353,0.98816,1,0.66273,0.42929,26.22918,0.99535,1,-0.02541,0.01086,0.64665,0.00456,1,0.04036,0.01304,0.66374,0.00512,1,0,0.00000,27
0.79322,0.32812,100.41351,0.34847,234,0,0.76717,0.41442,1,0.79553,0.24632,1,0.78135,0.33037,1,0.39843,0.43874,24.14862,0.99535,1,0.66241,0.42943,26.65415,0.99535,1,-0.02591,0.01106,0.65831,0.00459,1,0.03866,0.01254,0.63822,0.00509,1,0,0.00000,27
0.79590,0.32601,100.76879,0.01985,235,1,0.76373,0.40122,1,0.84422,0.23811,1,0.80397,0.31966,1,0.39829,0.43887,24.42595,1.00237,1,0.66224,0.42929,26.54597,0.99518,1,-0.02591,0.01106,0.65831,0.00462,1,0.03866,0.01254,0.63822,0.00514,1,0,0.00000,27
0.79640,0.31166,100.76879,0.02673,235,1,0.75848,0.28512,1,0.83834,0.22339,1,0.79841,0.25426,1,0.39813,0.43905,24.18375,1.00221,1,0.66231,0.42927,26.39785,0.99502,1,-0.02591,0.01106,0.65831,0.00465,1,0.03866,0.01254,0.63822,0.00513,1,0,0.00000,27
0.79673,0.30211,100.76879,0.03352,235,1,0.75847,0.28525,1,0.83827,0.22353,1,0.79837,0.25439,1,0.39813,0.43900,24.29378,1.00205,1,0.66226,0.42928,26.48988,0.99486,1,-0.02618,0.01118,0.66257,0.00457,1,0.03866,0.01254,0.63822,0.00512,1,0,0.00000,27
0.79412,0.30013,100.76879,0.03998,235,1,0.73617,0.34871,1,0.82067,0.22782,1,0.77842,0.28826,1,0.39806,0.43892,24.20414,0.99486,1,0.66208,0.42920,26.41772,0.99486,1,-0.02618,0.01118,0.66257,0.00457,1,0.03866,0.01254,0.63822,0.00514,1,0,0.00000,27
0.79312,0.29585,100.76879,0.04707,235,1,0.75582,0.29534,1,0.81653,0.23637,1,0.78617,0.26585,1,0.39800,0.43898,24.44082,0.99486,1,0.66211,0.42909,26.18491,0.99486,1,-0.02618,0.01118,0.66257,0.00456,1,0.03866,0.01254,0.63822,0.00519,1,0,0.00000,27
0.79233,0.29282,100.76879,0.05379,235,1,0.75532,0.30096,1,0.81658,0.23623,1,0.78595,0.26860,1,0.39796,0.43893,24.30259,0.98783,1,0.66198,0.42913,26.36529,0.99502,1,-0.02533,0.01075,0.63975,0.00462,1,0.04002,0.01303,0.66306,0.00520,1,0,0.00000,27
0.79046,0.28945,100.76879,0.05992,235,1,0.74703,0.29520,1,0.80032,0.22313,1,0.77368,0.25916,1,0.39768,0.43902,24.40479,0.98799,1,0.66178,0.42909,26.51694,0.99518,1,-0.02533,0.01075,0.63975,0.00460,1,0.04002,0.01303,0.66306,0.00517,1,0,0.00000,27
0.78920,0.29013,100.76879,0.06716,235,1,0.76266,0.35985,1,0.79045,0.23390,1,0.77655,0.29688,1,0.39765,0.43896,24.39564,0.98816,1,0.66163,0.42913,26.91002,0.99535,1,-0.02533,0.01075,0.63975,0.00462,1,0.04002,0.01303,0.66306,0.00510,1,0,0.00000,27
0.78817,0.29047,100.76879,0.07355,235,1,0.76322,0.35453,1,0.79045,0.23390,1,0.77684,0.29422,1,0.39759,0.43888,24.32742,0.99535,1,0.66162,0.42910,26.81942,0.99535,1,-0.02636,0.01111,0.66456,0.00462,1,0.17912,0.05964,3.03525,0.00513,0,0,0.00000,27
0.78892,0.28966,100.76879,0.08000,235,1,0.75302,0.33712,1,0.84302,0.22288,1,0.79802,0.28000,1,0.39743,0.43897,24.42658,1.00237,1,0.66136,0.42930,26.82651,0.99518,1,-0.02636,0.01111,0.66456,0.00461,1,0.17912,0.05964,3.03525,0.00513,0,0,0.00000,26
0.78888,0.28954,100.76879,0.08697,235,1,0.74540,0.34764,1,0.83112,0.22827,1,0.78826,0.28796,1,0.39731,0.43898,24.52112,1.00221,1,0.66139,0.42921,26.56674,0.99502,1,-0.02636,0.01111,0.66456,0.00459,1,0.17912,0.05964,3.03525,0.00511,0,0,0.00000,26
0.78892,0.28925,100.76879,0.09357,235,1,0.74539,0.34776,1,0.83374,0.22240,1,0.78957,0.28508,1,0.39727,0.43895,24.19694,1.00205,1,0.66134,0.42923,26.37979,1.00205,1,-0.02640,0.01109,0.66314,0.00458,1,0.04082,0.01332,0.67793,0.00512,1,0,0.00000,26
0.78896,0.28751,100.76879,0.10033,235,1,0.75706,0.28975,1,0.82199,0.23331,1,0.78953,0.26153,1,0.39709,0.43905,24.58137,1.00205,1,0.66119,0.42914,26.36229,1.00924,1,-0.02640,0.01109,0.66314,0.00463,1,0.04082,0.01332,0.67793,0.00512,1,0,0.00000,26
0.78814,0.28506,100.76879,0.10685,235,1,0.74699,0.28384,1,0.80310,0.20772,1,0.77505,0.24578,1,0.39696,0.43898,24.43225,1.00924,1,0.66112,0.42908,26.29313,1.01643,1,-0.02640,0.01109,0.66314,0.00464,1,0.04082,0.01332,0.67793,0.00509,1,0,0.00000,26
0.78743,0.28272,100.76879,0.11372,235,1,0.74743,0.27810,1,0.80310,0.20772,1,0.77527,0.24291,1,0.39687,0.43896,24.39564,1.01643,1,0.66086,0.42920,26.86453,1.01643,1,-0.02650,0.01114,0.66319,0.00462,1,0.17791,0.05977,3.03029,0.00509,0,0,0.00000,26
0.78691,0.28224,100.76879,0.12078,235,1,0.76150,0.34659,1,0.79376,0.20068,1,0.77763,0.27364,1,0.39671,0.43901,24.68818,1.01643,1,0.66075,0.42913,26.61918,1.00924,1,-0.02650,0.01114,0.66319,0.00462,1,0.17791,0.05977,3.03029,0.00508,0,0,0.00000,26
0.78718,0.28089,100.76879,0.12696,235,1,0.74435,0.29953,1,0.84005,0.21112,1,0.79220,0.25533,1,0.39660,0.43905,24.51884,1.00924,1,0.66065,0.42912,26.44361,1.00205,1,-0.02650,0.01114,0.66319,0.00461,1,0.17791,0.05977,3.03029,0.00512,0,0,0.00000,26
0.78734,0.27995,100.76879,0.13396,235,1,0.74393,0.30515,1,0.83733,0.21720,1,0.79063,0.26117,1,0.39645,0.43911,24.48009,1.00205,1,0.66059,0.42909,26.60907,0.99486,1,-0.02666,0.01116,0.66451,0.00464,1,0.17794,0.05956,3.03082,0.00512,0,0,0.00000,26
0.78658,0.27881,100.76879,0.14075,235,1,0.72772,0.29189,1,0.81356,0.21781,1,0.77064,0.25485,1,0.39628,0.43909,24.49150,0.99486,1,0.66044,0.42904,26.59329,0.99486,1,-0.02666,0.01116,0.66451,0.00466,1,0.17794,0.05956,3.03082,0.00509,0,0,0.00000,26
0.78609,0.27769,100.76879,0.14763,235,1,0.74790,0.29350,1,0.80253,0.21229,1,0.77521,0.25289,1,0.39626,0.43898,24.66108,0.99486,1,0.66036,0.42905,26.35899,0.99486,1,-0.02666,0.01116,0.66451,0.00460,1,0.17794,0.05956,3.03082,0.00510,0,0,0.00000,26
0.78569,0.27652,100.76879,0.15393,235,1,0.74790,0.29350,1,0.80501,0.20616,1,0.77645,0.24983,1,0.39611,0.43905,24.34160,0.99486,1,0.66026,0.42905,26.41927,1.00205,1,-0.02746,0.01141,0.68204,0.00462,1,0.03930,0.01297,0.65761,0.00512,1,0,0.00000,26
0.78501,0.27560,100.76879,0.16056,235,1,0.74980,0.30686,1,0.78761,0.20002,1,0.76871,0.25344,1,0.39587,0.43906,24.63792,1.00205,1,0.65998,0.42905,26.57616,1.00924,1,-0.02746,0.01141,0.68204,0.00462,1,0.03930,0.01297,0.65761,0.00510,1,0,0.00000,26
0.78434,0.27421,100.76879,0.16785,235,1,0.73005,0.29421,1,0.80546,0.18457,1,0.76775,0.23939,1,0.39570,0.43909,24.55736,1.00924,1,0.65989,0.42898,26.24606,1.01643,1,-0.02746,0.01141,0.68204,0.00461,1,0.03930,0.01297,0.65761,0.00514,1,0,0.00000,26
0.78373,0.27281,100.76879,0.17423,235,1,0.73037,0.28857,1,0.80546,0.18457,1,0.76792,0.23657,1,0.39552,0.43911,24.66966,1.01643,1,0.65964,0.42897,26.82009,1.01643,1,-0.02793,0.01151,0.69110,0.00461,1,0.17659,0.05986,3.02331,0.00509,0,0,0.00000,26
0.78357,0.27255,100.76879,0.18047,235,1,0.74816,0.28697,1,0.81029,0.24408,1,0.77923,0.26553,1,0.39534,0.43906,24.33733,1.01643,1,0.65953,0.42888,26.51748,1.00924,1,-0.02793,0.01151,0.69110,0.00461,1,0.17659,0.05986,3.02331,0.00512,0,0,0.00000,26
0.78325,0.27300,100.76879,0.18740,235,1,0.75427,0.30970,1,0.79420,0.26153,1,0.77423,0.28562,1,0.39523,0.43918,24.49861,1.00924,1,0.65946,0.42897,26.26757,1.00205,1,-0.02793,0.01151,0.69110,0.00460,1,0.17659,0.05986,3.02331,0.00512,0,0,0.00000,26
0.78286,0.27380,100.76879,0.19389,235,1,0.75329,0.32069,1,0.78941,0.27292,1,0.77135,0.29681,1,0.39505,0.43912,24.69702,0.99502,1,0.65928,0.42880,26.30286,0.98783,1,-0.02588,0.01060,0.63674,0.00462,1,0.03796,0.01266,0.63917,0.00512,1,0,0.00000,26
0.78197,0.27526,100.76879,0.20076,235,1,0.72091,0.37772,1,0.78995,0.26049,1,0.75543,0.31911,1,0.39476,0.43919,24.52354,0.98080,1,0.65902,0.42883,26.36281,0.98080,1,-0.02588,0.01060,0.63674,0.00465,1,0.03796,0.01266,0.63917,0.00510,1,0,0.00000,26
0.78165,0.27591,100.76879,0.20734,235,1,0.74156,0.32397,1,0.80178,0.26825,1,0.77167,0.29611,1,0.39466,0.43921,24.54533,0.97378,1,0.65889,0.42887,26.45930,0.97378,1,-0.02588,0.01060,0.63674,0.00462,1,0.03796,0.01266,0.63917,0.00511,1,0,0.00000,26
0.78138,0.27643,100.76879,0.21441,235,1,0.74156,0.32397,1,0.80432,0.26238,1,0.77294,0.29318,1,0.39446,0.43917,24.50196,0.97378,1,0.65873,0.42885,26.65980,0.98097,1,-0.02712,0.01105,0.66366,0.00460,1,0.03903,0.01306,0.65980,0.00509,1,0,0.00000,26
0.78067,0.27629,100.76879,0.22089,235,1,0.73709,0.31075,1,0.77694,0.23225,1,0.75701,0.27150,1,0.39412,0.43917,24.58583,0.98799,1,0.65845,0.42868,26.41636,0.99518,1,-0.02712,0.01105,0.66366,0.00464,1,0.03903,0.01306,0.65980,0.00511,1,0,0.00000,26
0.78005,0.27688,100.76879,0.22759,235,1,0.72212,0.30499,1,0.79575,0.28903,1,0.75893,0.29701,1,0.39405,0.43917,24.51493,1.00221,1,0.65840,0.42871,26.08642,1.00940,1,-0.02712,0.01105,0.66366,0.00463,1,0.03903,0.01306,0.65980,0.00515,1,0,0.00000,26
0.77946,0.27736,100.76879,0.23432,235,1,0.72240,0.29940,1,0.79575,0.28903,1,0.75907,0.29421,1,0.39388,0.43910,24.46664,1.00940,1,0.65821,0.42876,26.08334,1.00940,1,-0.02640,0.01075,0.64259,0.00465,1,0.03770,0.01263,0.63810,0.00513,1,0,0.00000,26
0.77931,0.27787,100.76879,0.24094,235,1,0.75297,0.31428,1,0.79450,0.27814,1,0.77374,0.29621,1,0.39363,0.43910,24.65153,1.00237,1,0.65783,0.42857,26.49098,0.99518,1,-0.02640,0.01075,0.64259,0.00461,1,0.03770,0.01263,0.63810,0.00514,1,0,0.00000,26
0.77871,0.27856,100.76879,0.24791,235,1,0.73818,0.31452,1,0.77516,0.29313,1,0.75667,0.30382,1,0.39349,0.43909,24.53205,0.98816,1,0.65773,0.42855,26.33381,0.98097,1,-0.02640,0.01075,0.64259,0.00462,1,0.03770,0.01263,0.63810,0.00513,1,0,0.00000,26
0.77811,0.27935,100.76879,0.25433,235,1,0.73779,0.32014,1,0.77281,0.29879,1,0.75530,0.30947,1,0.39327,0.43914,24.48994,0.98097,1,0.65770,0.42864,26.34444,0.97378,1,-0.02732,0.01101,0.66124,0.00462,1,0.03792,0.01277,0.64501,0.00516,1,0,0.00000,26
0.77724,0.28052,100.76879,0.26379,235,1,0.71088,0.36806,1,0.77572,0.28426,1,0.74330,0.32616,1,0.39315,0.43909,24.67608,0.98080,1,0.65742,0.42843,25.94453,0.98080,1,-0.02732,0.01101,0.66124,0.00462,1,0.03792,0.01277,0.64501,0.00513,1,0,0.00000,26
0.77699,0.28047,100.76879,0.26807,235,1,0.73554,0.30010,1,0.79803,0.25711,1,0.76678,0.27861,1,0.39294,0.43896,24.43766,0.98783,1,0.65723,0.42849,26.24866,0.98783,1,-0.02732,0.01101,0.66124,0.00466,1,0.03792,0.01277,0.64501,0.00517,1,0,0.00000,26
0.77684,0.28014,100.76879,0.27404,235,1,0.73590,0.29451,1,0.80571,0.23892,1,0.77081,0.26671,1,0.39277,0.43905,24.66712,0.99486,1,0.65713,0.42849,26.39292,1.01013,1,-0.02773,0.01119,0.66880,0.00462,1,0.03973,0.01352,0.67763,0.00516,1,0,0.00000,26
0.77654,0.28062,100.76879,0.28076,235,1,0.73846,0.34862,1,0.78959,0.25282,1,0.76402,0.30072,1,0.39254,0.43912,24.47402,1.01013,1,0.65699,0.42854,26.31161,1.02541,1,-0.02773,0.01119,0.66880,0.00465,1,0.03973,0.01352,0.67763,0.00517,1,0,0.00000,26
0.77607,0.28064,100.76879,0.28778,235,1,0.72760,0.33018,1,0.78359,0.23263,1,0.75559,0.28140,1,0.39241,0.43910,24.71901,1.02541,1,0.65688,0.42845,26.40327,1.04069,1,-0.02773,0.01119,0.66880,0.00461,1,0.03973,0.01352,0.67763,0.00507,1,0,0.00000,26
0.77562,0.28053,100.76879,0.29490,235,1,0.72825,0.31893,1,0.78359,0.23263,1,0.75592,0.27578,1,0.39236,0.43901,24.71958,1.04069,1,0.65669,0.42819,26.10619,1.04069,1,-0.02754,0.01112,0.66182,0.00463,1,0.03684,0.01257,0.62998,0.00515,1,0,0.00000,26
0.77520,0.28046,100.76879,0.30123,235,1,0.70139,0.31552,1,0.81149,0.23913,1,0.75644,0.27733,1,0.39206,0.43904,24.79039,1.04069,1,0.65644,0.42833,26.43308,1.02541,1,-0.02754,0.01112,0.66182,0.00462,1,0.03684,0.01257,0.62998,0.00515,1,0,0.00000,26
0.77488,0.28041,100.76879,0.30840,235,1,0.72092,0.32083,1,0.79883,0.23502,1,0.75987,0.27793,1,0.39204,0.43910,24.61443,1.02541,1,0.65633,0.42837,26.68521,1.01013,1,-0.02754,0.01112,0.66182,0.00463,1,0.03684,0.01257,0.62998,0.00512,1,0,0.00000,26
0.77456,0.28048,100.76879,0.31474,235,1,0.72036,0.33220,1,0.79883,0.23502,1,0.75960,0.28361,1,0.39189,0.43901,24.66383,1.01013,1,0.65626,0.42831,26.47792,1.01013,1,-0.02742,0.01103,0.65661,0.00460,1,0.04036,0.01380,0.69191,0.00511,1,0,0.00000,26
0.77327,0.27968,100.76879,0.32130,235,1,0.72690,0.34140,1,0.78444,0.22414,1,0.75567,0.28277,1,0.39160,0.43911,24.67394,1.01013,1,0.65607,0.42825,26.32228,1.02541,1,-0.02742,0.01103,0.65661,0.00464,1,0.04036,0.01380,0.69191,0.00516,1,0,0.00000,26
0.77244,0.27834,100.76879,0.32833,235,1,0.71617,0.32639,1,0.76608,0.21061,1,0.74113,0.26850,1,0.39163,0.43901,24.68093,1.02541,1,0.65600,0.42818,26.30818,1.04069,1,-0.02742,0.01103,0.65661,0.00464,1,0.04036,0.01380,0.69191,0.00517,1,0,0.00000,26
0.77159,0.27704,100.76879,0.33471,235,1,0.71644,0.32030,1,0.76399,0.21637,1,0.74021,0.26834,1,0.39145,0.43897,24.69263,1.03366,1,0.65579,0.42818,26.39433,1.03366,1,-0.02714,0.01086,0.64630,0.00461,1,0.03718,0.01275,0.63900,0.00516,1,0,0.00000,26
0.77075,0.27612,100.76879,0.34126,235,1,0.72307,0.32478,1,0.80504,0.22615,1,0.76406,0.27547,1,0.39121,0.43897,24.86966,1.02664,1,0.65551,0.42833,26.43481,1.01136,1,-0.02714,0.01086,0.64630,0.00464,1,0.03718,0.01275,0.63900,0.00516,1,0,0.00000,26
0.76993,0.27708,100.76879,0.34801,235,1,0.74103,0.34347,1,0.77630,0.25664,1,0.75866,0.30006,1,0.39116,0.43900,24.81332,1.00433,1,0.65545,0.42837,26.47887,0.98906,1,-0.02714,0.01086,0.64630,0.00463,1,0.03718,0.01275,0.63900,0.00516,1,0,0.00000,26
0.76906,0.27821,100.76879,0.35516,235,1,0.74017,0.35479,1,0.77368,0.26325,1,0.75692,0.30902,1,0.39091,0.43906,24.63725,0.98906,1,0.65525,0.42820,26.30508,0.98097,1,-0.02793,0.01116,0.66406,0.00466,1,0.03859,0.01328,0.66574,0.00519,1,0,0.00000,26
0.76802,0.27844,100.76879,0.36156,235,1,0.71215,0.36422,1,0.74462,0.23355,1,0.72838,0.29888,1,0.39084,0.43908,24.63587,0.98799,1,0.65514,0.42809,26.12022,0.99518,1,-0.02793,0.01116,0.66406,0.00464,1,0.03859,0.01328,0.66574,0.00517,1,0,0.00000,26
0.76725,0.27885,100.76879,0.36845,235,1,0.69176,0.34052,1,0.80627,0.23143,1,0.74901,0.28598,1,0.39058,0.43896,24.69785,1.00221,1,0.65486,0.42822,26.48975,1.00940,1,-0.02793,0.01116,0.66406,0.00465,1,0.03859,0.01328,0.66574,0.00515,1,0,0.00000,26
0.76653,0.27899,100.76879,0.37504,235,1,0.69190,0.33005,1,0.81116,0.21975,1,0.75153,0.27490,1,0.39043,0.43897,24.86966,1.01643,1,0.65474,0.42815,26.55528,1.02362,1,-0.02802,0.01111,0.66143,0.00464,1,0.03838,0.01324,0.66382,0.00520,1,0,0.00000,26
0.76613,0.27904,100.76879,0.38190,235,1,0.73133,0.29801,1,0.77748,0.22575,1,0.75441,0.26188,1,0.39012,0.43910,24.83307,1.02362,1,0.65449,0.42814,26.51847,1.02362,1,-0.02802,0.01111,0.66143,0.00464,1,0.03838,0.01324,0.66382,0.00518,1,0,0.00000,26
0.76536,0.27815,100.76879,0.38836,235,1,0.71497,0.29604,1,0.76419,0.21199,1,0.73958,0.25402,1,0.39003,0.43915,24.69646,1.02362,1,0.65439,0.42821,26.32919,1.02362,1,-0.02802,0.01111,0.66143,0.00463,1,0.03838,0.01324,0.66382,0.00512,1,0,0.00000,26
0.76453,0.27749,100.76879,0.39515,235,1,0.71476,0.30144,1,0.75991,0.22383,1,0.73733,0.26264,1,0.38991,0.43920,24.75714,1.01659,1,0.65416,0.42817,26.36262,1.00940,1,-0.02734,0.01074,0.64196,0.00464,1,0.03673,0.01272,0.63781,0.00517,1,0,0.00000,26
0.76359,0.27711,100.76879,0.40353,235,1,0.71776,0.29627,1,0.78777,0.22719,1,0.75276,0.26173,1,0.38954,0.43926,24.65893,1.00237,1,0.65392,0.42817,26.56544,0.99518,1,-0.02734,0.01074,0.64196,0.00468,1,0.03673,0.01272,0.63781,0.00512,1,0,0.00000,26
0.76280,0.27696,100.76879,0.40840,235,1,0.73757,0.32392,1,0.76317,0.23706,1,0.75037,0.28049,1,0.38946,0.43929,24.64480,0.98816,1,0.65378,0.42813,26.47355,0.98097,1,-0.02734,0.01074,0.64196,0.00465,1,0.03673,0.01272,0.63781,0.00518,1,0,0.00000,26
0.76198,0.27692,100.76879,0.41538,235,1,0.73718,0.32947,1,0.76317,0.23706,1,0.75018,0.28327,1,0.38930,0.43920,24.85422,0.98097,1,0.65367,0.42808,26.17158,0.98097,1,-0.02785,0.01092,0.65274,0.00463,1,0.03772,0.01312,0.65768,0.00516,1,0,0.00000,26
0.76068,0.27760,100.76879,0.42181,235,1,0.71211,0.37661,1,0.74200,0.21170,1,0.72705,0.29415,1,0.38912,0.43918,24.73243,0.98799,1,0.65337,0.42802,26.25100,0.99518,1,-0.02785,0.01092,0.65274,0.00470,1,0.03772,0.01312,0.65768,0.00518,1,0,0.00000,26
0.76004,0.27777,100.76879,0.42879,235,1,0.69050,0.30760,1,0.79845,0.20041,1,0.74447,0.25400,1,0.38893,0.43917,24.54297,1.00221,1,0.65325,0.42800,26.32253,1.00940,1,-0.02785,0.01092,0.65274,0.00464,1,0.03772,0.01312,0.65768,0.00516,1,0,0.00000,26
0.75945,0.27776,100.76879,0.43552,235,1,0.69062,0.29666,1,0.80322,0.18830,1,0.74692,0.24248,1,0.38877,0.43922,24.62699,1.01643,1,0.65301,0.42808,26.74688,1.02362,1,-0.02869,0.01117,0.66784,0.00467,1,0.03804,0.01327,0.66492,0.00516,1,0,0.00000,26
0.75911,0.27752,100.76879,0.44221,235,1,0.74630,0.28623,1,0.77626,0.23786,1,0.76128,0.26204,1,0.38858,0.43913,24.86016,1.02362,1,0.65284,0.42789,26.64679,1.02362,1,-0.02869,0.01117,0.66784,0.00463,1,0.03804,0.01327,0.66492,0.00517,1,0,0.00000,26
0.75805,0.27800,100.76879,0.44886,235,1,0.71932,0.33214,1,0.76297,0.22449,1,0.74115,0.27832,1,0.38847,0.43912,24.72599,1.02362,1,0.65268,0.42788,26.63416,1.02362,1,-0.02869,0.01117,0.66784,0.00462,1,0.03804,0.01327,0.66492,0.00517,1,0,0.00000,26
0.75699,0.27847,100.76879,0.45522,235,1,0.71908,0.33730,1,0.76087,0.23026,1,0.73997,0.28378,1,0.38849,0.43911,24.73680,1.01659,1,0.65266,0.42779,26.39539,1.01659,1,-0.02754,0.01080,0.63985,0.00464,1,0.03795,0.01332,0.66506,0.00516,1,0,0.00000,26
0.75632,0.27907,100.76879,0.46233,235,1,0.71026,0.33494,1,0.76647,0.23212,1,0.73836,0.28353,1,0.38835,0.43895,24.79111,1.00956,1,0.65267,0.42778,26.44049,1.00956,1,-0.02754,0.01080,0.63985,0.00465,1,0.03795,0.01332,0.66506,0.00515,1,0,0.00000,26
0.75635,0.28048,100.76879,0.46887,235,1,0.74822,0.40376,1,0.80511,0.23808,1,0.77667,0.32092,1,0.38855,0.43895,24.86498,1.00254,1,0.65305,0.42778,26.57874,1.00254,1,-0.02754,0.01080,0.63985,0.00465,1,0.03795,0.01332,0.66506,0.00519,1,0,0.00000,26
0.75636,0.28196,100.76879,0.47530,235,1,0.74822,0.40376,1,0.80511,0.23808,1,0.77667,0.32092,1,0.38881,0.43896,24.73923,1.00254,1,0.65323,0.42775,26.60564,1.00254,1,-0.02845,0.01122,0.66219,0.00464,1,0.03795,0.01347,0.66506,0.00521,1,0,0.00000,26
0.75737,0.28286,100.76879,0.48197,235,1,0.79120,0.38305,1,0.84323,0.21017,1,0.81722,0.29661,1,0.38925,0.43894,24.78831,1.00956,1,0.65346,0.42763,27.18013,1.00956,1,-0.02845,0.01122,0.66219,0.00466,1,0.03795,0.01347,0.66506,0.00516,1,0,0.00000,26
0.75865,0.28407,100.76879,0.48863,235,1,0.81260,0.38892,1,0.84647,0.20555,1,0.82954,0.29723,1,0.38939,0.43878,24.53540,1.01659,1,0.65350,0.42768,27.06341,1.01659,1,-0.02845,0.01122,0.66219,0.00464,1,0.03795,0.01347,0.66506,0.00520,1,0,0.00000,26
0.75997,0.28522,100.76879,0.49554,235,1,0.81347,0.38401,1,0.84913,0.19967,1,0.83130,0.29184,1,0.38961,0.43855,23.89022,1.02362,1,0.65349,0.42768,27.05786,1.02362,1,-0.02845,0.01122,0.66219,0.00469,1,0.03795,0.01347,0.66506,0.00520,1,0,0.00000,26
0.76044,0.28619,100.76879,0.50227,235,1,0.78684,0.37469,1,0.81685,0.24945,1,0.80185,0.31207,1,0.38934,0.43879,24.49026,1.02362,1,0.65326,0.42748,26.74977,1.02362,1,-0.02845,0.01122,0.66219,0.00468,1,0.03795,0.01347,0.66506,0.00516,1,0,0.00000,26
0.76084,0.28667,100.76879,0.50884,235,1,0.77974,0.37528,1,0.80663,0.24240,1,0.79318,0.30884,1,0.38907,0.43880,24.58522,1.02362,1,0.65317,0.42756,26.92917,1.02362,1,-0.02845,0.01122,0.66219,0.00465,1,0.03795,0.01347,0.66506,0.00515,1,0,0.00000,26
0.76127,0.28698,100.76879,0.51564,235,1,0.77974,0.37528,1,0.80418,0.24816,1,0.79196,0.31172,1,0.38926,0.43851,23.67925,1.02362,1,0.65313,0.42757,26.66063,1.01643,1,-0.02825,0.01111,0.65528,0.00474,1,0.03631,0.01286,0.63724,0.00515,1,0,0.00000,26
0.78694,0.30140,100.76879,0.51564,235,0,0.75860,0.37261,1,0.85224,0.24942,1,0.80542,0.31102,1,0.38884,0.43883,24.66794,1.01643,1,0.65297,0.42745,26.35404,1.00924,1,-0.02825,0.01111,0.65528,0.00469,1,0.03631,0.01286,0.63724,0.00520,1,0,0.00000,26
0.80021,0.31549,100.76879,0.51564,235,0,0.78252,0.39240,1,0.84445,0.26677,1,0.81349,0.32959,1,0.38881,0.43885,24.60972,1.00924,1,0.65292,0.42744,26.45240,1.00205,1,-0.02825,0.01111,0.65528,0.00469,1,0.03631,0.01286,0.63724,0.00521,1,0,0.00000,26
0.80452,0.32102,100.76879,0.51564,235,0,0.78183,0.39739,1,0.84445,0.26677,1,0.81314,0.33208,1,0.38876,0.43883,24.56851,1.00205,1,0.65288,0.42748,26.61836,1.00205,1,-0.03014,0.01181,0.69655,0.00469,1,0.03775,0.01338,0.66329,0.00519,1,0,0.00000,26
0.80168,0.32070,101.29131,0.02119,236,1,0.75643,0.35136,1,0.82988,0.28810,1,0.79316,0.31973,1,0.38853,0.43893,24.70345,1.00205,1,0.65280,0.42757,26.47379,1.00924,1,-0.03014,0.01181,0.69655,0.00466,1,0.03775,0.01338,0.66329,0.00523,1,0,0.00000,26
0.80130,0.32379,101.29131,0.02617,236,1,0.77663,0.40806,1,0.82294,0.26424,1,0.79978,0.33615,1,0.38842,0.43903,24.74365,1.00924,1,0.65274,0.42764,26.35849,1.01643,1,-0.03014,0.01181,0.69655,0.00464,1,0.03775,0.01338,0.66329,0.00525,1,0,0.00000,26
0.80110,0.32544,101.29131,0.03322,236,1,0.77727,0.40319,1,0.82294,0.26424,1,0.80011,0.33371,1,0.38850,0.43887,24.35157,1.01643,1,0.65242,0.42771,26.82773,1.01643,1,-0.03014,0.01170,0.69655,0.00468,1,0.03667,0.01305,0.64690,0.00520,1,0,0.00000,26
0.79999,0.32243,101.29131,0.04018,236,1,0.78216,0.33190,1,0.80453,0.27679,1,0.79335,0.30434,1,0.38830,0.43896,24.61904,1.01643,1,0.65244,0.42770,26.65243,1.00924,1,-0.03014,0.01170,0.69655,0.00469,1,0.03667,0.01305,0.64690,0.00521,1,0,0.00000,26
0.79720,0.32176,101.29131,0.04665,236,1,0.76373,0.35839,1,0.79150,0.27573,1,0.77761,0.31706,1,0.38822,0.43901,24.74729,1.00924,1,0.65242,0.42767,26.55106,1.00205,1,-0.03014,0.01170,0.69655,0.00467,1,0.03667,0.01305,0.64690,0.00521,1,0,0.00000,26
0.79486,0.32184,101.29131,0.05341,236,1,0.76317,0.36361,1,0.78909,0.28139,1,0.77613,0.32250,1,0.38815,0.43899,24.59254,1.00205,1,0.65237,0.42770,26.42713,0.99486,1,-0.02845,0.01091,0.65539,0.00465,1,0.03647,0.01293,0.64341,0.00521,1,0,0.00000,26
0.79363,0.31675,101.29131,0.06017,236,1,0.75400,0.30456,1,0.81119,0.23730,1,0.78260,0.27093,1,0.38806,0.43906,24.85941,0.99486,1,0.65225,0.42764,26.53137,0.99486,1,-0.02845,0.01091,0.65539,0.00465,1,0.03647,0.01293,0.64341,0.00515,1,0,0.00000,26
0.79378,0.31287,101.29131,0.06716,236,1,0.77990,0.30342,1,0.81075,0.24465,1,0.79532,0.27403,1,0.38799,0.43917,24.81557,0.99486,1,0.65223,0.42774,26.65930,0.99486,1,-0.02845,0.01091,0.65539,0.00464,1,0.03647,0.01293,0.64341,0.00516,1,0,0.00000,26
0.79378,0.31010,101.29131,0.07376,236,1,0.77924,0.30901,1,0.80826,0.25042,1,0.79375,0.27972,1,0.38798,0.43915,24.81306,0.98783,1,0.65221,0.42776,26.71986,0.98783,1,-0.02796,0.01070,0.64293,0.00465,1,0.03647,0.01293,0.64341,0.00516,1,0,0.00000,26
0.79466,0.30854,101.29131,0.07995,236,1,0.77363,0.32730,1,0.83692,0.25225,1,0.80528,0.28977,1,0.38788,0.43926,24.88641,0.98081,1,0.65213,0.42790,26.58720,0.98081,1,-0.02796,0.01070,0.64293,0.00467,1,0.03647,0.01293,0.64341,0.00515,1,0,0.00000,26
0.79507,0.30842,101.29131,0.08706,236,1,0.77172,0.34391,1,0.82892,0.26987,1,0.80032,0.30689,1,0.38784,0.43924,24.89144,0.97378,1,0.65210,0.42792,26.56842,0.97378,1,-0.02796,0.01070,0.64293,0.00468,1,0.03647,0.01293,0.64341,0.00515,1,0,0.00000,26
0.79540,0.30850,101.29131,0.09351,236,1,0.77110,0.34932,1,0.82898,0.26973,1,0.80004,0.30952,1,0.38777,0.43925,24.81985,0.96675,1,0.65198,0.42796,26.57514,0.97394,1,-0.02796,0.01070,0.64293,0.00467,1,0.03749,0.01331,0.66231,0.00517,1,0,0.00000,26
0.79503,0.30853,101.29131,0.10059,236,1,0.75878,0.36008,1,0.82013,0.25794,1,0.78945,0.30901,1,0.38780,0.43929,24.62037,0.97394,1,0.65193,0.42797,26.60495,0.98113,1,-0.02796,0.01070,0.64293,0.00469,1,0.03749,0.01331,0.66231,0.00517,1,0,0.00000,26
0.79463,0.30700,101.29131,0.10723,236,1,0.75841,0.36495,1,0.81813,0.20021,1,0.78827,0.28258,1,0.38777,0.43937,24.41343,0.98113,1,0.65193,0.42797,26.60495,0.98832,1,-0.02796,0.01070,0.64293,0.00469,1,0.03749,0.01331,0.66231,0.00517,1,0,0.00000,26
0.79436,0.30532,101.29131,0.11366,236,1,0.75895,0.35964,1,0.82073,0.19396,1,0.78984,0.27680,1,0.38776,0.43938,24.42951,0.98832,1,0.65194,0.42801,26.56980,0.99551,1,-0.02796,0.01070,0.64293,0.00470,1,0.03749,0.01321,0.66231,0.00515,1,0,0.00000,26
0.79496,0.30444,101.29131,0.12034,236,1,0.78842,0.36107,1,0.82295,0.21596,1,0.80569,0.28851,1,0.38762,0.43954,24.99468,0.99551,1,0.65189,0.42809,26.59703,0.99551,1,-0.02796,0.01070,0.64293,0.00468,1,0.03749,0.01321,0.66231,0.00514,1,0,0.00000,26
0.79452,0.30345,101.29131,0.12724,236,1,0.75062,0.35839,1,0.82179,0.21075,1,0.78621,0.28457,1,0.38759,0.43962,24.86184,0.99551,1,0.65190,0.42813,26.48796,0.99551,1,-0.02796,0.01070,0.64293,0.00467,1,0.03749,0.01321,0.66231,0.00515,1,0,0.00000,26
0.79413,0.30255,101.29131,0.13377,236,1,0.75062,0.35839,1,0.82179,0.21075,1,0.78621,0.28457,1,0.38765,0.43960,24.86336,0.99551,1,0.65193,0.42819,26.49320,0.99551,1,-0.02796,0.01070,0.64293,0.00466,1,0.03749,0.01321,0.66231,0.00516,1,0,0.00000,26
0.79483,0.30246,101.29131,0.14081,236,1,0.77318,0.37238,1,0.84602,0.22878,1,0.80960,0.30058,1,0.38835,0.43940,23.62013,0.99551,1,0.65237,0.42823,26.82204,0.99551,1,-0.02796,0.01070,0.64293,0.00472,1,0.03749,0.01321,0.66231,0.00517,1,0,0.00000,26
0.79720,0.30298,101.29131,0.14693,236,1,0.82785,0.38190,1,0.87065,0.24702,1,0.84925,0.31446,1,0.38892,0.43931,23.49524,0.99551,1,0.65282,0.42831,26.58782,0.99551,1,-0.02796,0.01070,0.64293,0.00475,1,0.03749,0.01321,0.66231,0.00516,1,0,0.00000,26
0.79930,0.30358,101.29131,0.15346,236,1,0.82785,0.38190,1,0.86769,0.25287,1,0.84777,0.31739,1,0.38930,0.43949,23.71836,0.99551,1,0.65324,0.42840,26.87527,0.98832,1,-0.02763,0.01065,0.63981,0.00472,1,0.03646,0.01280,0.64156,0.00515,1,0,0.00000,26
0.80157,0.30446,101.29131,0.16014,236,1,0.82221,0.38917,1,0.88988,0.26210,1,0.85604,0.32563,1,0.38988,0.43945,23.57435,0.98832,1,0.65363,0.42850,26.73367,0.98113,1,-0.02763,0.01065,0.63981,0.00476,1,0.03646,0.01280,0.64156,0.00517,1,0,0.00000,26
0.80367,0.30548,101.29131,0.16703,236,1,0.82347,0.40007,1,0.88890,0.26193,1,0.85618,0.33100,1,0.38985,0.43943,23.56473,0.98113,1,0.65349,0.42838,26.68265,0.97394,1,-0.02763,0.01065,0.63981,0.00473,1,0.03646,0.01280,0.64156,0.00513,1,0,0.00000,26
0.80567,0.30632,101.29131,0.17352,236,1,0.82344,0.40019,1,0.89198,0.25620,1,0.85771,0.32820,1,0.38986,0.43949,23.66044,0.98097,1,0.65343,0.42847,26.69105,0.98097,1,-0.02825,0.01091,0.65528,0.00475,1,0.03741,0.01312,0.65744,0.00510,1,0,0.00000,26
0.80698,0.30758,101.29131,0.18045,236,1,0.81181,0.40220,1,0.87282,0.28069,1,0.84231,0.34145,1,0.38984,0.43952,23.57894,0.98799,1,0.65330,0.42854,26.55187,0.99518,1,-0.02825,0.01091,0.65528,0.00474,1,0.03741,0.01312,0.65744,0.00513,1,0,0.00000,26
0.80864,0.30850,101.29131,0.18741,236,1,0.81841,0.39794,1,0.89151,0.27094,1,0.85496,0.33444,1,0.38978,0.43952,23.48356,1.00221,1,0.65338,0.42854,26.47535,1.00940,1,-0.02825,0.01091,0.65528,0.00471,1,0.03741,0.01312,0.65744,0.00510,1,0,0.00000,26
0.81025,0.30919,101.29131,0.19363,236,1,0.81935,0.39291,1,0.89457,0.26535,1,0.85696,0.32913,1,0.38969,0.43957,23.54931,1.00940,1,0.65333,0.42851,26.43267,1.01659,1,-0.02763,0.01065,0.63981,0.00470,1,0.03741,0.01312,0.65744,0.00512,1,0,0.00000,26
0.83834,0.31880,101.29131,0.19363,236,0,0.81571,0.40147,1,0.89809,0.26700,1,0.85690,0.33423,1,0.38969,0.43962,23.58958,1.00956,1,0.65330,0.42856,26.59778,1.00956,1,-0.02763,0.01065,0.63981,0.00470,1,0.03741,0.01312,0.65744,0.00511,1,0,0.00000,26
0.84059,0.33166,101.29131,0.19363,236,0,0.81080,0.39654,1,0.87488,0.29250,1,0.84284,0.34452,1,0.38973,0.43959,23.39852,1.00254,1,0.65337,0.42867,26.51834,1.00254,1,-0.02763,0.01065,0.63981,0.00472,1,0.03741,0.01312,0.65744,0.00513,1,0,0.00000,26
0.84134,0.33595,101.29131,0.19363,236,0,0.81080,0.39654,1,0.87488,0.29250,1,0.84284,0.34452,1,0.38965,0.43964,23.61270,1.00254,1,0.65337,0.42873,26.52730,1.00254,1,-0.02825,0.01091,0.65528,0.00470,1,0.03741,0.01312,0.65744,0.00516,1,0,0.00000,26
0.84232,0.33780,101.49186,0.02009,237,1,0.81222,0.40632,1,0.87828,0.28037,1,0.84525,0.34335,1,0.38961,0.43968,23.46157,1.00956,1,0.65328,0.42867,26.66698,1.00956,1,-0.02825,0.01091,0.65528,0.00471,1,0.03741,0.01312,0.65744,0.00514,1,0,0.00000,26
0.84234,0.33986,101.49186,0.02702,237,1,0.80885,0.39947,1,0.87601,0.29675,1,0.84243,0.34811,1,0.38960,0.43967,23.45849,1.01659,1,0.65339,0.42873,26.38158,1.01659,1,-0.02825,0.01091,0.65528,0.00471,1,0.03741,0.01312,0.65744,0.00511,1,0,0.00000,26
0.84267,0.34039,101.49186,0.03355,237,1,0.80969,0.39465,1,0.87888,0.29148,1,0.84429,0.34306,1,0.38959,0.43966,23.47068,1.02362,1,0.65334,0.42876,26.50283,1.02362,1,-0.02825,0.01091,0.65528,0.00471,1,0.03775,0.01318,0.66329,0.00513,1,0,0.00000,26
0.84265,0.33943,101.49186,0.04037,237,1,0.80401,0.39099,1,0.88111,0.27629,1,0.84256,0.33364,1,0.38961,0.43962,23.30288,1.02362,1,0.65335,0.42880,26.52604,1.02362,1,-0.02825,0.01091,0.65528,0.00471,1,0.03775,0.01318,0.66329,0.00511,1,0,0.00000,26
0.84548,0.33895,101.49186,0.04666,237,1,0.84089,0.39802,1,0.88964,0.27313,1,0.86527,0.33558,1,0.38967,0.43958,23.14251,1.02362,1,0.65335,0.42880,26.52604,1.02362,1,-0.02825,0.01091,0.65528,0.00472,1,0.03775,0.01318,0.66329,0.00511,1,0,0.00000,26
0.84745,0.33914,101.49186,0.05399,237,1,0.83984,0.40286,1,0.88671,0.27851,1,0.86327,0.34068,1,0.38958,0.43969,23.39909,1.01659,1,0.65336,0.42875,26.54477,1.01659,1,-0.02763,0.01065,0.63981,0.00470,1,0.03775,0.01318,0.66329,0.00509,1,0,0.00000,26
0.84800,0.33749,101.49186,0.06055,237,1,0.83071,0.35204,1,0.87517,0.29321,1,0.85294,0.32263,1,0.38956,0.43971,23.43620,1.00956,1,0.65334,0.42876,26.50283,1.00956,1,-0.02763,0.01065,0.63981,0.00472,1,0.03775,0.01318,0.66329,0.00513,1,0,0.00000,26
0.84807,0.33629,101.49186,0.06703,237,1,0.82906,0.35596,1,0.86851,0.29256,1,0.84878,0.32426,1,0.38956,0.43971,23.43620,1.00254,1,0.65332,0.42876,26.46782,1.00254,1,-0.02763,0.01065,0.63981,0.00472,1,0.03775,0.01318,0.66329,0.00513,1,0,0.00000,26
0.84813,0.33528,101.49186,0.07346,237,1,0.82906,0.35596,1,0.86851,0.29256,1,0.84878,0.32426,1,0.38957,0.43973,23.51331,1.00254,1,0.65334,0.42880,26.49538,1.00254,1,-0.02878,0.01096,0.66744,0.00473,1,0.03775,0.01318,0.66329,0.00511,1,0,0.00000,26
0.84864,0.33008,101.49186,0.08015,237,1,0.83124,0.29705,1,0.87826,0.23830,1,0.85475,0.26767,1,0.38953,0.43979,23.38536,1.00956,1,0.65330,0.42886,26.79246,1.00956,1,-0.02878,0.01096,0.66744,0.00471,1,0.03775,0.01318,0.66329,0.00510,1,0,0.00000,26
0.84752,0.32615,101.49186,0.08685,237,1,0.79647,0.30479,1,0.86936,0.24535,1,0.83291,0.27507,1,0.38954,0.43983,23.37645,1.01659,1,0.65330,0.42886,26.79246,1.01659,1,-0.02878,0.01096,0.66744,0.00471,1,0.03775,0.01318,0.66329,0.00510,1,0,0.00000,26
0.84666,0.32238,101.49186,0.09378,237,1,0.79722,0.29930,1,0.87217,0.23974,1,0.83470,0.26952,1,0.38960,0.43983,23.24189,1.02362,1,0.65328,0.42888,26.70866,1.02362,1,-0.02825,0.01071,0.65528,0.00473,1,0.03775,0.01318,0.66329,0.00510,1,0,0.00000,26
0.84640,0.31866,101.49186,0.10088,237,1,0.79623,0.29541,1,0.88866,0.23034,1,0.84245,0.26287,1,0.38962,0.43988,23.30611,1.02362,1,0.65327,0.42892,26.61881,1.02362,1,-0.02825,0.01071,0.65528,0.00470,1,0.03775,0.01318,0.66329,0.00511,1,0,0.00000,26
0.84642,0.31535,101.49186,0.10739,237,1,0.80022,0.29504,1,0.89329,0.22961,1,0.84675,0.26233,1,0.38957,0.43990,23.50013,1.02362,1,0.65332,0.42892,26.67312,1.02362,1,-0.02825,0.01071,0.65528,0.00468,1,0.03775,0.01318,0.66329,0.00508,1,0,0.00000,26
0.84644,0.31240,101.49186,0.11404,237,1,0.80022,0.29504,1,0.89329,0.22961,1,0.84675,0.26233,1,0.38957,0.43995,23.47390,1.02362,1,0.65344,0.42893,26.56776,1.02362,1,-0.02825,0.01071,0.65528,0.00466,1,0.03775,0.01318,0.66329,0.00513,1,0,0.00000,26
0.84701,0.31005,101.49186,0.12070,237,1,0.80474,0.30414,1,0.90970,0.23126,1,0.85722,0.26770,1,0.38963,0.43998,23.49804,1.02362,1,0.65343,0.42892,26.53460,1.02362,1,-0.02825,0.01071,0.65528,0.00469,1,0.03775,0.01318,0.66329,0.00513,1,0,0.00000,26
0.84726,0.30844,101.49186,0.12763,237,1,0.80366,0.30557,1,0.90058,0.25040,1,0.85212,0.27799,1,0.38962,0.43998,23.46858,1.02362,1,0.65343,0.42891,26.64663,1.02362,1,-0.02825,0.01071,0.65528,0.00472,1,0.03775,0.01318,0.66329,0.00508,1,0,0.00000,26
0.84742,0.30713,101.49186,0.13438,237,1,0.80366,0.30557,1,0.89751,0.25605,1,0.85058,0.28081,1,0.38966,0.44000,23.45696,1.02362,1,0.65344,0.42893,26.76290,1.01643,1,-0.02825,0.01071,0.65528,0.00471,1,0.03631,0.01262,0.63724,0.00507,1,0,0.00000,26
0.84690,0.27991,101.49186,0.13438,237,0,0.81599,0.31668,1,0.87803,0.25160,1,0.84701,0.28414,1,0.38974,0.43998,23.18005,1.01643,1,0.65356,0.42892,26.49286,1.00924,1,-0.02825,0.01071,0.65528,0.00477,1,0.03631,0.01262,0.63724,0.00508,1,0,0.00000,26
0.84122,0.28689,101.49186,0.13438,237,0,0.82033,0.33139,1,0.85076,0.25634,1,0.83554,0.29386,1,0.38978,0.44001,23.18994,1.00924,1,0.65360,0.42892,26.35315,1.00205,1,-0.02825,0.01071,0.65528,0.00478,1,0.03631,0.01262,0.63724,0.00510,1,0,0.00000,26
0.83871,0.29109,101.49186,0.13438,237,0,0.81939,0.33687,1,0.84795,0.26210,1,0.83367,0.29949,1,0.38985,0.44000,23.35488,1.00205,1,0.65361,0.42896,26.58849,0.99486,1,-0.02844,0.01082,0.66194,0.00473,1,0.03631,0.01262,0.63724,0.00507,1,0,0.00000,26
0.84000,0.29260,101.63258,0.02047,238,1,0.83338,0.33117,1,0.85436,0.26310,1,0.84387,0.29713,1,0.39000,0.44005,23.45726,0.99486,1,0.65385,0.42903,26.46858,0.99486,1,-0.02844,0.01082,0.66194,0.00476,1,0.03631,0.01262,0.63724,0.00510,1,0,0.00000,26
0.83748,0.29681,101.63258,0.02704,238,1,0.80374,0.33892,1,0.85108,0.28838,1,0.82741,0.31365,1,0.39009,0.43999,23.35710,0.99486,1,0.65392,0.42908,26.37168,0.99486,1,-0.02844,0.01082,0.66194,0.00473,1,0.03631,0.01262,0.63724,0.00511,1,0,0.00000,26
0.83574,0.30005,101.63258,0.03349,238,1,0.80292,0.34428,1,0.85115,0.28826,1,0.82703,0.31627,1,0.39016,0.43991,23.28204,0.98783,1,0.65410,0.42904,26.04347,0.99502,1,-0.02766,0.01055,0.64505,0.00474,1,0.03804,0.01317,0.66492,0.00511,1,0,0.00000,26
0.83631,0.30064,101.63258,0.04037,238,1,0.79467,0.33344,1,0.88483,0.27493,1,0.83975,0.30418,1,0.39030,0.43994,23.48612,0.98800,1,0.65414,0.42914,26.47542,0.99518,1,-0.02766,0.01055,0.64505,0.00470,1,0.03804,0.01317,0.66492,0.00509,1,0,0.00000,26
0.83600,0.30131,101.63258,0.04726,238,1,0.79983,0.33845,1,0.86775,0.27358,1,0.83379,0.30602,1,0.39035,0.43996,23.55633,0.98816,1,0.65416,0.42908,26.41764,0.99535,1,-0.02766,0.01055,0.64505,0.00469,1,0.03804,0.01317,0.66492,0.00508,1,0,0.00000,26
0.83545,0.30242,101.63258,0.05476,238,1,0.79984,0.33833,1,0.86224,0.28420,1,0.83104,0.31126,1,0.39044,0.43998,23.34202,0.98832,1,0.65419,0.42912,26.44352,0.98189,1,-0.02751,0.01053,0.64379,0.00468,1,0.03541,0.01222,0.61742,0.00512,1,0,0.00000,26
0.83538,0.30376,101.63258,0.06044,238,1,0.82667,0.33047,1,0.84290,0.30114,1,0.83479,0.31581,1,0.39066,0.43981,23.48294,0.98189,1,0.65446,0.42910,26.61554,0.96827,1,-0.02751,0.01053,0.64379,0.00471,1,0.03541,0.01222,0.61742,0.00505,1,0,0.00000,26
0.83465,0.30854,101.63258,0.06711,238,1,0.80690,0.40255,1,0.84778,0.31008,1,0.82734,0.35631,1,0.39076,0.43970,23.25102,0.96827,1,0.65465,0.42914,26.49499,0.95464,1,-0.02751,0.01053,0.64379,0.00472,1,0.03541,0.01222,0.61742,0.00510,1,0,0.00000,26
0.83412,0.31248,101.63258,0.07389,238,1,0.80608,0.40728,1,0.85064,0.30455,1,0.82836,0.35591,1,0.39096,0.43979,23.59772,0.96167,1,0.65477,0.42907,26.43240,0.96167,1,-0.02811,0.01101,0.66120,0.00467,1,0.03812,0.01312,0.66284,0.00509,1,0,0.00000,26
0.83238,0.31626,101.63258,0.08010,238,1,0.79388,0.43233,1,0.82908,0.29076,1,0.81148,0.36155,1,0.39114,0.43969,23.45962,0.96870,1,0.65500,0.42913,26.39327,0.98232,1,-0.02811,0.01101,0.66120,0.00470,1,0.03812,0.01312,0.66284,0.00511,1,0,0.00000,26
0.83243,0.31783,101.63258,0.08721,238,1,0.81839,0.41731,1,0.84781,0.25928,1,0.83310,0.33829,1,0.39122,0.43958,23.50587,0.98935,1,0.65515,0.42911,26.28947,1.00297,1,-0.02811,0.01101,0.66120,0.00468,1,0.03812,0.01312,0.66284,0.00506,1,0,0.00000,26
0.83271,0.31852,101.63258,0.09415,238,1,0.82019,0.40792,1,0.85308,0.24842,1,0.83663,0.32817,1,0.39143,0.43960,23.47335,1.00297,1,0.65542,0.42917,26.58120,1.01659,1,-0.02701,0.01063,0.63864,0.00468,1,0.03838,0.01304,0.66382,0.00510,1,0,0.00000,26
0.83350,0.31951,101.63258,0.10071,238,1,0.82622,0.38696,1,0.86425,0.28156,1,0.84524,0.33426,1,0.39208,0.43943,23.07735,1.00956,1,0.65598,0.42927,26.38957,1.00956,1,-0.02701,0.01063,0.63864,0.00469,1,0.03838,0.01304,0.66382,0.00506,1,0,0.00000,26
0.83593,0.32006,101.63258,0.10718,238,1,0.83565,0.37644,1,0.91410,0.28160,1,0.87487,0.32902,1,0.39251,0.43945,23.38064,1.00254,1,0.65645,0.42901,26.18790,1.00254,1,-0.02701,0.01063,0.63864,0.00462,1,0.03838,0.01304,0.66382,0.00510,1,0,0.00000,26
0.83800,0.32072,101.63258,0.11358,238,1,0.83565,0.37644,1,0.91087,0.28715,1,0.87326,0.33179,1,0.39292,0.43924,23.48483,1.00254,1,0.65685,0.42929,26.42063,0.99535,1,-0.02734,0.01086,0.65221,0.00467,1,0.03718,0.01256,0.63900,0.00511,1,0,0.00000,26
0.83909,0.32110,101.63258,0.12069,238,1,0.85717,0.35450,1,0.86006,0.30154,1,0.85861,0.32802,1,0.39340,0.43913,23.38329,1.00237,1,0.65714,0.42909,26.49408,0.99519,1,-0.02734,0.01086,0.65221,0.00467,1,0.03718,0.01256,0.63900,0.00510,1,0,0.00000,26
0.84082,0.32081,101.63258,0.12720,238,1,0.86572,0.34833,1,0.88174,0.28211,1,0.87373,0.31522,1,0.39348,0.43923,23.29053,1.00221,1,0.65726,0.42910,26.12668,0.99502,1,-0.02734,0.01086,0.65221,0.00463,1,0.03718,0.01256,0.63900,0.00507,1,0,0.00000,26
0.84229,0.32080,101.63258,0.13417,238,1,0.86446,0.35379,1,0.87870,0.28772,1,0.87158,0.32075,1,0.39361,0.43914,23.22458,0.99502,1,0.65731,0.42915,26.41258,0.98783,1,-0.02682,0.01071,0.64341,0.00463,1,0.03765,0.01268,0.64535,0.00507,1,0,0.00000,26
0.84307,0.32116,101.63258,0.14104,238,1,0.81878,0.36051,1,0.90031,0.29683,1,0.85955,0.32867,1,0.39368,0.43917,23.09311,0.98081,1,0.65755,0.42916,26.34529,0.98081,1,-0.02682,0.01071,0.64341,0.00468,1,0.03765,0.01268,0.64535,0.00502,1,0,0.00000,26
0.84346,0.32172,101.63258,0.14706,238,1,0.82925,0.36952,1,0.87461,0.29837,1,0.85193,0.33395,1,0.39375,0.43917,23.19097,0.97378,1,0.65760,0.42919,26.32719,0.97378,1,-0.02682,0.01071,0.64341,0.00466,1,0.03765,0.01268,0.64535,0.00507,1,0,0.00000,26
0.84381,0.32223,101.63258,0.15401,238,1,0.82925,0.36952,1,0.87461,0.29837,1,0.85193,0.33395,1,0.39397,0.43922,22.95523,0.97378,1,0.65771,0.42919,26.52459,0.97378,1,-0.02754,0.01102,0.66182,0.00466,1,0.03770,0.01272,0.64462,0.00509,1,0,0.00000,26
0.84380,0.32270,101.63258,0.16107,238,1,0.84005,0.36427,1,0.84727,0.30359,1,0.84366,0.33393,1,0.39408,0.43913,23.14046,0.98081,1,0.65789,0.42913,26.31451,0.98081,1,-0.02754,0.01102,0.66182,0.00469,1,0.03770,0.01272,0.64462,0.00510,1,0,0.00000,26
0.84441,0.32269,101.63258,0.16771,238,1,0.84673,0.36983,1,0.87221,0.27517,1,0.85947,0.32250,1,0.39416,0.43910,23.35906,0.98783,1,0.65801,0.42905,26.16227,0.98783,1,-0.02754,0.01102,0.66182,0.00466,1,0.03770,0.01272,0.64462,0.00510,1,0,0.00000,26
0.84496,0.32268,101.63258,0.17429,238,1,0.84673,0.36983,1,0.87221,0.27517,1,0.85947,0.32250,1,0.39426,0.43895,23.04665,0.98783,1,0.65811,0.42907,26.19770,0.98783,1,-0.02692,0.01083,0.65042,0.00469,1,0.03740,0.01254,0.63794,0.00512,1,0,0.00000,25
0.84533,0.32247,101.63258,0.18101,238,1,0.82549,0.35575,1,0.88482,0.27760,1,0.85516,0.31667,1,0.39430,0.43902,23.14008,0.98081,1,0.65816,0.42906,26.34932,0.98081,1,-0.02692,0.01083,0.65042,0.00468,1,0.03740,0.01254,0.63794,0.00511,1,0,0.00000,25
0.84585,0.32257,101.63258,0.18794,238,1,0.83080,0.36291,1,0.89045,0.28777,1,0.86062,0.32534,1,0.39429,0.43902,23.12074,0.97378,1,0.65816,0.42906,26.34932,0.97378,1,-0.02692,0.01083,0.65042,0.00468,1,0.03740,0.01254,0.63794,0.00511,1,0,0.00000,25
0.84633,0.32274,101.63258,0.19444,238,1,0.82977,0.36824,1,0.89052,0.28764,1,0.86014,0.32794,1,0.39433,0.43904,23.12600,0.96675,1,0.65809,0.42909,26.58372,0.97394,1,-0.02692,0.01083,0.65042,0.00468,1,0.03846,0.01292,0.65514,0.00512,1,0,0.00000,25
0.84657,0.32260,101.63258,0.20095,238,1,0.80397,0.36557,1,0.90360,0.27091,1,0.85379,0.31824,1,0.39434,0.43912,23.36339,0.97394,1,0.65823,0.42891,26.51122,0.98113,1,-0.02692,0.01083,0.65042,0.00466,1,0.03846,0.01292,0.65514,0.00507,1,0,0.00000,25
0.84701,0.32238,101.63258,0.20792,238,1,0.81383,0.36466,1,0.90757,0.26643,1,0.86070,0.31554,1,0.39443,0.43906,23.16932,0.98113,1,0.65827,0.42895,26.52149,0.98832,1,-0.02692,0.01083,0.65042,0.00468,1,0.03846,0.01292,0.65514,0.00505,1,0,0.00000,25
0.84744,0.32209,101.63258,0.21467,238,1,0.81476,0.35927,1,0.90757,0.26643,1,0.86117,0.31285,1,0.39443,0.43906,23.13008,0.98832,1,0.65829,0.42897,26.50656,0.98832,1,-0.02692,0.01083,0.65042,0.00469,1,0.03792,0.01277,0.64501,0.00507,1,0,0.00000,25
0.84742,0.32186,101.63258,0.22145,238,1,0.81303,0.35159,1,0.88047,0.27685,1,0.84675,0.31422,1,0.39446,0.43910,23.28507,0.98832,1,0.65829,0.42895,26.52166,0.98113,1,-0.02692,0.01083,0.65042,0.00471,1,0.03792,0.01277,0.64501,0.00507,1,0,0.00000,25
0.84682,0.32219,101.63258,0.22800,238,1,0.81300,0.38220,1,0.83995,0.28450,1,0.82648,0.33335,1,0.39450,0.43914,23.12821,0.98113,1,0.65836,0.42899,26.65841,0.97394,1,-0.02692,0.01083,0.65042,0.00471,1,0.03792,0.01277,0.64501,0.00509,1,0,0.00000,25
0.84626,0.32250,101.63258,0.23608,238,1,0.81298,0.38232,1,0.83989,0.28463,1,0.82643,0.33348,1,0.39450,0.43914,23.16361,0.98097,1,0.65843,0.42892,26.52312,0.97378,1,-0.02732,0.01101,0.66124,0.00470,1,0.03792,0.01277,0.64501,0.00504,1,0,0.00000,25
0.84602,0.32260,101.63258,0.24088,238,1,0.82621,0.36862,1,0.84908,0.28399,1,0.83764,0.32631,1,0.39449,0.43921,23.25997,0.98081,1,0.65852,0.42894,26.41216,0.98081,1,-0.02732,0.01101,0.66124,0.00471,1,0.03792,0.01277,0.64501,0.00505,1,0,0.00000,25
0.84587,0.32249,101.63258,0.24823,238,1,0.82610,0.36914,1,0.85440,0.26767,1,0.84025,0.31840,1,0.39455,0.43925,23.27839,0.98783,1,0.65856,0.42894,26.30396,0.98783,1,-0.02732,0.01101,0.66124,0.00467,1,0.03792,0.01277,0.64501,0.00507,1,0,0.00000,25
0.84583,0.32209,101.63258,0.25497,238,1,0.82819,0.35806,1,0.86035,0.25572,1,0.84427,0.30689,1,0.39466,0.43925,23.01943,1.00276,1,0.65857,0.42898,26.45569,1.00276,1,-0.02797,0.01129,0.67823,0.00469,1,0.03792,0.01277,0.64501,0.00509,1,0,0.00000,25
0.84591,0.32180,101.63258,0.26137,238,1,0.83145,0.35839,1,0.86669,0.26202,1,0.84907,0.31021,1,0.39464,0.43930,23.17262,1.01067,1,0.65871,0.42900,26.31603,1.01067,1,-0.02797,0.01129,0.67823,0.00465,1,0.03792,0.01277,0.64501,0.00508,1,0,0.00000,25
0.84617,0.32147,101.63258,0.26842,238,1,0.83825,0.37019,1,0.87476,0.24701,1,0.85650,0.30860,1,0.39469,0.43928,23.06442,1.01857,1,0.65873,0.42897,26.27905,1.01857,1,-0.02797,0.01129,0.67823,0.00465,1,0.03792,0.01277,0.64501,0.00508,1,0,0.00000,25
0.84642,0.32117,101.63258,0.27460,238,1,0.83825,0.37019,1,0.87476,0.24701,1,0.85650,0.30860,1,0.39474,0.43934,23.06886,1.01857,1,0.65876,0.42899,26.27528,1.01857,1,-0.02687,0.01087,0.65273,0.00469,1,0.03759,0.01258,0.63793,0.00510,1,0,0.00000,25
0.84655,0.32097,101.63258,0.28178,238,1,0.82966,0.37313,1,0.87494,0.25225,1,0.85230,0.31269,1,0.39474,0.43937,23.04653,1.01067,1,0.65876,0.42901,26.26716,1.01067,1,-0.02687,0.01087,0.65273,0.00469,1,0.03759,0.01258,0.63793,0.00510,1,0,0.00000,25
0.84656,0.32108,101.63258,0.28828,238,1,0.83565,0.37393,1,0.85771,0.27733,1,0.84668,0.32563,1,0.39470,0.43929,23.07698,1.00276,1,0.65876,0.42903,26.26291,1.00276,1,-0.02687,0.01087,0.65273,0.00465,1,0.03759,0.01258,0.63793,0.00509,1,0,0.00000,25
0.84656,0.32118,101.63258,0.29471,238,1,0.83565,0.37393,1,0.85771,0.27733,1,0.84668,0.32563,1,0.39474,0.43936,23.07816,1.00276,1,0.65881,0.42901,26.13915,1.00276,1,-0.02797,0.01129,0.67823,0.00466,1,0.03805,0.01269,0.64556,0.00509,1,0,0.00000,25
0.84680,0.32122,101.63258,0.30164,238,1,0.83473,0.37864,1,0.88103,0.26792,1,0.85788,0.32328,1,0.39473,0.43936,23.04832,1.01067,1,0.65880,0.42903,26.19940,1.01067,1,-0.02797,0.01129,0.67823,0.00467,1,0.03805,0.01269,0.64556,0.00509,1,0,0.00000,25
0.84706,0.32111,101.63258,0.30812,238,1,0.83753,0.36295,1,0.87972,0.26896,1,0.85863,0.31595,1,0.39472,0.43936,23.03834,1.01857,1,0.65875,0.42905,26.32655,1.01857,1,-0.02797,0.01129,0.67823,0.00467,1,0.03805,0.01269,0.64556,0.00509,1,0,0.00000,25
0.84730,0.32100,101.63258,0.31485,238,1,0.83753,0.36295,1,0.87972,0.26896,1,0.85863,0.31595,1,0.39468,0.43935,23.07017,1.01857,1,0.65875,0.42905,26.32655,1.01857,1,-0.02687,0.01087,0.65273,0.00464,1,0.03805,0.01269,0.64556,0.00509,1,0,0.00000,25
0.84754,0.32200,101.63258,0.32154,238,1,0.83196,0.38574,1,0.88543,0.26991,1,0.85870,0.32782,1,0.39470,0.43947,23.12216,1.01067,1,0.65883,0.42913,26.27202,1.01067,1,-0.02687,0.01087,0.65273,0.00467,1,0.03805,0.01269,0.64556,0.00512,1,0,0.00000,25
0.84790,0.32298,101.63258,0.32793,238,1,0.82852,0.39701,1,0.87689,0.28484,1,0.85270,0.34093,1,0.39470,0.43915,22.93748,1.00276,1,0.65880,0.42903,26.31922,1.00276,1,-0.02687,0.01087,0.65273,0.00472,1,0.03805,0.01269,0.64556,0.00514,1,0,0.00000,25
0.84828,0.32391,101.63258,0.33465,238,1,0.82741,0.40255,1,0.87659,0.28540,1,0.85200,0.34397,1,0.39469,0.43923,22.95565,0.99486,1,0.65882,0.42908,26.24181,1.00205,1,-0.02687,0.01087,0.65273,0.00475,1,0.03875,0.01290,0.65674,0.00512,1,0,0.00000,25
0.84850,0.32502,101.63258,0.34155,238,1,0.83894,0.41812,1,0.86933,0.28308,1,0.85414,0.35060,1,0.39472,0.43950,23.13088,1.00205,1,0.65880,0.42917,26.16987,1.00924,1,-0.02687,0.01087,0.65273,0.00461,1,0.03875,0.01290,0.65674,0.00512,1,0,0.00000,25
0.84923,0.32560,101.63258,0.34803,238,1,0.83420,0.41129,1,0.89154,0.27193,1,0.86287,0.34161,1,0.39473,0.43961,23.08735,1.00924,1,0.65883,0.42918,26.18091,1.01643,1,-0.02687,0.01087,0.65273,0.00454,1,0.03875,0.01290,0.65674,0.00510,1,0,0.00000,25
0.85007,0.32590,101.63258,0.35470,238,1,0.83638,0.40096,1,0.89791,0.26029,1,0.86715,0.33062,1,0.39475,0.43958,23.09888,1.02433,1,0.65879,0.42915,26.18934,1.03152,1,-0.02797,0.01129,0.67823,0.00454,1,0.03875,0.01290,0.65674,0.00512,1,0,0.00000,25
0.85052,0.32688,101.63258,0.36180,238,1,0.84424,0.43536,1,0.87832,0.26628,1,0.86128,0.35082,1,0.39472,0.43983,21.63326,1.03943,1,0.65871,0.42907,26.50141,1.03943,1,-0.02797,0.01129,0.67823,0.00452,1,0.03875,0.01290,0.65674,0.00514,1,0,0.00000,25
0.85085,0.32922,101.63258,0.36815,238,1,0.82613,0.55954,1,0.87296,0.27724,1,0.84954,0.41839,1,0.39488,0.44071,20.22917,1.04733,1,0.65877,0.42917,26.05919,1.04733,1,-0.02797,0.01129,0.67823,0.00439,1,0.03875,0.01290,0.65674,0.00514,1,0,0.00000,25
0.85119,0.33154,101.63258,0.37504,238,1,0.82519,0.56313,1,0.87019,0.28248,1,0.84769,0.42280,1,0.39504,0.44098,20.23144,1.04030,1,0.65875,0.42924,26.11054,1.04030,1,-0.02652,0.01071,0.64315,0.00438,1,0.03875,0.01300,0.65674,0.00518,1,0,0.00000,25
0.86210,0.39010,101.63258,0.37504,238,0,0.96603,1.19100,1,0.87777,0.45254,1,0.92190,0.82177,1,0.39520,0.44485,9.81419,1.02537,1,0.65871,0.42994,23.60040,1.02537,1,-0.02652,0.01071,0.64315,0.00311,1,0.03875,0.01300,0.65674,0.00512,1,0,0.00000,25
0.85755,0.53476,101.63258,0.37504,238,0,0.96603,1.19100,0,0.85300,0.67942,1,0.85300,0.67942,1,0.39520,0.44485,9.81419,1.01044,0,0.65862,0.43080,21.45398,1.01044,1,-0.02652,0.01071,0.64315,0.00311,1,0.03875,0.01300,0.65674,0.00486,1,0,0.00000,25
0.85307,0.58588,101.63258,0.37504,238,0,0.96603,1.19100,0,0.84412,0.68813,1,0.84412,0.68813,1,0.39520,0.44485,9.81419,0.99551,0,0.65878,0.43133,19.97315,0.98832,1,-0.02652,0.01071,0.64315,0.00311,1,0.03794,0.01280,0.64380,0.00515,1,0,0.00000,25
0.83480,0.79764,101.63258,0.37504,238,0,0.96603,1.19100,0,0.80729,1.02538,1,0.80729,1.02538,1,0.39520,0.44485,9.81419,0.98832,0,0.65831,0.43403,12.04418,0.98113,1,-0.02652,0.01071,0.64315,0.00311,1,0.03794,0.01280,0.64380,0.00385,1,0,0.00000,25
0.83480,0.79764,101.63258,0.37504,238,0,0.96603,1.19100,0,0.80729,1.02538,0,0.80729,1.02538,0,0.39520,0.44485,9.81419,0.98113,0,0.65831,0.43403,12.04418,0.97394,0,-0.02652,0.01071,0.64315,0.00311,1,0.03794,0.01280,0.64380,0.00385,1,0,0.00000,25
0.83480,0.79764,101.63258,0.37504,238,0,0.96603,1.19100,0,0.80729,1.02538,0,0.80729,1.02538,0,0.39520,0.44485,9.81419,0.97394,0,0.65831,0.43403,12.04418,0.96675,0,-0.02652,0.01071,0.64315,0.00311,1,0.03794,0.01280,0.64380,0.00385,1,0,0.00000,25
0.00000,0.00000,101.63258,0.37504,238,0,0.96603,1.19100,0,0.80729,1.02538,0,0.80729,1.02538,0,0.39520,0.44485,9.81419,0.96675,0,0.65831,0.43403,12.04418,0.96675,0,-0.02652,0.01071,0.64315,0.00311,1,0.03794,0.01280,0.64380,0.00385,1,0,0.00000,25
0.00000,0.00000,101.63258,0.37504,238,0,0.96603,1.19100,0,0.80729,1.02538,0,0.80729,1.02538,0,0.39520,0.44485,9.81419,0.96675,0,0.65831,0.43403,12.04418,0.96675,0,-0.02652,0.01071,0.64315,0.00311,1,0.03794,0.01280,0.64380,0.00385,1,0,0.00000,25
0.00000,0.00000,101.63258,0.37504,238,0,0.96603,1.19100,0,0.80729,1.02538,0,0.80729,1.02538,0,0.39520,0.44485,9.81419,0.96675,0,0.65831,0.43403,12.04418,0.96675,0,-0.02652,0.01071,0.64315,0.00311,1,0.03794,0.01280,0.64380,0.00385,1,0,0.00000,25
0.00000,0.00000,101.63258,0.37504,238,0,0.96603,1.19100,0,0.80729,1.02538,0,0.80729,1.02538,0,0.39520,0.44485,9.81419,0.96675,0,0.65831,0.43403,12.04418,0.96675,0,-0.02652,0.01071,0.64315,0.00311,1,0.03794,0.01280,0.64380,0.00385,1,0,0.00000,25
0.00000,0.00000,101.63258,0.37504,238,0,0.96603,1.19100,0,0.80729,1.02538,0,0.80729,1.02538,0,0.39520,0.44485,9.81419,0.96675,0,0.65831,0.43403,12.04418,0.96675,0,-0.02652,0.01071,0.64315,0.00311,1,0.03794,0.01280,0.64380,0.00385,1,30,0.00000,25
0.00000,0.00000,101.63258,0.37504,238,0,0.96603,1.19100,0,0.80729,1.02538,0,0.80729,1.02538,0,0.39520,0.44485,9.81419,0.96675,0,0.65831,0.43403,12.04418,0.96675,0,-0.02652,0.01071,0.64315,0.00311,1,0.03794,0.01280,0.64380,0.00385,1,30,0.00000,25
0.00000,0.00000,101.63258,0.37504,238,0,0.96603,1.19100,0,0.80729,1.02538,0,0.80729,1.02538,0,0.39520,0.44485,9.81419,0.96675,0,0.65831,0.43403,12.04418,0.96675,0,-0.02652,0.01071,0.64315,0.00311,1,0.03794,0.01280,0.64380,0.00385,1,30,0.00000,25
0.00000,0.00000,101.63258,0.37504,238,0,0.96603,1.19100,0,0.80729,1.02538,0,0.80729,1.02538,0,0.39520,0.44485,9.81419,0.96675,0,0.65831,0.43403,12.04418,0.96675,0,-0.02652,0.01071,0.64315,0.00311,1,0.03794,0.01280,0.64380,0.00385,1,30,0.00000,25
0.00000,0.00000,101.63258,0.37504,238,0,0.96603,1.19100,0,0.80729,1.02538,0,0.80729,1.02538,0,0.39520,0.44485,9.81419,0.96675,0,0.65831,0.43403,12.04418,0.96675,0,-0.02652,0.01071,0.64315,0.00311,1,0.03794,0.01280,0.64380,0.00385,1,30,0.00000,25
0.00000,0.00000,101.63258,0.37504,238,0,0.96603,1.19100,0,0.80729,1.02538,0,0.80729,1.02538,0,0.39520,0.44485,9.81419,0.96675,0,0.65831,0.43403,12.04418,0.96675,0,-0.02652,0.01071,0.64315,0.00311,1,0.03794,0.01280,0.64380,0.00385,1,30,0.00000,25
0.00000,0.00000,101.63258,0.37504,238,0,0.96603,1.19100,0,0.80729,1.02538,0,0.80729,1.02538,0,0.39520,0.44485,9.81419,0.96675,0,0.65831,0.43403,12.04418,0.96675,0,-0.02652,0.01071,0.64315,0.00311,1,0.03794,0.01280,0.64380,0.00385,1,30,0.00000,25
0.00000,0.00000,101.63258,0.37504,238,0,0.96603,1.19100,0,0.80729,1.02538,0,0.80729,1.02538,0,0.39520,0.44485,9.81419,0.96675,0,0.65831,0.43403,12.04418,0.96675,0,-0.02652,0.01071,0.64315,0.00311,1,0.03794,0.01280,0.64380,0.00385,1,30,0.00000,25
0.00000,0.00000,101.63258,0.37504,238,0,0.96603,1.19100,0,0.80729,1.02538,0,0.80729,1.02538,0,0.39520,0.44485,9.81419,0.96675,0,0.65831,0.43403,12.04418,0.96675,0,-0.02652,0.01071,0.64315,0.00311,1,0.03794,0.01280,0.64380,0.00385,1,30,0.00000,25
0.00000,0.00000,101.63258,0.37504,238,0,0.96603,1.19100,0,0.80729,1.02538,0,0.80729,1.02538,0,0.39520,0.44485,9.81419,0.96675,0,0.65831,0.43403,12.04418,0.96675,0,-0.02652,0.01071,0.64315,0.00311,1,0.03794,0.01280,0.64380,0.00385,1,30,0.00000,25
0.00000,0.00000,101.63258,0.37504,238,0,0.96603,1.19100,0,0.80729,1.02538,0,0.80729,1.02538,0,0.39520,0.44485,9.81419,0.96675,0,0.65831,0.43403,12.04418,0.96675,0,-0.02652,0.01071,0.64315,0.00311,1,0.03794,0.01280,0.64380,0.00385,1,30,0.00000,25
0.00000,0.00000,101.63258,0.37504,238,0,0.96603,1.19100,0,0.80729,1.02538,0,0.80729,1.02538,0,0.39520,0.44485,9.81419,0.96675,0,0.65831,0.43403,12.04418,0.96675,0,-0.02652,0.01071,0.64315,0.00311,1,0.03794,0.01280,0.64380,0.00385,1,30,0.00000,25
0.00000,0.00000,101.63258,0.37504,238,0,0.96603,1.19100,0,0.80729,1.02538,0,0.80729,1.02538,0,0.39520,0.44485,9.81419,0.96675,0,0.65831,0.43403,12.04418,0.96675,0,-0.02652,0.01071,0.64315,0.00311,1,0.03794,0.01280,0.64380,0.00385,1,30,0.00000,25
0.00000,0.00000,101.63258,0.37504,238,0,0.96603,1.19100,0,0.80729,1.02538,0,0.80729,1.02538,0,0.39520,0.44485,9.81419,0.96675,0,0.65831,0.43403,12.04418,0.96675,0,-0.02652,0.01071,0.64315,0.00311,1,0.03794,0.01280,0.64380,0.00385,1,30,0.00000,25
0.00000,0.00000,101.63258,0.37504,238,0,0.96603,1.19100,0,0.80729,1.02538,0,0.80729,1.02538,0,0.39520,0.44485,9.81419,0.96675,0,0.65831,0.43403,12.04418,0.96675,0,-0.02652,0.01071,0.64315,0.00311,1,0.03794,0.01280,0.64380,0.00385,1,30,0.00000,25
0.00000,0.00000,101.63258,0.37504,238,0,0.96603,1.19100,0,0.80729,1.02538,0,0.80729,1.02538,0,0.39520,0.44485,9.81419,0.96675,0,0.65831,0.43403,12.04418,0.96675,0,-0.02652,0.01071,0.64315,0.00311,1,0.03794,0.01280,0.64380,0.00385,1,30,0.00000,25
0.00000,0.00000,101.63258,0.37504,238,0,0.96603,1.19100,0,0.80729,1.02538,0,0.80729,1.02538,0,0.39520,0.44485,9.81419,0.96675,0,0.65831,0.43403,12.04418,0.96675,0,-0.02652,0.01071,0.64315,0.00311,1,0.03794,0.01280,0.64380,0.00385,1,30,0.00000,25
1.09900,0.49212,101.63258,0.37504,238,0,1.09900,0.49212,1,0.80729,1.02538,0,1.09900,0.49212,1,0.65630,0.42986,24.12018,0.96675,1,0.65831,0.43403,12.04418,0.96675,0,-0.02652,0.01071,0.64315,0.00523,1,0.03794,0.01280,0.64380,0.00385,1,0,0.10806,26
1.09209,0.48381,101.63258,0.37504,238,0,1.08517,0.47550,1,0.80729,1.02538,0,1.08517,0.47550,1,0.65648,0.42969,25.02057,0.96675,1,0.65831,0.43403,12.04418,0.96675,0,-0.02652,0.01071,0.64315,0.00516,1,0.03794,0.01280,0.64380,0.00385,1,0,0.00000,26
1.08978,0.48104,101.63258,0.37504,238,0,1.08517,0.47550,1,0.80729,1.02538,0,1.08517,0.47550,1,0.65630,0.42958,25.22860,0.96675,1,0.65831,0.43403,12.04418,0.96675,0,0.03677,0.01248,0.63527,0.00513,1,0.03794,0.01280,0.64380,0.00385,1,0,0.00000,26
1.09725,0.45877,102.19527,0.02051,239,1,1.11967,0.39194,1,0.80729,1.02538,0,1.11967,0.39194,1,0.65580,0.42902,25.96672,0.96675,1,0.65831,0.43403,12.04418,0.96675,0,0.03677,0.01248,0.63527,0.00531,1,0.03794,0.01280,0.64380,0.00385,1,0,0.00000,26
1.09909,0.45273,102.19527,0.02724,239,1,1.10647,0.42861,1,0.80729,1.02538,0,1.10647,0.42861,1,0.65578,0.42914,26.21911,0.96675,1,0.65831,0.43403,12.04418,0.96675,0,0.03677,0.01248,0.63527,0.00519,1,0.03794,0.01280,0.64380,0.00385,1,0,0.00000,26
1.10081,0.44784,102.19527,0.03394,239,1,1.10942,0.42338,1,0.80729,1.02538,0,1.10942,0.42338,1,0.65570,0.42917,26.18402,0.97378,1,0.65831,0.43403,12.04418,0.97378,0,0.03807,0.01298,0.66032,0.00514,1,0.03794,0.01280,0.64380,0.00385,1,0,0.00000,26
1.10334,0.44205,102.19527,0.04065,239,1,1.11852,0.40730,1,0.80729,1.02538,0,1.11852,0.40730,1,0.65546,0.42919,26.23912,0.98081,1,0.65831,0.43403,12.04418,0.98081,0,0.03807,0.01298,0.66032,0.00512,1,0.03794,0.01280,0.64380,0.00385,1,0,0.00000,26
1.07317,0.44376,102.19527,0.04735,239,1,0.84548,0.60176,1,0.87840,0.30971,1,0.86194,0.45573,1,0.39121,0.44177,20.37156,0.98783,1,0.65533,0.42924,26.25725,0.98783,1,0.03807,0.01298,0.66032,0.00435,1,0.03794,0.01280,0.64380,0.00512,1,0,0.00000,26
1.05010,0.44430,102.19527,0.05399,239,1,0.84661,0.59824,1,0.88442,0.29893,1,0.86551,0.44859,1,0.39112,0.44150,20.51791,0.99486,1,0.65519,0.42918,26.40560,1.00205,1,-0.02839,0.01088,0.66540,0.00448,1,0.03812,0.01302,0.66284,0.00508,1,0,0.00000,26
1.03017,0.44084,102.19527,0.06030,239,1,0.81596,0.52444,1,0.88579,0.29503,1,0.85087,0.40973,1,0.39093,0.44144,20.98709,1.00205,1,0.65490,0.42918,26.52909,1.00924,1,-0.02839,0.01088,0.66540,0.00438,1,0.03812,0.01302,0.66284,0.00509,1,0,0.00000,26
1.01571,0.43704,102.19527,0.06695,239,1,0.83978,0.52476,1,0.90227,0.27326,1,0.87103,0.39901,1,0.39052,0.44126,21.47339,1.00924,1,0.65481,0.42936,26.78480,1.01643,1,-0.02839,0.01088,0.66540,0.00449,1,0.03812,0.01302,0.66284,0.00511,1,0,0.00000,26
1.00369,0.43370,102.19527,0.07380,239,1,0.84087,0.52067,1,0.90227,0.27326,1,0.87157,0.39696,1,0.39031,0.44134,21.18116,1.01643,1,0.65459,0.42929,26.31651,1.01643,1,-0.02844,0.01082,0.66194,0.00447,1,0.03659,0.01255,0.63880,0.00509,1,0,0.00000,26
0.99314,0.43064,102.19527,0.08033,239,1,0.83364,0.49603,1,0.89941,0.29188,1,0.86652,0.39395,1,0.39032,0.44125,21.52344,1.01643,1,0.65440,0.42917,26.38264,1.00924,1,-0.02844,0.01082,0.66194,0.00445,1,0.03659,0.01255,0.63880,0.00510,1,0,0.00000,26
0.98329,0.42724,102.19527,0.08706,239,1,0.81902,0.47898,1,0.89150,0.28713,1,0.85526,0.38306,1,0.39016,0.44098,21.37176,1.00924,1,0.65429,0.42922,26.46420,1.00205,1,-0.02844,0.01082,0.66194,0.00456,1,0.03659,0.01255,0.63880,0.00510,1,0,0.00000,26
0.94567,0.41093,102.19527,0.08706,239,0,0.81716,0.48768,1,0.88539,0.29806,1,0.85127,0.39287,1,0.38986,0.44098,22.44593,0.99502,1,0.65407,0.42924,26.54676,0.98783,1,-0.02763,0.01046,0.63981,0.00441,1,0.03631,0.01252,0.63724,0.00508,1,0,0.00000,26
0.90091,0.39167,102.19527,0.08706,239,0,0.83082,0.49970,1,0.88148,0.24514,1,0.85615,0.37242,1,0.38961,0.44103,22.31421,0.98081,1,0.65383,0.42919,26.63598,0.98081,1,-0.02763,0.01046,0.63981,0.00446,1,0.03631,0.01252,0.63724,0.00509,1,0,0.00000,26
0.88789,0.38411,102.19527,0.08706,239,0,0.84727,0.49030,1,0.87646,0.24765,1,0.86186,0.36898,1,0.38954,0.44102,22.41079,0.97378,1,0.65369,0.42927,26.58748,0.97378,1,-0.02763,0.01046,0.63981,0.00449,1,0.03631,0.01252,0.63724,0.00510,1,0,0.00000,26
0.88139,0.38032,102.28918,0.02024,240,1,0.84727,0.49030,1,0.87646,0.24765,1,0.86186,0.36898,1,0.38938,0.44108,21.97244,0.97378,1,0.65358,0.42921,26.53148,0.97378,1,-0.03014,0.01134,0.69655,0.00441,1,0.03631,0.01252,0.63724,0.00508,1,0,0.00000,26
0.87417,0.38295,102.28918,0.02687,240,1,0.81379,0.49630,1,0.87682,0.29060,1,0.84531,0.39345,1,0.38940,0.44129,22.56892,0.98081,1,0.65346,0.42917,26.47261,0.98081,1,-0.03014,0.01134,0.69655,0.00445,1,0.03631,0.01252,0.63724,0.00509,1,0,0.00000,26
0.86755,0.38059,102.28918,0.03336,240,1,0.80341,0.50067,1,0.86550,0.23689,1,0.83446,0.36878,1,0.38910,0.44123,22.57996,0.98783,1,0.65332,0.42921,26.43543,0.98783,1,-0.03014,0.01134,0.69655,0.00450,1,0.03631,0.01252,0.63724,0.00508,1,0,0.00000,26
0.86264,0.37928,102.28918,0.04060,240,1,0.80341,0.50067,1,0.86287,0.24223,1,0.83314,0.37145,1,0.38886,0.44113,22.71479,0.98783,1,0.65313,0.42920,26.47814,0.98140,1,-0.02812,0.01052,0.64666,0.00449,1,0.03532,0.01223,0.62234,0.00507,1,0,0.00000,26
0.85893,0.37926,102.28918,0.04686,240,1,0.82623,0.50292,1,0.83982,0.25523,1,0.83303,0.37907,1,0.38883,0.44111,22.80079,0.97437,1,0.65296,0.42927,26.57972,0.96794,1,-0.02812,0.01052,0.64666,0.00446,1,0.03532,0.01223,0.62234,0.00509,1,0,0.00000,26
0.85571,0.37730,102.28918,0.05369,240,1,0.79876,0.45731,1,0.86105,0.26596,1,0.82990,0.36164,1,0.38866,0.44137,22.36592,0.96091,1,0.65289,0.42934,26.53655,0.95448,1,-0.02812,0.01052,0.64666,0.00447,1,0.03532,0.01223,0.62234,0.00510,1,0,0.00000,26
0.85309,0.37595,102.28918,0.06036,240,1,0.79801,0.46158,1,0.86105,0.26596,1,0.82953,0.36377,1,0.38861,0.44136,22.55068,0.95448,1,0.65286,0.42920,26.37576,0.95448,1,-0.02871,0.01068,0.65911,0.00446,1,0.03667,0.01266,0.64689,0.00509,1,0,0.00000,26
0.85253,0.37420,102.28918,0.06734,240,1,0.81728,0.46020,1,0.87666,0.25330,1,0.84697,0.35675,1,0.38864,0.44147,22.50181,0.96151,1,0.65271,0.42919,26.26734,0.96794,1,-0.02871,0.01068,0.65911,0.00441,1,0.03667,0.01266,0.64689,0.00510,1,0,0.00000,26
0.85195,0.37289,102.28918,0.07326,240,1,0.81512,0.46788,1,0.87599,0.24906,1,0.84555,0.35847,1,0.38855,0.44146,22.41493,0.97497,1,0.65255,0.42922,26.57477,0.98140,1,-0.02871,0.01068,0.65911,0.00441,1,0.03667,0.01266,0.64689,0.00507,1,0,0.00000,26
0.85175,0.37102,102.28918,0.08039,240,1,0.81689,0.45920,1,0.88166,0.23799,1,0.84927,0.34860,1,0.38823,0.44139,22.61428,0.98843,1,0.65247,0.42920,26.50890,0.99486,1,-0.02879,0.01067,0.65852,0.00452,1,0.03635,0.01263,0.64296,0.00510,1,0,0.00000,26
0.85069,0.36925,102.28918,0.08685,240,1,0.80827,0.45268,1,0.86574,0.23988,1,0.83700,0.34628,1,0.38818,0.44133,22.59991,0.99486,1,0.65233,0.42918,26.70878,0.99486,1,-0.02879,0.01067,0.65852,0.00458,1,0.03635,0.01263,0.64296,0.00507,1,0,0.00000,26
0.85113,0.36907,102.28918,0.09357,240,1,0.82078,0.44076,1,0.89365,0.29229,1,0.85721,0.36653,1,0.38839,0.44133,22.63554,0.99486,1,0.65266,0.42916,26.47836,0.99486,1,-0.02879,0.01067,0.65852,0.00444,1,0.03635,0.01263,0.64296,0.00509,1,0,0.00000,26
0.85151,0.36891,102.28918,0.10036,240,1,0.82078,0.44076,1,0.89365,0.29229,1,0.85721,0.36653,1,0.38852,0.44146,22.68582,0.99486,1,0.65280,0.42927,26.59314,0.99486,1,-0.02871,0.01068,0.65911,0.00446,1,0.03647,0.01264,0.64341,0.00510,1,0,0.00000,26
0.85364,0.36603,102.28918,0.10703,240,1,0.84215,0.43179,1,0.93332,0.20802,1,0.88773,0.31990,1,0.38924,0.44112,22.40041,0.99486,1,0.65340,0.42908,26.27392,0.99486,1,-0.02871,0.01068,0.65911,0.00451,1,0.03647,0.01264,0.64341,0.00503,1,0,0.00000,26
0.85605,0.36307,102.28918,0.11346,240,1,0.85679,0.42301,1,0.93721,0.20235,1,0.89700,0.31268,1,0.38933,0.44106,22.36333,0.99486,1,0.65350,0.42905,26.03220,0.99486,1,-0.02871,0.01068,0.65911,0.00459,1,0.03647,0.01264,0.64341,0.00506,1,0,0.00000,26
0.85808,0.36070,102.28918,0.12036,240,1,0.85561,0.42782,1,0.93389,0.20833,1,0.89475,0.31808,1,0.38942,0.44092,23.15109,0.98783,1,0.65357,0.42901,26.10320,0.98783,1,-0.02812,0.01052,0.64666,0.00455,1,0.03647,0.01274,0.64341,0.00501,1,0,0.00000,26
0.85881,0.35942,102.28918,0.12737,240,1,0.84718,0.45805,1,0.89784,0.21207,1,0.87251,0.33506,1,0.38941,0.44086,23.12123,0.98081,1,0.65335,0.42901,26.04513,0.98081,1,-0.02812,0.01052,0.64666,0.00457,1,0.03647,0.01274,0.64341,0.00504,1,0,0.00000,26
0.85930,0.35997,102.28918,0.13395,240,1,0.84202,0.46519,1,0.89615,0.27674,1,0.86909,0.37096,1,0.38943,0.44099,22.93486,0.97378,1,0.65337,0.42903,26.06716,0.97378,1,-0.02812,0.01052,0.64666,0.00456,1,0.03647,0.01274,0.64341,0.00504,1,0,0.00000,26
0.85964,0.36070,102.28918,0.14091,240,1,0.84091,0.46977,1,0.89302,0.28236,1,0.86696,0.37607,1,0.38936,0.44073,22.87005,0.96675,1,0.65326,0.42893,26.23681,0.96675,1,-0.02796,0.01051,0.64293,0.00462,1,0.03647,0.01274,0.64341,0.00502,1,0,0.00000,26
0.85934,0.36135,102.28918,0.14738,240,1,0.83093,0.46738,1,0.87425,0.28401,1,0.85259,0.37570,1,0.38933,0.44089,22.94143,0.96675,1,0.65329,0.42888,26.28530,0.96675,1,-0.02796,0.01051,0.64293,0.00454,1,0.03647,0.01274,0.64341,0.00501,1,0,0.00000,26
0.85969,0.36196,102.28918,0.15414,240,1,0.85884,0.46888,1,0.87676,0.28288,1,0.86780,0.37588,1,0.38928,0.44081,22.98981,0.96675,1,0.65326,0.42887,26.25103,0.96675,1,-0.02796,0.01051,0.64293,0.00459,1,0.03647,0.01274,0.64341,0.00504,1,0,0.00000,26
0.86001,0.36251,102.28918,0.16156,240,1,0.85884,0.46888,1,0.87676,0.28288,1,0.86780,0.37588,1,0.38926,0.44081,22.91590,0.96675,1,0.65326,0.42890,26.13984,0.96675,1,-0.02796,0.01051,0.64293,0.00459,1,0.03647,0.01274,0.64341,0.00505,1,0,0.00000,26
0.86064,0.36255,102.28918,0.16851,240,1,0.86444,0.45482,1,0.88812,0.27226,1,0.87628,0.36354,1,0.38925,0.44082,22.93840,0.96675,1,0.65326,0.42889,26.33864,0.96675,1,-0.02796,0.01051,0.64293,0.00459,1,0.03647,0.01274,0.64341,0.00504,1,0,0.00000,26
0.86053,0.36250,102.28918,0.17413,240,1,0.82647,0.45407,1,0.88904,0.26808,1,0.85775,0.36108,1,0.38921,0.44082,22.61520,0.96675,1,0.65327,0.42888,26.30859,0.96675,1,-0.02796,0.01051,0.64293,0.00461,1,0.03647,0.01274,0.64341,0.00504,1,0,0.00000,26
0.86043,0.36245,102.28918,0.18175,240,1,0.82647,0.45407,1,0.88904,0.26808,1,0.85775,0.36108,1,0.38921,0.44082,22.61520,0.96675,1,0.65330,0.42893,26.27092,0.96675,1,-0.02796,0.01051,0.64293,0.00461,1,0.03647,0.01274,0.64341,0.00507,1,0,0.00000,26
0.86003,0.36366,102.28918,0.18802,240,1,0.81941,0.45768,1,0.87798,0.33733,1,0.84870,0.39750,1,0.38914,0.44075,22.69745,0.96675,1,0.65330,0.42895,26.38921,0.96675,1,-0.02796,0.01051,0.64293,0.00461,1,0.03647,0.01274,0.64341,0.00508,1,0,0.00000,26
0.85995,0.36477,102.28918,0.19465,240,1,0.82320,0.46589,1,0.89203,0.32807,1,0.85761,0.39698,1,0.38916,0.44080,22.73276,0.96675,1,0.65331,0.42896,26.35896,0.96675,1,-0.02796,0.01051,0.64293,0.00462,1,0.03647,0.01274,0.64341,0.00508,1,0,0.00000,26
0.85993,0.36572,102.28918,0.20133,240,1,0.82320,0.46589,1,0.89524,0.32263,1,0.85922,0.39426,1,0.38914,0.44080,22.78999,0.96675,1,0.65328,0.42892,26.38159,0.97394,1,-0.02796,0.01051,0.64293,0.00462,1,0.03749,0.01311,0.66231,0.00507,1,0,0.00000,26
0.86047,0.36464,102.28918,0.20860,240,1,0.82519,0.39674,1,0.92937,0.26546,1,0.87728,0.33110,1,0.38924,0.44086,22.79501,0.97394,1,0.65324,0.42899,26.47150,0.98113,1,-0.02796,0.01051,0.64293,0.00462,1,0.03749,0.01311,0.66231,0.00509,1,0,0.00000,26
0.86024,0.36378,102.28918,0.21483,240,1,0.82105,0.39258,1,0.88501,0.28041,1,0.85303,0.33650,1,0.38928,0.44089,22.70915,0.98113,1,0.65324,0.42900,26.45203,0.98832,1,-0.02796,0.01051,0.64293,0.00460,1,0.03749,0.01311,0.66231,0.00509,1,0,0.00000,26
0.86009,0.36282,102.28918,0.22140,240,1,0.82203,0.38740,1,0.88809,0.27476,1,0.85506,0.33108,1,0.38923,0.44091,22.76675,0.98832,1,0.65323,0.42904,26.35663,0.99551,1,-0.02812,0.01052,0.64666,0.00459,1,0.04189,0.01460,0.73994,0.00510,1,0,0.00000,26
0.86044,0.36155,102.28918,0.22810,240,1,0.83401,0.36651,1,0.91096,0.27004,1,0.87248,0.31828,1,0.38923,0.44089,22.71739,0.99551,1,0.65329,0.42902,26.24678,0.99551,1,-0.02812,0.01052,0.64666,0.00463,1,0.04189,0.01460,0.73994,0.00509,1,0,0.00000,26
0.86057,0.36076,102.28918,0.23480,240,1,0.82817,0.38175,1,0.90192,0.28442,1,0.86504,0.33309,1,0.38922,0.44084,22.78283,0.99551,1,0.65330,0.42900,26.32101,0.99551,1,-0.02812,0.01052,0.64666,0.00462,1,0.04189,0.01460,0.73994,0.00509,1,0,0.00000,26
0.86065,0.36009,102.28918,0.24149,240,1,0.82817,0.38175,1,0.89874,0.29000,1,0.86346,0.33588,1,0.38923,0.44085,22.76420,0.99551,1,0.65334,0.42901,26.34644,0.98832,1,-0.02796,0.01051,0.64293,0.00463,1,0.03667,0.01276,0.64689,0.00506,1,0,0.00000,26
0.86050,0.35943,102.28918,0.24825,240,1,0.83522,0.38188,1,0.87444,0.28836,1,0.85483,0.33512,1,0.38924,0.44086,22.78002,0.98832,1,0.65334,0.42907,26.26399,0.98113,1,-0.02796,0.01051,0.64293,0.00464,1,0.03667,0.01276,0.64689,0.00505,1,0,0.00000,26
0.86039,0.35826,102.28918,0.25476,240,1,0.83583,0.38903,1,0.87658,0.23908,1,0.85620,0.31405,1,0.38927,0.44090,22.72268,0.98113,1,0.65336,0.42909,26.19876,0.97394,1,-0.02796,0.01051,0.64293,0.00461,1,0.03667,0.01276,0.64689,0.00506,1,0,0.00000,26
0.86028,0.35716,102.28918,0.26163,240,1,0.83580,0.38915,1,0.87651,0.23921,1,0.85616,0.31418,1,0.38931,0.44092,22.69757,0.98097,1,0.65334,0.42898,26.30062,0.97378,1,-0.02845,0.01062,0.65539,0.00463,1,0.03647,0.01264,0.64341,0.00508,1,0,0.00000,26
0.86042,0.35684,102.28918,0.26826,240,1,0.84713,0.39445,1,0.88475,0.29307,1,0.86594,0.34376,1,0.38937,0.44089,22.49222,0.98081,1,0.65345,0.42914,26.31943,0.98081,1,-0.02845,0.01062,0.65539,0.00461,1,0.03647,0.01264,0.64341,0.00504,1,0,0.00000,26
0.86075,0.35583,102.28918,0.27442,240,1,0.85353,0.40924,1,0.89543,0.21968,1,0.87448,0.31446,1,0.38939,0.44097,22.63635,0.98783,1,0.65350,0.42912,26.18799,0.98783,1,-0.02845,0.01062,0.65539,0.00461,1,0.03647,0.01264,0.64341,0.00504,1,0,0.00000,26
0.86392,0.32706,102.28918,0.27442,240,0,0.85353,0.40924,1,0.89262,0.22511,1,0.87308,0.31718,1,0.38941,0.44100,22.82751,0.98783,1,0.65353,0.42909,26.13502,0.98140,1,-0.02752,0.01024,0.63508,0.00457,1,0.03532,0.01223,0.62234,0.00502,1,0,0.00000,26
0.87039,0.34505,102.28918,0.27442,240,0,0.85805,0.41962,1,0.89568,0.30647,1,0.87686,0.36305,1,0.38945,0.44099,22.94165,0.97437,1,0.65357,0.42909,26.24212,0.96794,1,-0.02752,0.01024,0.63508,0.00456,1,0.03532,0.01223,0.62234,0.00501,1,0,0.00000,26
0.87256,0.35551,102.28918,0.27442,240,0,0.86447,0.43642,1,0.88934,0.31643,1,0.87690,0.37642,1,0.38961,0.44091,22.41587,0.96091,1,0.65360,0.42911,26.19057,0.95448,1,-0.02752,0.01024,0.63508,0.00462,1,0.03532,0.01223,0.62234,0.00499,1,0,0.00000,26
0.87335,0.36189,102.57053,0.02040,241,1,0.86201,0.44579,1,0.88941,0.31630,1,0.87571,0.38104,1,0.38989,0.44085,22.02296,0.94746,1,0.65363,0.42919,26.18312,0.95465,1,-0.02763,0.01036,0.63981,0.00464,1,0.03741,0.01292,0.65744,0.00497,1,0,0.00000,26
0.87392,0.35655,102.57053,0.02656,241,1,0.84218,0.36486,1,0.91019,0.30553,1,0.87618,0.33520,1,0.38989,0.44091,22.34002,0.95465,1,0.65374,0.42920,26.33177,0.96827,1,-0.02763,0.01036,0.63981,0.00459,1,0.03741,0.01292,0.65744,0.00495,1,0,0.00000,26
0.87216,0.34684,102.57053,0.03346,241,1,0.81134,0.36172,1,0.91541,0.23487,1,0.86337,0.29829,1,0.38991,0.44089,22.28913,0.96827,1,0.65372,0.42920,26.20743,0.98189,1,-0.02763,0.01036,0.63981,0.00459,1,0.03741,0.01292,0.65744,0.00495,1,0,0.00000,26
0.87153,0.33798,102.57053,0.03999,241,1,0.81398,0.34598,1,0.92158,0.22367,1,0.86778,0.28482,1,0.38991,0.44095,22.43401,0.98892,1,0.65381,0.42919,26.20960,0.99535,1,-0.02878,0.01076,0.66744,0.00455,1,0.03631,0.01252,0.63724,0.00492,1,0,0.00000,26
0.86986,0.33169,102.57053,0.04729,241,1,0.83978,0.34625,1,0.87658,0.22896,1,0.85818,0.28760,1,0.39005,0.44098,22.61180,1.00238,1,0.65399,0.42916,25.74576,0.99519,1,-0.02878,0.01076,0.66744,0.00461,1,0.03631,0.01252,0.63724,0.00490,1,0,0.00000,26
0.86951,0.32988,102.57053,0.05404,241,1,0.84654,0.34218,1,0.88674,0.28866,1,0.86664,0.31542,1,0.39003,0.44105,22.74294,1.00221,1,0.65406,0.42927,25.74441,0.99502,1,-0.02878,0.01076,0.66744,0.00455,1,0.03631,0.01252,0.63724,0.00491,1,0,0.00000,26
0.86887,0.32923,102.57053,0.06076,241,1,0.84541,0.34766,1,0.88091,0.29919,1,0.86316,0.32342,1,0.39014,0.44107,22.65621,0.99502,1,0.65422,0.42923,25.74710,0.98140,1,-0.02754,0.01032,0.63985,0.00455,1,0.03571,0.01230,0.62593,0.00493,1,0,0.00000,26
0.86965,0.33012,102.57053,0.06741,241,1,0.85982,0.36324,1,0.89508,0.31478,1,0.87745,0.33901,1,0.39038,0.44110,22.29292,0.97437,1,0.65424,0.42929,25.87743,0.96794,1,-0.02754,0.01032,0.63985,0.00453,1,0.03571,0.01230,0.62593,0.00494,1,0,0.00000,26
0.86887,0.32994,102.57053,0.07401,241,1,0.83084,0.38162,1,0.88978,0.27426,1,0.86031,0.32794,1,0.39056,0.44095,21.67344,0.96091,1,0.65434,0.42930,25.79939,0.95448,1,-0.02754,0.01032,0.63985,0.00461,1,0.03571,0.01230,0.62593,0.00491,1,0,0.00000,26
0.86802,0.33040,102.57053,0.08077,241,1,0.82884,0.39170,1,0.88663,0.28002,1,0.85774,0.33586,1,0.39059,0.44106,22.00252,0.94746,1,0.65442,0.42938,25.80421,0.94746,1,-0.02766,0.01040,0.64505,0.00457,1,0.03659,0.01255,0.63880,0.00490,1,0,0.00000,26
0.86635,0.33005,102.57053,0.08743,241,1,0.82826,0.38257,1,0.86099,0.26840,1,0.84463,0.32548,1,0.39065,0.44110,22.39089,0.94746,1,0.65471,0.42940,25.50511,0.95389,1,-0.02766,0.01040,0.64505,0.00455,1,0.03659,0.01255,0.63880,0.00490,1,0,0.00000,26
0.86567,0.33032,102.57053,0.09411,241,1,0.84052,0.39597,1,0.87201,0.27229,1,0.85626,0.33413,1,0.39076,0.44113,22.53910,0.95389,1,0.65488,0.42941,25.59239,0.96032,1,-0.02766,0.01040,0.64505,0.00455,1,0.03659,0.01255,0.63880,0.00491,1,0,0.00000,26
0.86530,0.33006,102.57053,0.10108,241,1,0.84154,0.39120,1,0.87783,0.26115,1,0.85969,0.32618,1,0.39104,0.44115,22.51826,0.96032,1,0.65499,0.42942,25.52864,0.97394,1,-0.02734,0.01035,0.64196,0.00449,1,0.03812,0.01302,0.66284,0.00491,1,0,0.00000,26
0.86386,0.32980,102.57053,0.10751,241,1,0.81170,0.38154,1,0.87011,0.26991,1,0.84090,0.32573,1,0.39134,0.44111,22.18640,0.97394,1,0.65519,0.42946,25.74710,0.98113,1,-0.02734,0.01035,0.64196,0.00458,1,0.03812,0.01302,0.66284,0.00488,1,0,0.00000,26
0.86305,0.32825,102.57053,0.11418,241,1,0.82541,0.35234,1,0.87307,0.25134,1,0.84924,0.30184,1,0.39142,0.44109,22.21370,0.98113,1,0.65536,0.42943,25.63032,0.98832,1,-0.02734,0.01035,0.64196,0.00454,1,0.03812,0.01302,0.66284,0.00484,1,0,0.00000,26
0.86245,0.32642,102.57053,0.12098,241,1,0.82740,0.34147,1,0.87599,0.24562,1,0.85169,0.29355,1,0.39161,0.44115,22.46819,0.99535,1,0.65557,0.42944,25.44951,0.99535,1,-0.02823,0.01075,0.66638,0.00455,1,0.03740,0.01273,0.64776,0.00486,1,0,0.00000,26
0.86293,0.32499,102.57053,0.12759,241,1,0.83874,0.34103,1,0.90537,0.25438,1,0.87205,0.29771,1,0.39205,0.44096,21.83444,1.00238,1,0.65589,0.42949,25.70944,0.99519,1,-0.02823,0.01075,0.66638,0.00452,1,0.03740,0.01273,0.64776,0.00483,1,0,0.00000,26
0.86220,0.32318,102.57053,0.13435,241,1,0.82773,0.32387,1,0.86716,0.24997,1,0.84745,0.28692,1,0.39218,0.44104,22.17470,1.00221,1,0.65607,0.42947,25.63808,0.99502,1,-0.02823,0.01075,0.66638,0.00455,1,0.03740,0.01273,0.64776,0.00485,1,0,0.00000,26
0.86152,0.32153,102.57053,0.14075,241,1,0.82771,0.32399,1,0.86710,0.25011,1,0.84740,0.28705,1,0.39237,0.44097,22.35539,1.00205,1,0.65625,0.42947,25.39675,0.99486,1,-0.02793,0.01076,0.66406,0.00453,1,0.03699,0.01253,0.63748,0.00484,1,0,0.00000,26
0.86194,0.32082,102.57053,0.14716,241,1,0.84219,0.33696,1,0.90007,0.27334,1,0.87113,0.30515,1,0.39284,0.44077,21.76285,0.99486,1,0.65667,0.42959,25.37755,0.99486,1,-0.02793,0.01076,0.66406,0.00449,1,0.03699,0.01253,0.63748,0.00484,1,0,0.00000,26
0.86124,0.32110,102.57053,0.15441,241,1,0.82729,0.38899,1,0.86311,0.26597,1,0.84520,0.32748,1,0.39298,0.44086,21.90745,0.99486,1,0.65688,0.42958,25.70613,0.99486,1,-0.02793,0.01076,0.66406,0.00452,1,0.03699,0.01253,0.63748,0.00480,1,0,0.00000,26
0.86053,0.32157,102.57053,0.16102,241,1,0.82631,0.39401,1,0.86026,0.27157,1,0.84329,0.33279,1,0.39322,0.44077,22.14641,0.98783,1,0.65714,0.42966,25.53222,0.98783,1,-0.02682,0.01042,0.64341,0.00447,1,0.03765,0.01268,0.64535,0.00481,1,0,0.00000,26
0.85891,0.32269,102.57053,0.16740,241,1,0.80751,0.39466,1,0.82930,0.30698,1,0.81840,0.35082,1,0.39356,0.44077,22.04345,0.98081,1,0.65755,0.42966,25.51550,0.98081,1,-0.02682,0.01042,0.64341,0.00446,1,0.03765,0.01268,0.64535,0.00481,1,0,0.00000,26
0.85863,0.32340,102.57053,0.17438,241,1,0.83188,0.38953,1,0.87107,0.29429,1,0.85147,0.34191,1,0.39375,0.44091,22.32199,0.97378,1,0.65774,0.42977,25.39472,0.97378,1,-0.02682,0.01042,0.64341,0.00448,1,0.03765,0.01268,0.64535,0.00482,1,0,0.00000,26
0.85830,0.32425,102.57053,0.18067,241,1,0.83084,0.39467,1,0.86810,0.29981,1,0.84947,0.34724,1,0.39401,0.44066,21.99634,0.96675,1,0.65800,0.42969,25.41291,0.96675,1,-0.02692,0.01054,0.65042,0.00449,1,0.03792,0.01267,0.64501,0.00483,1,0,0.00000,26
0.85735,0.32522,102.57053,0.18710,241,1,0.82327,0.37468,1,0.83832,0.32985,1,0.83079,0.35227,1,0.39450,0.44062,22.08892,0.96675,1,0.65844,0.42972,25.43731,0.96675,1,-0.02692,0.01054,0.65042,0.00445,1,0.03792,0.01267,0.64501,0.00483,1,0,0.00000,26
0.85747,0.32704,102.57053,0.19411,241,1,0.84381,0.44586,1,0.87764,0.31402,1,0.86072,0.37994,1,0.39469,0.44077,22.45301,0.96675,1,0.65865,0.42980,25.45124,0.96675,1,-0.02692,0.01054,0.65042,0.00446,1,0.03792,0.01267,0.64501,0.00481,1,0,0.00000,26
0.85764,0.32859,102.57053,0.20081,241,1,0.84494,0.44109,1,0.88067,0.30861,1,0.86281,0.37485,1,0.39513,0.44070,21.91953,0.97378,1,0.65915,0.42980,25.20924,0.97378,1,-0.02686,0.01066,0.65498,0.00447,1,0.03794,0.01257,0.64209,0.00485,1,0,0.00000,26
0.85822,0.32979,102.57053,0.20744,241,1,0.82743,0.41803,1,0.92518,0.31642,1,0.87630,0.36722,1,0.39600,0.44065,22.32179,0.98081,1,0.66012,0.42996,25.43257,0.98081,1,-0.02686,0.01066,0.65498,0.00443,1,0.03794,0.01257,0.64209,0.00475,1,0,0.00000,26
0.86003,0.33019,102.57053,0.21501,241,1,0.90305,0.41292,1,0.93294,0.27277,1,0.91800,0.34284,1,0.39647,0.44064,21.99937,0.98783,1,0.66049,0.42998,24.90205,0.98783,1,-0.02686,0.01066,0.65498,0.00440,1,0.03794,0.01257,0.64209,0.00472,1,0,0.00000,26
0.86174,0.33056,102.57053,0.22098,241,1,0.90305,0.41292,1,0.93294,0.27277,1,0.91800,0.34284,1,0.39722,0.44067,22.05444,0.98783,1,0.66114,0.43001,25.01751,0.98783,1,-0.02568,0.01032,0.63431,0.00445,1,0.17659,0.05895,3.02331,0.00475,0,0,0.00000,26
0.86317,0.33124,102.57053,0.22754,241,1,0.90216,0.41989,1,0.92153,0.28896,1,0.91185,0.35443,1,0.39782,0.44064,22.42004,0.98081,1,0.66162,0.43011,24.93242,0.98081,1,-0.02568,0.01032,0.63431,0.00445,1,0.17659,0.05895,3.02331,0.00476,0,0,0.00000,26
0.86398,0.33192,102.57053,0.23434,241,1,0.88680,0.41866,1,0.89810,0.29274,1,0.89245,0.35570,1,0.39787,0.44063,22.30778,0.97378,1,0.66166,0.43017,25.06957,0.97378,1,-0.02568,0.01032,0.63431,0.00443,1,0.17659,0.05895,3.02331,0.00473,0,0,0.00000,26
0.86469,0.33271,102.57053,0.24113,241,1,0.88538,0.42365,1,0.89495,0.29826,1,0.89016,0.36095,1,0.39818,0.44074,22.16537,0.96675,1,0.66192,0.43028,24.93863,0.96675,1,-0.02576,0.01048,0.64103,0.00447,1,0.17791,0.05886,3.03029,0.00475,0,0,0.00000,26
0.87988,0.35487,102.57053,0.24113,241,0,0.89075,0.42800,1,0.90240,0.24858,1,0.89657,0.33829,1,0.39843,0.44057,22.16876,0.96675,1,0.66213,0.43032,25.02317,0.96675,1,-0.02576,0.01048,0.64103,0.00445,1,0.17791,0.05886,3.03029,0.00472,0,0,0.00000,26
0.88742,0.34740,102.57053,0.24113,241,0,0.90116,0.42687,1,0.88875,0.25298,1,0.89496,0.33993,1,0.39859,0.44068,22.35233,0.96675,1,0.66228,0.43030,24.78881,0.96675,1,-0.02576,0.01048,0.64103,0.00444,1,0.17791,0.05886,3.03029,0.00476,0,0,0.00000,26
0.88993,0.34491,102.57053,0.24113,241,0,0.90116,0.42687,1,0.88875,0.25298,1,0.89496,0.33993,1,0.39876,0.44063,22.15201,0.96675,1,0.66258,0.43037,24.99272,0.96675,1,-0.02534,0.01034,0.63533,0.00441,1,0.17906,0.05894,3.03432,0.00476,0,0,0.00000,26
0.88945,0.34851,102.81868,0.01960,242,1,0.86717,0.43565,1,0.90887,0.28298,1,0.88802,0.35932,1,0.39898,0.44068,22.31636,0.96675,1,0.66270,0.43042,25.04879,0.96675,1,-0.02534,0.01034,0.63533,0.00446,1,0.17906,0.05894,3.03432,0.00474,0,0,0.00000,26
0.88823,0.34872,102.81868,0.02656,242,1,0.87563,0.43501,1,0.89101,0.26411,1,0.88332,0.34956,1,0.39904,0.44071,22.23142,0.96675,1,0.66282,0.43036,24.98530,0.96675,1,-0.02534,0.01034,0.63533,0.00442,1,0.17906,0.05894,3.03432,0.00473,0,0,0.00000,26
0.88820,0.34698,102.81868,0.03302,242,1,0.87850,0.42462,1,0.89763,0.25189,1,0.88806,0.33826,1,0.39914,0.44066,22.21789,0.98168,1,0.66296,0.43039,24.92659,0.98168,1,-0.02719,0.01113,0.68412,0.00444,1,0.17912,0.05873,3.03525,0.00476,0,0,0.00000,26
0.89058,0.34529,102.81868,0.03983,242,1,0.89173,0.41949,1,0.91802,0.25083,1,0.90487,0.33516,1,0.39927,0.44074,22.34301,0.99662,1,0.66311,0.43048,24.88669,0.99662,1,-0.02719,0.01113,0.68412,0.00441,1,0.17912,0.05873,3.03525,0.00475,0,0,0.00000,26
0.89241,0.34008,102.81868,0.04658,242,1,0.87408,0.36181,1,0.93639,0.24539,1,0.90523,0.30360,1,0.39940,0.44066,22.09432,1.01155,1,0.66315,0.43046,24.81791,1.01155,1,-0.02719,0.01113,0.68412,0.00446,1,0.17912,0.05873,3.03525,0.00477,0,0,0.00000,26
0.89402,0.33571,102.81868,0.05325,242,1,0.87408,0.36181,1,0.93973,0.23966,1,0.90691,0.30074,1,0.39940,0.44078,22.44569,1.01155,1,0.66323,0.43051,24.81968,1.01874,1,-0.02525,0.01033,0.63792,0.00445,1,0.03981,0.01268,0.65785,0.00477,1,0,0.00000,26
0.89437,0.33056,102.81868,0.06039,242,1,0.87555,0.31885,1,0.91943,0.24966,1,0.89749,0.28425,1,0.39948,0.44090,22.08200,1.00380,1,0.66339,0.43052,24.87946,1.01099,1,-0.02525,0.01033,0.63792,0.00440,1,0.03981,0.01268,0.65785,0.00475,1,0,0.00000,26
0.89477,0.32765,102.81868,0.06702,242,1,0.88130,0.32355,1,0.91632,0.27355,1,0.89881,0.29855,1,0.39957,0.44095,22.14668,0.99606,1,0.66339,0.43052,24.87946,1.00325,1,-0.02525,0.01033,0.63792,0.00440,1,0.03981,0.01268,0.65785,0.00476,1,0,0.00000,26
0.89477,0.32597,102.81868,0.07340,242,1,0.87982,0.32968,1,0.90957,0.28518,1,0.89470,0.30743,1,0.39966,0.44102,21.99513,0.98832,1,0.66348,0.43062,24.82573,0.98832,1,-0.02525,0.01029,0.63792,0.00444,1,0.03866,0.01225,0.63822,0.00478,1,0,0.00000,26
0.89308,0.32497,102.81868,0.08019,242,1,0.86193,0.33823,1,0.88385,0.28791,1,0.87289,0.31307,1,0.39965,0.44101,22.18680,0.98832,1,0.66355,0.43067,24.85583,0.98113,1,-0.02525,0.01029,0.63792,0.00441,1,0.03866,0.01225,0.63822,0.00478,1,0,0.00000,26
0.89173,0.32485,102.81868,0.08691,242,1,0.86445,0.34546,1,0.88369,0.30104,1,0.87407,0.32325,1,0.39967,0.44102,22.25433,0.98113,1,0.66360,0.43075,24.84715,0.97394,1,-0.02525,0.01029,0.63792,0.00440,1,0.03866,0.01225,0.63822,0.00478,1,0,0.00000,26
0.89055,0.32475,102.81868,0.09322,242,1,0.86442,0.34559,1,0.88362,0.30117,1,0.87402,0.32338,1,0.39981,0.44101,22.00561,0.98097,1,0.66367,0.43080,24.86951,0.97378,1,-0.02600,0.01056,0.65791,0.00439,1,0.03866,0.01225,0.63822,0.00478,1,0,0.00000,26
0.89005,0.32490,102.81868,0.09998,242,1,0.87242,0.34511,1,0.89288,0.30911,1,0.88265,0.32711,1,0.39987,0.44099,22.00495,0.98081,1,0.66370,0.43076,25.09018,0.98081,1,-0.02600,0.01056,0.65791,0.00440,1,0.03866,0.01225,0.63822,0.00476,1,0,0.00000,26
0.88981,0.32543,102.81868,0.10814,242,1,0.87619,0.34947,1,0.89568,0.31839,1,0.88593,0.33393,1,0.39996,0.44100,22.23545,0.98783,1,0.66373,0.43079,25.04586,0.98783,1,-0.02600,0.01056,0.65791,0.00439,1,0.03866,0.01225,0.63822,0.00478,1,0,0.00000,26
0.88972,0.32561,102.81868,0.11340,242,1,0.87750,0.34405,1,0.89877,0.31313,1,0.88814,0.32859,1,0.40001,0.44110,22.20665,0.99486,1,0.66384,0.43091,25.10081,0.99486,1,-0.02591,0.01057,0.65831,0.00445,1,0.03866,0.01225,0.63822,0.00473,1,0,0.00000,26
0.89028,0.32586,102.81868,0.11982,242,1,0.88836,0.35105,1,0.91258,0.30993,1,0.90047,0.33049,1,0.40014,0.44102,21.86295,0.99486,1,0.66394,0.43098,25.00379,0.99486,1,-0.02591,0.01057,0.65831,0.00446,1,0.03866,0.01225,0.63822,0.00480,1,0,0.00000,26
0.89051,0.32594,102.81868,0.12695,242,1,0.89489,0.35473,1,0.89470,0.30010,1,0.89479,0.32742,1,0.40013,0.44100,21.90891,0.99486,1,0.66397,0.43105,25.12327,0.99486,1,-0.02591,0.01057,0.65831,0.00446,1,0.03866,0.01225,0.63822,0.00476,1,0,0.00000,26
0.89061,0.32627,102.81868,0.13348,242,1,0.89345,0.36010,1,0.89164,0.30545,1,0.89254,0.33277,1,0.40009,0.44104,22.21998,0.98783,1,0.66407,0.43104,24.99553,0.98783,1,-0.02541,0.01038,0.64665,0.00443,1,0.03850,0.01214,0.63231,0.00479,1,0,0.00000,26
0.89008,0.32539,102.81868,0.14033,242,1,0.84800,0.34965,1,0.91003,0.26444,1,0.87901,0.30704,1,0.40030,0.44096,22.03756,0.98081,1,0.66421,0.43106,25.08802,0.98081,1,-0.02541,0.01038,0.64665,0.00445,1,0.03850,0.01214,0.63231,0.00484,1,0,0.00000,26
0.88920,0.32358,102.81868,0.14706,242,1,0.85506,0.35424,1,0.88481,0.21320,1,0.86993,0.28372,1,0.40041,0.44101,22.09123,0.97378,1,0.66424,0.43102,25.16599,0.97378,1,-0.02541,0.01038,0.64665,0.00442,1,0.03850,0.01214,0.63231,0.00482,1,0,0.00000,26
0.88840,0.32192,102.81868,0.15464,242,1,0.85506,0.35424,1,0.88481,0.21320,1,0.86993,0.28372,1,0.40053,0.44094,22.05262,0.97378,1,0.66437,0.43103,25.12801,0.97378,1,-0.02606,0.01067,0.66450,0.00442,1,0.03850,0.01214,0.63231,0.00482,1,0,0.00000,26
0.88790,0.32018,102.81868,0.16042,242,1,0.86612,0.32591,1,0.88554,0.23072,1,0.87583,0.27832,1,0.40053,0.44094,22.36594,0.98081,1,0.66452,0.43110,24.98930,0.98081,1,-0.02606,0.01067,0.66450,0.00441,1,0.03850,0.01214,0.63231,0.00483,1,0,0.00000,26
0.88776,0.31841,102.81868,0.16738,242,1,0.87326,0.32399,1,0.89523,0.22443,1,0.88424,0.27421,1,0.40063,0.44087,22.30457,0.98783,1,0.66458,0.43103,25.17099,0.98783,1,-0.02606,0.01067,0.66450,0.00442,1,0.03850,0.01214,0.63231,0.00484,1,0,0.00000,26
0.88771,0.31656,102.81868,0.17390,242,1,0.87455,0.31839,1,0.89830,0.21854,1,0.88643,0.26846,1,0.40066,0.44085,22.18031,0.99486,1,0.66467,0.43110,25.15537,0.99486,1,-0.02553,0.01054,0.65363,0.00442,1,0.03918,0.01223,0.64192,0.00480,1,0,0.00000,26
0.88797,0.31572,102.81868,0.18063,242,1,0.88033,0.30028,1,0.90978,0.28606,1,0.89506,0.29317,1,0.40087,0.44082,21.93604,0.99486,1,0.66471,0.43113,25.20077,0.99486,1,-0.02553,0.01054,0.65363,0.00451,1,0.03918,0.01223,0.64192,0.00485,1,0,0.00000,26
0.88769,0.31386,102.81868,0.18726,242,1,0.85081,0.30184,1,0.90880,0.22127,1,0.87981,0.26155,1,0.40084,0.44076,21.97500,0.99486,1,0.66472,0.43113,25.19956,0.99486,1,-0.02553,0.01054,0.65363,0.00447,1,0.03918,0.01223,0.64192,0.00485,1,0,0.00000,26
0.88748,0.31201,102.81868,0.19399,242,1,0.85081,0.30184,1,0.91201,0.21526,1,0.88141,0.25855,1,0.40089,0.44066,22.04676,0.99486,1,0.66473,0.43106,25.28224,1.00205,1,-0.02553,0.01059,0.65362,0.00448,1,0.04016,0.01252,0.65726,0.00493,1,0,0.00000,26
0.88797,0.31171,102.81868,0.20111,242,1,0.88724,0.40643,1,0.91842,0.19913,1,0.90283,0.30278,1,0.40095,0.44058,22.03335,1.00205,1,0.66475,0.43105,25.33084,1.00924,1,-0.02553,0.01059,0.65362,0.00449,1,0.04016,0.01252,0.65726,0.00493,1,0,0.00000,26
0.88832,0.31263,102.81868,0.20692,242,1,0.88328,0.40743,1,0.91490,0.27485,1,0.89909,0.34114,1,0.40084,0.44053,21.91866,1.00924,1,0.66475,0.43110,25.27059,1.01643,1,-0.02553,0.01059,0.65362,0.00445,1,0.04016,0.01252,0.65726,0.00494,1,0,0.00000,26
0.88867,0.31342,102.81868,0.21445,242,1,0.88465,0.40242,1,0.91490,0.27485,1,0.89978,0.33864,1,0.40081,0.44053,21.94898,1.01643,1,0.66464,0.43107,25.24189,1.01643,1,-0.02553,0.01064,0.65362,0.00447,1,0.03918,0.01223,0.64192,0.00491,1,0,0.00000,26
0.88859,0.31359,102.81868,0.22070,242,1,0.86971,0.37855,1,0.90201,0.25959,1,0.88586,0.31907,1,0.40061,0.44070,22.30266,1.01643,1,0.66443,0.43113,25.60271,1.00924,1,-0.02553,0.01064,0.65362,0.00445,1,0.03918,0.01223,0.64192,0.00494,1,0,0.00000,26
0.88833,0.31376,102.81868,0.22744,242,1,0.86048,0.37718,1,0.89856,0.26214,1,0.87952,0.31966,1,0.40055,0.44070,22.18523,1.00924,1,0.66437,0.43106,25.58996,1.00205,1,-0.02553,0.01064,0.65362,0.00450,1,0.03918,0.01223,0.64192,0.00489,1,0,0.00000,26
0.88796,0.31422,102.81868,0.23439,242,1,0.85807,0.38746,1,0.89238,0.27340,1,0.87523,0.33043,1,0.40026,0.44063,22.52576,0.99502,1,0.66424,0.43097,25.49229,0.98783,1,-0.02541,0.01057,0.64665,0.00442,1,0.03850,0.01214,0.63231,0.00490,1,0,0.00000,26
0.88750,0.31471,102.81868,0.24078,242,1,0.85636,0.40210,1,0.88515,0.26255,1,0.87076,0.33232,1,0.40009,0.44055,22.37002,0.98081,1,0.66404,0.43091,25.64597,0.98081,1,-0.02541,0.01057,0.64665,0.00447,1,0.03850,0.01214,0.63231,0.00494,1,0,0.00000,26
0.88757,0.31515,102.81868,0.24786,242,1,0.87141,0.39682,1,0.90869,0.26585,1,0.89005,0.33134,1,0.40009,0.44052,22.44270,0.97378,1,0.66401,0.43092,25.61099,0.97378,1,-0.02541,0.01057,0.64665,0.00448,1,0.03850,0.01214,0.63231,0.00494,1,0,0.00000,26
0.88763,0.31557,102.81868,0.25510,242,1,0.87141,0.39682,1,0.90869,0.26585,1,0.89005,0.33134,1,0.39978,0.44051,22.69695,0.97378,1,0.66377,0.43082,25.39926,0.97378,1,-0.02600,0.01076,0.65791,0.00443,1,0.03914,0.01242,0.64442,0.00492,1,0,0.00000,26
0.88670,0.31655,102.81868,0.26154,242,1,0.83377,0.39010,1,0.86728,0.31969,1,0.85052,0.35490,1,0.39949,0.44047,22.44564,0.98081,1,0.66342,0.43082,25.66121,0.98081,1,-0.02600,0.01076,0.65791,0.00446,1,0.03914,0.01242,0.64442,0.00493,1,0,0.00000,26
0.88654,0.31737,102.81868,0.26940,242,1,0.84835,0.39140,1,0.91220,0.30932,1,0.88028,0.35036,1,0.39933,0.44052,22.27051,0.98783,1,0.66331,0.43078,25.63279,0.98783,1,-0.02600,0.01076,0.65791,0.00450,1,0.03914,0.01242,0.64442,0.00496,1,0,0.00000,26
0.88645,0.31804,102.81868,0.27427,242,1,0.84949,0.38633,1,0.91541,0.30401,1,0.88245,0.34517,1,0.39910,0.44032,22.18257,0.99486,1,0.66309,0.43070,25.70853,0.99486,1,-0.02636,0.01087,0.66456,0.00451,1,0.17971,0.05877,3.03739,0.00491,0,0,0.00000,26
0.88587,0.31863,102.81868,0.28088,242,1,0.83819,0.39407,1,0.88526,0.29296,1,0.86172,0.34352,1,0.39872,0.44046,22.44143,0.99486,1,0.66268,0.43058,25.64840,0.99486,1,-0.02636,0.01087,0.66456,0.00447,1,0.17971,0.05877,3.03739,0.00494,0,0,0.00000,26
0.88539,0.31909,102.81868,0.28728,242,1,0.85128,0.39268,1,0.87769,0.28537,1,0.86449,0.33903,1,0.39860,0.44048,22.18392,0.99486,1,0.66252,0.43063,25.84959,0.99486,1,-0.02636,0.01087,0.66456,0.00450,1,0.17971,0.05877,3.03739,0.00495,0,0,0.00000,26
0.88496,0.31947,102.81868,0.29446,242,1,0.85128,0.39268,1,0.88070,0.27979,1,0.86599,0.33624,1,0.39840,0.44035,22.25712,0.99486,1,0.66226,0.43055,25.85415,1.00205,1,-0.02650,0.01084,0.66319,0.00455,1,0.04082,0.01312,0.67793,0.00494,1,0,0.00000,26
0.88442,0.31896,102.81868,0.30102,242,1,0.83959,0.35130,1,0.88140,0.24004,1,0.86049,0.29567,1,0.39796,0.44038,22.57253,1.00205,1,0.66198,0.43040,25.55692,1.00924,1,-0.02650,0.01084,0.66319,0.00448,1,0.04082,0.01312,0.67793,0.00496,1,0,0.00000,26
0.88462,0.31845,102.81868,0.30812,242,1,0.85609,0.35433,1,0.93133,0.23631,1,0.89371,0.29532,1,0.39780,0.44044,22.15150,1.00924,1,0.66181,0.43038,25.76875,1.01643,1,-0.02650,0.01084,0.66319,0.00452,1,0.04082,0.01312,0.67793,0.00496,1,0,0.00000,26
0.88482,0.31792,102.81868,0.31481,242,1,0.85728,0.34896,1,0.93133,0.23631,1,0.89430,0.29264,1,0.39758,0.44024,22.24341,1.01643,1,0.66138,0.43031,25.79967,1.01643,1,-0.02665,0.01082,0.66194,0.00449,1,0.17737,0.05861,3.02877,0.00497,0,0,0.00000,26
0.88442,0.31641,102.81868,0.32148,242,1,0.83430,0.36052,1,0.88713,0.20498,1,0.86072,0.28275,1,0.39710,0.44027,22.57761,1.01643,1,0.66116,0.43017,25.46980,1.00924,1,-0.02665,0.01082,0.66194,0.00452,1,0.17737,0.05861,3.02877,0.00502,0,0,0.00000,26
0.88408,0.31596,102.81868,0.32816,242,1,0.84204,0.36267,1,0.91528,0.27403,1,0.87866,0.31835,1,0.39699,0.44030,22.54892,1.00924,1,0.66094,0.43002,25.57833,1.00205,1,-0.02665,0.01082,0.66194,0.00452,1,0.17737,0.05861,3.02877,0.00498,0,0,0.00000,26
0.88372,0.31555,102.81868,0.33439,242,1,0.84214,0.36214,1,0.91270,0.27848,1,0.87742,0.32031,1,0.39674,0.44036,22.58279,1.00995,1,0.66061,0.43012,25.82812,0.99633,1,-0.02815,0.01132,0.69256,0.00449,1,0.03706,0.01206,0.62333,0.00503,1,0,0.00000,26
0.88316,0.31472,102.81868,0.34132,242,1,0.82276,0.36761,1,0.89990,0.27119,1,0.86133,0.31940,1,0.39629,0.44025,22.61303,1.00424,1,0.66019,0.42995,25.57936,0.99780,1,-0.02815,0.01132,0.69256,0.00454,1,0.03706,0.01206,0.62333,0.00496,1,0,0.00000,26
0.88327,0.31382,102.81868,0.34806,242,1,0.86414,0.35755,1,0.91283,0.25509,1,0.88848,0.30632,1,0.39611,0.44036,22.30176,1.00571,1,0.66007,0.42984,25.49267,0.99927,1,-0.02815,0.01132,0.69256,0.00454,1,0.03706,0.01206,0.62333,0.00500,1,0,0.00000,26
0.88327,0.31321,102.81868,0.35511,242,1,0.86303,0.36235,1,0.91283,0.25509,1,0.88793,0.30872,1,0.39567,0.44035,22.79741,0.99927,1,0.65974,0.43003,25.82107,0.99927,1,-0.02723,0.01086,0.66400,0.00454,1,0.03770,0.01244,0.63810,0.00499,1,0,0.00000,26
0.88259,0.31291,102.81868,0.36150,242,1,0.83645,0.38408,1,0.90836,0.25743,1,0.87241,0.32075,1,0.39536,0.44029,22.58798,0.99137,1,0.65931,0.42983,25.71212,0.99780,1,-0.02723,0.01086,0.66400,0.00455,1,0.03770,0.01244,0.63810,0.00500,1,0,0.00000,26
0.88159,0.31306,102.81868,0.36823,242,1,0.83545,0.38614,1,0.87895,0.23533,1,0.85720,0.31074,1,0.39501,0.44043,22.65270,0.98990,1,0.65897,0.42990,25.75251,0.99633,1,-0.02723,0.01086,0.66400,0.00454,1,0.03770,0.01244,0.63810,0.00500,1,0,0.00000,26
0.88062,0.31310,102.81868,0.37483,242,1,0.83640,0.38148,1,0.88464,0.22413,1,0.86052,0.30280,1,0.39428,0.44041,22.45971,0.99633,1,0.65848,0.42983,25.73924,1.00995,1,-0.02809,0.01106,0.67617,0.00456,1,0.03846,0.01282,0.65514,0.00498,1,0,0.00000,26
0.87810,0.31355,102.81868,0.38155,242,1,0.73351,0.39219,1,0.81918,0.21994,1,0.77635,0.30606,1,0.39214,0.44102,23.52824,1.01786,1,0.65684,0.42968,25.76310,1.02505,1,-0.02809,0.01106,0.67617,0.00458,1,0.03846,0.01282,0.65514,0.00509,1,0,0.00000,26
0.87489,0.31246,102.81868,0.38831,242,1,0.69800,0.31640,1,0.79163,0.17570,1,0.74481,0.24605,1,0.39120,0.44100,23.04458,1.03295,1,0.65591,0.42959,25.59227,1.04014,1,-0.02809,0.01106,0.67617,0.00463,1,0.03846,0.01282,0.65514,0.00503,1,0,0.00000,26
0.84265,0.29855,102.81868,0.38831,242,0,0.69810,0.31108,1,0.79392,0.16958,1,0.74601,0.24033,1,0.39042,0.44068,22.63398,1.04014,1,0.65501,0.42954,25.71683,1.04733,1,-0.02823,0.01075,0.66638,0.00463,1,0.03838,0.01304,0.66382,0.00504,1,0,0.00000,26
0.78109,0.26295,102.81868,0.38831,242,0,0.68580,0.28699,1,0.75324,0.16771,1,0.71952,0.22735,1,0.38929,0.44117,23.00299,1.03943,1,0.65377,0.42946,25.91032,1.03943,1,-0.02823,0.01075,0.66638,0.00449,1,0.03838,0.01304,0.66382,0.00511,1,0,0.00000,26
0.76318,0.25570,102.81868,0.38831,242,0,0.70079,0.30172,1,0.75395,0.18067,1,0.72737,0.24120,1,0.38914,0.44124,23.17532,1.03152,1,0.65364,0.42937,25.49876,1.03152,1,-0.02823,0.01075,0.66638,0.00451,1,0.03838,0.01304,0.66382,0.00509,1,0,0.00000,26
0.72401,0.23973,102.81868,0.38831,242,0,0.70065,0.30769,1,0.74960,0.19360,1,0.72512,0.25065,1,0.38887,0.44112,23.42891,1.02362,1,0.65315,0.42945,26.32516,1.01643,1,-0.02825,0.01059,0.65988,0.00447,1,0.03659,0.01255,0.63880,0.00508,1,0,0.00000,26
0.72846,0.25431,102.81868,0.38831,242,0,0.71582,0.32461,1,0.75002,0.21318,1,0.73292,0.26889,1,0.38845,0.44134,23.36726,1.01643,1,0.65275,0.42948,25.93393,1.00924,1,-0.02825,0.01059,0.65988,0.00447,1,0.03659,0.01255,0.63880,0.00506,1,0,0.00000,26
0.71902,0.25926,102.81868,0.38831,242,0,0.67615,0.33864,1,0.72409,0.19970,1,0.70012,0.26917,1,0.38821,0.44137,23.46760,1.00924,1,0.65251,0.42951,26.06824,1.00205,1,-0.02825,0.01059,0.65988,0.00448,1,0.03659,0.01255,0.63880,0.00508,1,0,0.00000,26
0.71382,0.26458,103.23371,0.02048,243,1,0.67622,0.34903,1,0.72025,0.21201,1,0.69824,0.28052,1,0.38783,0.44142,23.45565,0.99502,1,0.65222,0.42954,26.01462,0.98783,1,-0.02763,0.01027,0.63981,0.00452,1,0.03631,0.01247,0.63724,0.00513,1,0,0.00000,26
0.71202,0.27252,103.23371,0.02674,243,1,0.68409,0.37185,1,0.72550,0.23671,1,0.70480,0.30428,1,0.38730,0.44165,23.40486,0.98081,1,0.65170,0.42940,26.16354,0.98081,1,-0.02763,0.01027,0.63981,0.00453,1,0.03631,0.01247,0.63724,0.00512,1,0,0.00000,26
0.71165,0.27898,103.23371,0.03367,243,1,0.68942,0.39473,1,0.73025,0.22782,1,0.70984,0.31127,1,0.38710,0.44166,23.41403,0.97378,1,0.65155,0.42942,26.04404,0.97378,1,-0.02763,0.01027,0.63981,0.00450,1,0.03631,0.01247,0.63724,0.00515,1,0,0.00000,26
0.71170,0.28227,103.23371,0.03992,243,1,0.68949,0.38918,1,0.73453,0.21480,1,0.71201,0.30199,1,0.38678,0.44166,23.30700,0.98168,1,0.65123,0.42943,25.89633,0.98887,1,-0.02978,0.01095,0.68246,0.00452,1,0.03749,0.01301,0.66231,0.00506,1,0,0.00000,26
0.71147,0.28616,103.23371,0.04722,243,1,0.66457,0.39032,1,0.75504,0.23649,1,0.70981,0.31340,1,0.38625,0.44183,23.49548,1.00381,1,0.65076,0.42939,26.04507,1.01099,1,-0.02978,0.01095,0.68246,0.00454,1,0.03749,0.01301,0.66231,0.00514,1,0,0.00000,26
0.71385,0.28918,103.23371,0.05402,243,1,0.70517,0.38526,1,0.76072,0.24142,1,0.73295,0.31334,1,0.38610,0.44182,23.38999,1.02593,1,0.65060,0.42930,25.91671,1.03311,1,-0.02978,0.01095,0.68246,0.00452,1,0.03749,0.01301,0.66231,0.00511,1,0,0.00000,26
0.71579,0.29109,103.23371,0.06064,243,1,0.70548,0.37562,1,0.76090,0.24094,1,0.73319,0.30828,1,0.38577,0.44188,23.56017,1.04014,1,0.65023,0.42920,25.70221,1.03371,1,-0.02910,0.01056,0.66108,0.00451,1,0.03520,0.01232,0.62688,0.00516,1,0,0.00000,26
0.71612,0.29326,103.23371,0.06727,243,1,0.69487,0.39422,1,0.74399,0.23582,1,0.71943,0.31502,1,0.38536,0.44198,23.36270,1.02580,1,0.64984,0.42920,26.05114,1.01218,1,-0.02910,0.01056,0.66108,0.00453,1,0.03520,0.01232,0.62688,0.00514,1,0,0.00000,26
0.71657,0.29641,103.23371,0.07398,243,1,0.69539,0.40932,1,0.74759,0.25281,1,0.72149,0.33107,1,0.38512,0.44205,23.45950,1.00428,1,0.64971,0.42915,25.96529,0.99065,1,-0.02910,0.01056,0.66108,0.00453,1,0.03520,0.01232,0.62688,0.00512,1,0,0.00000,26
0.71676,0.30011,103.23371,0.08089,243,1,0.69511,0.42368,1,0.74312,0.26522,1,0.71911,0.34445,1,0.38482,0.44197,23.43322,0.98275,1,0.64933,0.42923,26.10123,0.97556,1,-0.02905,0.01042,0.65545,0.00455,1,0.03564,0.01255,0.63890,0.00510,1,0,0.00000,26
0.71615,0.30283,103.23371,0.08736,243,1,0.68530,0.42845,1,0.73111,0.24790,1,0.70821,0.33817,1,0.38446,0.44206,23.35952,0.97556,1,0.64900,0.42908,26.13233,0.98199,1,-0.02905,0.01042,0.65545,0.00459,1,0.03564,0.01255,0.63890,0.00513,1,0,0.00000,26
0.71606,0.30510,103.23371,0.09407,243,1,0.69300,0.42792,1,0.73660,0.24583,1,0.71480,0.33688,1,0.38434,0.44212,23.28177,0.98199,1,0.64891,0.42904,26.02356,0.98843,1,-0.02905,0.01042,0.65545,0.00455,1,0.03564,0.01255,0.63890,0.00514,1,0,0.00000,26
0.71604,0.30678,103.23371,0.10104,243,1,0.69307,0.42366,1,0.73844,0.24048,1,0.71575,0.33207,1,0.38410,0.44205,23.22713,0.98843,1,0.64861,0.42898,26.17983,0.99486,1,-0.02960,0.01060,0.66358,0.00453,1,0.03555,0.01255,0.63891,0.00509,1,0,0.00000,26
0.71483,0.30882,103.23371,0.10742,243,1,0.64392,0.46953,1,0.74709,0.21311,1,0.69550,0.34132,1,0.38387,0.44225,22.20965,0.99486,1,0.64839,0.42902,26.16621,0.99486,1,-0.02960,0.01060,0.66358,0.00462,1,0.03555,0.01255,0.63891,0.00515,1,0,0.00000,26
0.71508,0.31302,103.23371,0.11417,243,1,0.67890,0.49627,1,0.75955,0.27267,1,0.71922,0.38447,1,0.38373,0.44255,21.53821,0.99486,1,0.64824,0.42894,26.19265,0.99486,1,-0.02960,0.01060,0.66358,0.00459,1,0.03555,0.01255,0.63891,0.00511,1,0,0.00000,26
0.71535,0.31663,103.23371,0.12085,243,1,0.67890,0.49627,1,0.76175,0.26694,1,0.72032,0.38160,1,0.38347,0.44265,21.30612,0.99486,1,0.64801,0.42886,26.54140,1.00205,1,-0.02945,0.01056,0.65780,0.00462,1,0.03707,0.01325,0.66904,0.00510,1,0,0.00000,26
0.71709,0.35463,103.23371,0.12085,243,0,0.68016,0.73932,1,0.73010,0.31854,1,0.70513,0.52893,1,0.38345,0.44389,17.91318,1.00205,1,0.64776,0.42919,25.87474,1.00924,1,-0.02945,0.01056,0.65780,0.00441,1,0.03707,0.01325,0.66904,0.00513,1,0,0.00000,26
0.71204,0.52489,103.23371,0.12085,243,0,0.66998,0.97550,1,0.74398,0.41477,1,0.70698,0.69514,1,0.38314,0.44613,10.98862,1.00924,1,0.64765,0.42968,24.38229,1.01643,1,-0.02945,0.01056,0.65780,0.00376,1,0.03707,0.01325,0.66904,0.00502,1,0,0.00000,26
0.72206,0.48957,103.23371,0.12085,243,0,0.66998,0.97550,0,0.74212,0.41894,1,0.74212,0.41894,1,0.38314,0.44613,10.98862,1.01643,0,0.64739,0.42954,23.44917,1.00999,1,-0.02945,0.01056,0.65780,0.00376,1,0.03451,0.01246,0.62457,0.00503,1,0,0.00000,26
0.72617,0.66942,103.23371,0.12085,243,0,0.66998,0.97550,0,0.72942,0.89418,1,0.72942,0.89418,1,0.38314,0.44613,10.98862,1.00999,0,0.64734,0.43287,15.19588,0.99637,1,-0.02945,0.01056,0.65780,0.00376,1,0.03451,0.01246,0.62457,0.00452,1,0,0.00000,26
0.73718,0.89998,103.23371,0.12085,243,0,0.66998,0.97550,0,0.74818,1.13054,1,0.74818,1.13054,1,0.38314,0.44613,10.98862,0.99637,0,0.64733,0.43455,9.77278,0.98275,1,-0.02945,0.01056,0.65780,0.00376,1,0.03451,0.01246,0.62457,0.00347,1,0,0.00000,26
0.74084,0.97683,103.23371,0.12085,243,0,0.66998,0.97550,0,0.74818,1.13054,1,0.74818,1.13054,1,0.38314,0.44613,10.98862,0.98275,0,0.64645,0.43524,8.78488,0.98275,1,-0.02945,0.01056,0.65780,0.00376,1,0.03451,0.01246,0.62457,0.00324,1,0,0.00000,26
0.74818,1.13054,103.23371,0.12085,243,0,0.66998,0.97550,0,0.74818,1.13054,0,0.74818,1.13054,0,0.38314,0.44613,10.98862,0.98275,0,0.64645,0.43524,8.78488,0.99637,0,-0.02945,0.01056,0.65780,0.00376,1,0.03451,0.01246,0.62457,0.00324,1,0,0.00000,26
0.74818,1.13054,103.23371,0.12085,243,0,0.66998,0.97550,0,0.74818,1.13054,0,0.74818,1.13054,0,0.38314,0.44613,10.98862,0.99637,0,0.64645,0.43524,8.78488,1.00999,0,-0.02945,0.01056,0.65780,0.00376,1,0.03451,0.01246,0.62457,0.00324,1,0,0.00000,26
0.74818,1.13054,103.23371,0.12085,243,0,0.66998,0.97550,0,0.74818,1.13054,0,0.74818,1.13054,0,0.38314,0.44613,10.98862,1.00999,0,0.64645,0.43524,8.78488,1.02362,0,-0.02945,0.01056,0.65780,0.00376,1,0.03451,0.01246,0.62457,0.00324,1,0,0.00000,26
0.00000,0.00000,103.23371,0.12085,243,0,0.66998,0.97550,0,0.74818,1.13054,0,0.74818,1.13054,0,0.38314,0.44613,10.98862,1.02362,0,0.64645,0.43524,8.78488,1.02362,0,-0.02945,0.01056,0.65780,0.00376,1,0.03451,0.01246,0.62457,0.00324,1,0,0.00000,26
0.00000,0.00000,103.23371,0.12085,243,0,0.66998,0.97550,0,0.74818,1.13054,0,0.74818,1.13054,0,0.38314,0.44613,10.98862,1.02362,0,0.64645,0.43524,8.78488,1.02362,0,-0.02945,0.01056,0.65780,0.00376,1,0.03451,0.01246,0.62457,0.00324,1,0,0.00000,26
0.00000,0.00000,103.23371,0.12085,243,0,0.66998,0.97550,0,0.74818,1.13054,0,0.74818,1.13054,0,0.38314,0.44613,10.98862,1.02362,0,0.64645,0.43524,8.78488,1.02362,0,-0.02945,0.01056,0.65780,0.00376,1,0.03451,0.01246,0.62457,0.00324,1,0,0.00000,26
0.00000,0.00000,103.23371,0.12085,243,0,0.66998,0.97550,0,0.74818,1.13054,0,0.74818,1.13054,0,0.38314,0.44613,10.98862,1.02362,0,0.64645,0.43524,8.78488,1.02362,0,-0.02945,0.01056,0.65780,0.00376,1,0.03451,0.01246,0.62457,0.00324,1,31,0.00000,26
0.00000,0.00000,103.23371,0.12085,243,0,0.66998,0.97550,0,0.74818,1.13054,0,0.74818,1.13054,0,0.38314,0.44613,10.98862,1.02362,0,0.64645,0.43524,8.78488,1.02362,0,-0.02945,0.01056,0.65780,0.00376,1,0.03451,0.01246,0.62457,0.00324,1,31,0.00000,26
0.00000,0.00000,103.23371,0.12085,243,0,0.66998,0.97550,0,0.74818,1.13054,0,0.74818,1.13054,0,0.38314,0.44613,10.98862,1.02362,0,0.64645,0.43524,8.78488,1.02362,0,-0.02945,0.01056,0.65780,0.00376,1,0.03451,0.01246,0.62457,0.00324,1,31,0.00000,26
0.00000,0.00000,103.23371,0.12085,243,0,0.66998,0.97550,0,0.74818,1.13054,0,0.74818,1.13054,0,0.38314,0.44613,10.98862,1.02362,0,0.64645,0.43524,8.78488,1.02362,0,-0.02945,0.01056,0.65780,0.00376,1,0.03451,0.01246,0.62457,0.00324,1,31,0.00000,26
0.00000,0.00000,103.23371,0.12085,243,0,0.66998,0.97550,0,0.74818,1.13054,0,0.74818,1.13054,0,0.38314,0.44613,10.98862,1.02362,0,0.64645,0.43524,8.78488,1.02362,0,-0.02945,0.01056,0.65780,0.00376,1,0.03451,0.01246,0.62457,0.00324,1,31,0.00000,26
0.00000,0.00000,103.23371,0.12085,243,0,0.66998,0.97550,0,0.74818,1.13054,0,0.74818,1.13054,0,0.38314,0.44613,10.98862,1.02362,0,0.64645,0.43524,8.78488,1.02362,0,-0.02945,0.01056,0.65780,0.00376,1,0.03451,0.01246,0.62457,0.00324,1,31,0.00000,26
0.00000,0.00000,103.23371,0.12085,243,0,0.66998,0.97550,0,0.74818,1.13054,0,0.74818,1.13054,0,0.38314,0.44613,10.98862,1.02362,0,0.64645,0.43524,8.78488,1.02362,0,-0.02945,0.01056,0.65780,0.00376,1,0.03451,0.01246,0.62457,0.00324,1,31,0.00000,26
0.00000,0.00000,103.23371,0.12085,243,0,0.66998,0.97550,0,0.74818,1.13054,0,0.74818,1.13054,0,0.38314,0.44613,10.98862,1.02362,0,0.64645,0.43524,8.78488,1.02362,0,-0.02945,0.01056,0.65780,0.00376,1,0.03451,0.01246,0.62457,0.00324,1,31,0.00000,26
0.00000,0.00000,103.23371,0.12085,243,0,0.66998,0.97550,0,0.74818,1.13054,0,0.74818,1.13054,0,0.38314,0.44613,10.98862,1.02362,0,0.64645,0.43524,8.78488,1.02362,0,-0.02945,0.01056,0.65780,0.00376,1,0.03451,0.01246,0.62457,0.00324,1,31,0.00000,26
0.00000,0.00000,103.23371,0.12085,243,0,0.66998,0.97550,0,0.74818,1.13054,0,0.74818,1.13054,0,0.38314,0.44613,10.98862,1.02362,0,0.64645,0.43524,8.78488,1.02362,0,-0.02945,0.01056,0.65780,0.00376,1,0.03451,0.01246,0.62457,0.00324,1,31,0.00000,26
0.00000,0.00000,103.23371,0.12085,243,0,0.66998,0.97550,0,0.74818,1.13054,0,0.74818,1.13054,0,0.38314,0.44613,10.98862,1.02362,0,0.64645,0.43524,8.78488,1.02362,0,-0.02945,0.01056,0.65780,0.00376,1,0.03451,0.01246,0.62457,0.00324,1,31,0.00000,26
0.00000,0.00000,103.23371,0.12085,243,0,0.66998,0.97550,0,0.74818,1.13054,0,0.74818,1.13054,0,0.38314,0.44613,10.98862,1.02362,0,0.64645,0.43524,8.78488,1.02362,0,-0.02945,0.01056,0.65780,0.00376,1,0.03451,0.01246,0.62457,0.00324,1,31,0.00000,26
0.00000,0.00000,103.23371,0.12085,243,0,0.66998,0.97550,0,0.74818,1.13054,0,0.74818,1.13054,0,0.38314,0.44613,10.98862,1.02362,0,0.64645,0.43524,8.78488,1.02362,0,-0.02945,0.01056,0.65780,0.00376,1,0.03451,0.01246,0.62457,0.00324,1,31,0.00000,26
0.00000,0.00000,103.23371,0.12085,243,0,0.66998,0.97550,0,0.74818,1.13054,0,0.74818,1.13054,0,0.38314,0.44613,10.98862,1.02362,0,0.64645,0.43524,8.78488,1.02362,0,-0.02945,0.01056,0.65780,0.00376,1,0.03451,0.01246,0.62457,0.00324,1,31,0.00000,26
0.00000,0.00000,103.23371,0.12085,243,0,0.66998,0.97550,0,0.74818,1.13054,0,0.74818,1.13054,0,0.38314,0.44613,10.98862,1.02362,0,0.64645,0.43524,8.78488,1.02362,0,-0.02945,0.01056,0.65780,0.00376,1,0.03451,0.01246,0.62457,0.00324,1,31,0.00000,26
0.00000,0.00000,103.23371,0.12085,243,0,0.66998,0.97550,0,0.74818,1.13054,0,0.74818,1.13054,0,0.38314,0.44613,10.98862,1.02362,0,0.64645,0.43524,8.78488,1.02362,0,-0.02945,0.01056,0.65780,0.00376,1,0.03451,0.01246,0.62457,0.00324,1,31,0.00000,26
0.00000,0.00000,103.23371,0.12085,243,0,0.66998,0.97550,0,0.74818,1.13054,0,0.74818,1.13054,0,0.38314,0.44613,10.98862,1.02362,0,0.64645,0.43524,8.78488,1.02362,0,-0.02945,0.01056,0.65780,0.00376,1,0.03451,0.01246,0.62457,0.00324,1,31,0.00000,26
0.54565,0.25448,103.23371,0.12085,243,0,1.09129,0.50895,1,0.74818,1.13054,0,1.09129,0.50895,1,0.65297,0.43034,23.96902,1.02362,1,0.64645,0.43524,8.78488,1.02362,0,-0.02945,0.01056,0.65780,0.00509,1,0.03451,0.01246,0.62457,0.00324,1,0,0.11548,27
1.09191,0.50739,103.23371,0.12085,243,0,1.09254,0.50582,1,0.74818,1.13054,0,1.09254,0.50582,1,0.65311,0.43005,24.35010,1.02362,1,0.64645,0.43524,8.78488,1.02362,0,-0.02945,0.01056,0.65780,0.00518,1,0.03451,0.01246,0.62457,0.00324,1,0,0.00000,27
1.09223,0.50660,103.23371,0.12085,243,0,1.09254,0.50582,1,0.74818,1.13054,0,1.09254,0.50582,1,0.65343,0.42993,24.46381,1.02362,1,0.64645,0.43524,8.78488,1.02362,0,0.03775,0.01308,0.66329,0.00516,1,0.03451,0.01246,0.62457,0.00324,1,0,0.00000,27
1.09010,0.47494,103.23371,0.12085,243,0,1.08583,0.41163,1,0.74818,1.13054,0,1.08583,0.41163,1,0.65360,0.43025,24.69647,1.02362,1,0.64645,0.43524,8.78488,1.02362,0,0.03775,0.01308,0.66329,0.00536,1,0.03451,0.01246,0.62457,0.00324,1,0,0.00000,27
1.09290,0.45699,103.56845,0.02055,244,1,1.10132,0.40312,1,0.74818,1.13054,0,1.10132,0.40312,1,0.65375,0.42987,25.82605,1.02362,1,0.64645,0.43524,8.78488,1.02362,0,0.03775,0.01308,0.66329,0.00514,1,0.03451,0.01246,0.62457,0.00324,1,0,0.00000,27
1.09459,0.44621,103.56845,0.02694,244,1,1.10132,0.40312,1,0.74818,1.13054,0,1.10132,0.40312,1,0.65393,0.42987,25.69606,1.02362,1,0.64645,0.43524,8.78488,1.02362,0,0.03804,0.01307,0.66492,0.00518,1,0.03451,0.01246,0.62457,0.00324,1,0,0.00000,27
1.09136,0.43189,103.56845,0.03404,244,1,1.07521,0.36030,1,0.74818,1.13054,0,1.07521,0.36030,1,0.65426,0.42984,26.31928,1.02362,1,0.64645,0.43524,8.78488,1.02362,0,0.03804,0.01307,0.66492,0.00523,1,0.03451,0.01246,0.62457,0.00324,1,0,0.00000,27
1.09185,0.42252,103.56845,0.04060,244,1,1.09481,0.36626,1,0.74818,1.13054,0,1.09481,0.36626,1,0.65455,0.42981,26.05024,1.02362,1,0.64645,0.43524,8.78488,1.02362,0,0.03804,0.01307,0.66492,0.00529,1,0.03451,0.01246,0.62457,0.00324,1,0,0.00000,27
1.09222,0.41548,103.56845,0.04738,244,1,1.09481,0.36626,1,0.74818,1.13054,0,1.09481,0.36626,1,0.65470,0.42967,26.24798,1.02362,1,0.64645,0.43524,8.78488,1.02362,0,0.03812,0.01293,0.66284,0.00532,1,0.03451,0.01246,0.62457,0.00324,1,0,0.00000,27
1.06346,0.41384,103.56845,0.05402,244,1,0.82249,0.55773,1,0.84421,0.24357,1,0.83335,0.40065,1,0.39105,0.44243,20.62050,1.02362,1,0.65506,0.42990,26.85143,1.02362,1,0.03812,0.01293,0.66284,0.00465,1,0.03451,0.01246,0.62457,0.00519,1,0,0.00000,27
1.04003,0.41197,103.56845,0.06081,244,1,0.78653,0.53667,1,0.87192,0.25372,1,0.82923,0.39520,1,0.39109,0.44237,20.70605,1.02362,1,0.65531,0.42990,26.76459,1.02362,1,0.03812,0.01293,0.66284,0.00478,1,0.03451,0.01246,0.62457,0.00523,1,0,0.00000,27
1.02087,0.41045,103.56845,0.06740,244,1,0.78653,0.53667,1,0.87192,0.25372,1,0.82923,0.39520,1,0.39132,0.44251,20.96612,1.02362,1,0.65542,0.43003,26.76103,1.02362,1,-0.02802,0.01062,0.66143,0.00455,1,0.03847,0.01293,0.66540,0.00518,1,0,0.00000,27
1.00433,0.40544,103.56845,0.07414,244,1,0.79971,0.49582,1,0.84518,0.20502,1,0.82245,0.35042,1,0.39153,0.44213,21.38890,1.02362,1,0.65590,0.43000,26.59730,1.02362,1,-0.02802,0.01062,0.66143,0.00470,1,0.03847,0.01293,0.66540,0.00518,1,0,0.00000,27
0.99061,0.40335,103.56845,0.08095,244,1,0.78544,0.54203,1,0.86632,0.21437,1,0.82588,0.37820,1,0.39173,0.44212,21.57363,1.02362,1,0.65606,0.43013,26.73328,1.02362,1,-0.02802,0.01062,0.66143,0.00478,1,0.03847,0.01293,0.66540,0.00523,1,0,0.00000,27
0.95980,0.38444,103.56845,0.08095,244,0,0.78475,0.54579,1,0.86355,0.22014,1,0.82415,0.38297,1,0.39159,0.44236,22.11043,1.01659,1,0.65613,0.43024,27.15610,1.01659,1,-0.02738,0.01048,0.64977,0.00487,1,0.03821,0.01277,0.65759,0.00520,1,0,0.00000,27
0.89795,0.36913,103.56845,0.08095,244,0,0.84134,0.46344,1,0.83086,0.24418,1,0.83610,0.35381,1,0.39233,0.44197,21.81930,1.00956,1,0.65643,0.43039,26.92832,1.00956,1,-0.02738,0.01048,0.64977,0.00462,1,0.03821,0.01277,0.65759,0.00520,1,0,0.00000,27
0.87433,0.37502,103.56845,0.08095,244,0,0.80916,0.51490,1,0.84500,0.25871,1,0.82708,0.38681,1,0.39251,0.44191,22.13451,1.00254,1,0.65666,0.43041,26.93135,1.00254,1,-0.02738,0.01048,0.64977,0.00471,1,0.03821,0.01277,0.65759,0.00522,1,0,0.00000,27
0.82949,0.37742,103.56845,0.08095,244,0,0.80830,0.51896,1,0.84230,0.26433,1,0.82530,0.39164,1,0.39258,0.44186,22.23232,0.99551,1,0.65686,0.43031,26.72684,0.99551,1,-0.02714,0.01042,0.64630,0.00478,1,0.03811,0.01267,0.65248,0.00521,1,0,0.00000,27
0.82558,0.36884,103.56845,0.08095,244,0,0.80891,0.44653,1,0.83442,0.27400,1,0.82166,0.36026,1,0.39290,0.44178,22.84095,0.99551,1,0.65710,0.43044,27.06730,0.99551,1,-0.02714,0.01042,0.64630,0.00459,1,0.03811,0.01267,0.65248,0.00523,1,0,0.00000,27
0.82667,0.36534,103.56845,0.08095,244,0,0.82887,0.45024,1,0.82883,0.26643,1,0.82885,0.35833,1,0.39294,0.44155,22.77435,0.99551,1,0.65716,0.43045,27.21018,0.99551,1,-0.02714,0.01042,0.64630,0.00465,1,0.03811,0.01267,0.65248,0.00522,1,0,0.00000,27
0.82721,0.36359,103.67651,0.01996,245,1,0.82887,0.45024,1,0.82883,0.26643,1,0.82885,0.35833,1,0.39304,0.44149,22.58076,0.99551,1,0.65744,0.43038,26.72002,0.99551,1,-0.02705,0.01046,0.64889,0.00471,1,0.03876,0.01276,0.66191,0.00522,1,0,0.00000,27
0.82418,0.35831,103.67651,0.02594,245,1,0.77297,0.40205,1,0.85114,0.27231,1,0.81205,0.33718,1,0.39323,0.44136,23.45152,0.99551,1,0.65770,0.43037,26.86351,0.99551,1,-0.02705,0.01046,0.64889,0.00476,1,0.03876,0.01276,0.66191,0.00517,1,0,0.00000,27
0.82158,0.36118,103.67651,0.03255,245,1,0.79031,0.46759,1,0.82686,0.28350,1,0.80858,0.37554,1,0.39320,0.44149,23.15113,0.99551,1,0.65782,0.43048,26.81962,0.99551,1,-0.02705,0.01046,0.64889,0.00474,1,0.03876,0.01276,0.66191,0.00521,1,0,0.00000,27
0.81977,0.36293,103.67651,0.03924,245,1,0.79105,0.46318,1,0.82680,0.28363,1,0.80892,0.37340,1,0.39329,0.44177,23.25644,1.00254,1,0.65792,0.43047,26.86360,0.99535,1,-0.02737,0.01065,0.66019,0.00472,1,0.03792,0.01243,0.64501,0.00522,1,0,0.00000,27
0.81951,0.35786,103.67651,0.04624,245,1,0.80284,0.37585,1,0.83244,0.26899,1,0.81764,0.32242,1,0.39377,0.44130,23.32811,1.00238,1,0.65810,0.43056,27.17355,0.99519,1,-0.02737,0.01065,0.66019,0.00472,1,0.03792,0.01243,0.64501,0.00519,1,0,0.00000,27
0.81947,0.35704,103.67651,0.05280,245,1,0.79838,0.43575,1,0.84001,0.26513,1,0.81920,0.35044,1,0.39387,0.44121,23.51333,1.00221,1,0.65819,0.43053,27.44290,0.99502,1,-0.02737,0.01065,0.66019,0.00472,1,0.03792,0.01243,0.64501,0.00517,1,0,0.00000,27
0.81944,0.35639,103.67651,0.05980,245,1,0.79837,0.43585,1,0.83995,0.26526,1,0.81916,0.35056,1,0.39379,0.44143,23.59139,1.00205,1,0.65848,0.43047,26.92439,0.99486,1,-0.02732,0.01071,0.66124,0.00474,1,0.03770,0.01235,0.63810,0.00519,1,0,0.00000,27
0.81814,0.35395,103.67651,0.06641,245,1,0.80273,0.39455,1,0.80755,0.26454,1,0.80514,0.32954,1,0.39403,0.44125,23.87587,0.99486,1,0.65861,0.43048,27.19991,0.99486,1,-0.02732,0.01071,0.66124,0.00477,1,0.03770,0.01235,0.63810,0.00521,1,0,0.00000,27
0.81830,0.35360,103.67651,0.07320,245,1,0.81487,0.43033,1,0.82513,0.26917,1,0.82000,0.34975,1,0.39447,0.44085,23.89659,0.99486,1,0.65875,0.43046,27.05485,0.99486,1,-0.02732,0.01071,0.66124,0.00468,1,0.03770,0.01235,0.63810,0.00522,1,0,0.00000,27
0.81839,0.35348,103.67651,0.07990,245,1,0.81397,0.43504,1,0.82519,0.26904,1,0.81958,0.35204,1,0.39430,0.44116,24.34681,0.98783,1,0.65904,0.43038,26.77776,0.99502,1,-0.02640,0.01046,0.64259,0.00473,1,0.03948,0.01293,0.66565,0.00527,1,0,0.00000,27
0.81763,0.35325,103.67651,0.08631,245,1,0.77245,0.44400,1,0.84295,0.25641,1,0.80770,0.35021,1,0.39447,0.44121,23.95914,0.98800,1,0.65922,0.43037,26.98944,0.99519,1,-0.02640,0.01046,0.64259,0.00477,1,0.03948,0.01293,0.66565,0.00518,1,0,0.00000,27
0.81717,0.35304,103.67651,0.09306,245,1,0.79532,0.43100,1,0.82606,0.26930,1,0.81069,0.35015,1,0.39487,0.44073,23.85113,0.98816,1,0.65937,0.43037,26.96089,0.99535,1,-0.02640,0.01046,0.64259,0.00473,1,0.03948,0.01293,0.66565,0.00520,1,0,0.00000,27
0.81668,0.35303,103.67651,0.09978,245,1,0.79534,0.43089,1,0.82346,0.27489,1,0.80940,0.35289,1,0.39473,0.44104,24.24703,0.98832,1,0.65933,0.43038,27.31456,0.98832,1,-0.02610,0.01046,0.63986,0.00477,1,0.03812,0.01247,0.64198,0.00519,1,0,0.00000,27
0.81657,0.35197,103.67651,0.10622,245,1,0.81162,0.41291,1,0.81795,0.25718,1,0.81478,0.33505,1,0.39513,0.44069,24.41006,0.98832,1,0.65961,0.43035,27.36180,0.98113,1,-0.02610,0.01046,0.63986,0.00477,1,0.03812,0.01247,0.64198,0.00526,1,0,0.00000,27
0.81617,0.35083,103.67651,0.11299,245,1,0.77341,0.39232,1,0.84524,0.27046,1,0.80933,0.33139,1,0.39556,0.44045,24.05686,0.98113,1,0.65997,0.43022,26.71287,0.97394,1,-0.02610,0.01046,0.63986,0.00474,1,0.03812,0.01247,0.64198,0.00525,1,0,0.00000,27
0.81581,0.34981,103.67651,0.11976,245,1,0.77340,0.39244,1,0.84518,0.27059,1,0.80929,0.33151,1,0.39544,0.44067,24.44403,0.98097,1,0.66022,0.43038,27.19091,0.97378,1,-0.02686,0.01083,0.66219,0.00480,1,0.17659,0.05850,3.02331,0.00521,0,0,0.00000,27
0.81734,0.34999,103.67651,0.12677,245,1,0.82048,0.37929,1,0.87237,0.32747,1,0.84642,0.35338,1,0.39674,0.44006,24.32057,0.98081,1,0.66111,0.43019,27.06759,0.98081,1,-0.02686,0.01083,0.66219,0.00468,1,0.17659,0.05850,3.02331,0.00520,0,0,0.00000,27
0.82029,0.34882,103.67651,0.13344,245,1,0.85404,0.34256,1,0.90476,0.30829,1,0.87940,0.32543,1,0.39699,0.43997,23.92084,0.98783,1,0.66122,0.43027,27.21863,0.98783,1,-0.02686,0.01083,0.66219,0.00474,1,0.17659,0.05850,3.02331,0.00526,0,0,0.00000,27
0.82308,0.34751,103.67651,0.14175,245,1,0.85521,0.33712,1,0.90791,0.30296,1,0.88156,0.32004,1,0.39715,0.43995,24.36142,0.99486,1,0.66151,0.43010,26.80972,0.99486,1,-0.02665,0.01092,0.66194,0.00471,1,0.17794,0.05865,3.03082,0.00523,0,0,0.00000,27
0.82520,0.34800,103.67651,0.14828,245,1,0.86153,0.44863,1,0.88221,0.26877,1,0.87187,0.35870,1,0.39737,0.43991,24.11527,0.99486,1,0.66146,0.43022,27.09339,0.99486,1,-0.02665,0.01092,0.66194,0.00475,1,0.17794,0.05865,3.03082,0.00525,0,0,0.00000,27
0.82655,0.34849,103.67651,0.15340,245,1,0.82922,0.43952,1,0.88580,0.28003,1,0.85751,0.35978,1,0.39733,0.43978,23.99294,0.99486,1,0.66150,0.43008,26.99864,0.99486,1,-0.02665,0.01092,0.66194,0.00473,1,0.17794,0.05865,3.03082,0.00522,0,0,0.00000,27
0.82778,0.34894,103.67651,0.15981,245,1,0.82922,0.43952,1,0.88580,0.28003,1,0.85751,0.35978,1,0.39736,0.43979,24.16200,0.99486,1,0.66152,0.43003,27.05583,0.99486,1,-0.02665,0.01092,0.66194,0.00467,1,0.17791,0.05886,3.03029,0.00523,0,0,0.00000,27
0.82918,0.34902,103.67651,0.16706,245,1,0.83332,0.42135,1,0.89510,0.28059,1,0.86421,0.35097,1,0.39753,0.43968,24.02728,0.99486,1,0.66161,0.42994,26.85665,0.99486,1,-0.02665,0.01092,0.66194,0.00479,1,0.17791,0.05886,3.03029,0.00523,0,0,0.00000,27
0.82983,0.34877,103.67651,0.17377,245,1,0.83518,0.41178,1,0.85786,0.27304,1,0.84652,0.34241,1,0.39743,0.43962,24.21301,0.99486,1,0.66169,0.42989,26.76151,0.99486,1,-0.02665,0.01092,0.66194,0.00469,1,0.17791,0.05886,3.03029,0.00522,0,0,0.00000,27
0.83035,0.34873,103.67651,0.18011,245,1,0.83414,0.41665,1,0.85505,0.27859,1,0.84460,0.34762,1,0.39746,0.43948,24.17615,0.98783,1,0.66162,0.42994,27.04059,0.98783,1,-0.02576,0.01067,0.64103,0.00472,1,0.17814,0.05917,3.03413,0.00520,0,0,0.00000,27
0.83047,0.34833,103.67651,0.18705,245,1,0.82010,0.40097,1,0.84733,0.27329,1,0.83372,0.33713,1,0.39740,0.43946,24.30041,0.98081,1,0.66170,0.42988,26.73633,0.98081,1,-0.02576,0.01067,0.64103,0.00474,1,0.17814,0.05917,3.03413,0.00527,0,0,0.00000,27
0.83106,0.34840,103.67651,0.19350,245,1,0.81869,0.41598,1,0.87786,0.28476,1,0.84828,0.35037,1,0.39738,0.43939,24.14664,0.97378,1,0.66155,0.42996,27.09798,0.97378,1,-0.02576,0.01067,0.64103,0.00478,1,0.17814,0.05917,3.03413,0.00524,0,0,0.00000,27
0.85666,0.34633,103.67651,0.19350,245,0,0.81869,0.41598,1,0.87786,0.28476,1,0.84828,0.35037,1,0.39729,0.43942,24.21149,0.97378,1,0.66154,0.42998,27.15295,0.97378,1,-0.02665,0.01102,0.66194,0.00478,1,0.17791,0.05886,3.03029,0.00525,0,0,0.00000,27
0.85102,0.34934,103.67651,0.19350,245,0,0.82748,0.43101,1,0.86330,0.27367,1,0.84539,0.35234,1,0.39708,0.43957,24.40377,0.98081,1,0.66149,0.43000,27.05474,0.98081,1,-0.02665,0.01102,0.66194,0.00478,1,0.17791,0.05886,3.03029,0.00523,0,0,0.00000,27
0.85154,0.35230,103.67651,0.19350,245,0,0.81833,0.41961,1,0.88685,0.29688,1,0.85259,0.35824,1,0.39685,0.43988,24.77647,0.98783,1,0.66141,0.43003,26.92278,0.98783,1,-0.02665,0.01102,0.66194,0.00478,1,0.17791,0.05886,3.03029,0.00519,0,0,0.00000,27
0.85269,0.35182,103.87672,0.02005,246,1,0.81926,0.41478,1,0.89297,0.28593,1,0.85612,0.35035,1,0.39692,0.43966,24.26292,0.99486,1,0.66118,0.43011,27.27429,1.00205,1,-0.02558,0.01049,0.63290,0.00475,1,0.04017,0.01297,0.67043,0.00520,1,0,0.00000,27
0.85133,0.33660,103.87672,0.02687,246,1,0.81563,0.32191,1,0.87620,0.22957,1,0.84592,0.27574,1,0.39678,0.43982,24.24243,1.00205,1,0.66105,0.43023,27.40365,1.00924,1,-0.02558,0.01049,0.63290,0.00474,1,0.04017,0.01297,0.67043,0.00519,1,0,0.00000,27
0.84834,0.32696,103.87672,0.03365,246,1,0.79592,0.32155,1,0.87085,0.23595,1,0.83338,0.27875,1,0.39647,0.44011,24.63171,1.00924,1,0.66101,0.43028,27.38207,1.01643,1,-0.02558,0.01049,0.63290,0.00480,1,0.04017,0.01297,0.67043,0.00518,1,0,0.00000,27
0.84600,0.32047,103.87672,0.04013,246,1,0.79593,0.32142,1,0.86802,0.24162,1,0.83198,0.28152,1,0.39672,0.43996,24.22473,1.00940,1,0.66102,0.43030,26.82649,1.00940,1,-0.02568,0.01037,0.63431,0.00471,1,0.17659,0.05850,3.02331,0.00521,0,0,0.00000,27
0.84727,0.31993,103.87672,0.04729,246,1,0.83709,0.36855,1,0.87515,0.26379,1,0.85612,0.31617,1,0.39611,0.44043,24.63100,1.00238,1,0.66076,0.43040,27.08109,0.99519,1,-0.02568,0.01037,0.63431,0.00476,1,0.17659,0.05850,3.02331,0.00518,0,0,0.00000,27
0.84767,0.32161,103.87672,0.05364,246,1,0.82138,0.37875,1,0.88039,0.29126,1,0.85089,0.33500,1,0.39600,0.44054,24.84377,0.98816,1,0.66054,0.43043,27.26268,0.98097,1,-0.02568,0.01037,0.63431,0.00480,1,0.17659,0.05850,3.02331,0.00516,0,0,0.00000,27
0.84775,0.32374,103.87672,0.06057,246,1,0.81946,0.38913,1,0.87739,0.29675,1,0.84842,0.34294,1,0.39610,0.44030,24.43870,0.97394,1,0.66046,0.43049,27.34048,0.97394,1,-0.02610,0.01046,0.63986,0.00478,1,0.03968,0.01288,0.66573,0.00520,1,0,0.00000,27
0.84573,0.32619,103.87672,0.06727,246,1,0.79229,0.41118,1,0.85890,0.29018,1,0.82560,0.35068,1,0.39548,0.44076,24.86191,0.97394,1,0.66025,0.43053,27.04149,0.98113,1,-0.02610,0.01046,0.63986,0.00476,1,0.03968,0.01288,0.66573,0.00520,1,0,0.00000,27
0.84422,0.32559,103.87672,0.07512,246,1,0.80786,0.41367,1,0.84734,0.22432,1,0.82760,0.31900,1,0.39541,0.44076,24.79265,0.98113,1,0.66013,0.43050,27.09705,0.98832,1,-0.02610,0.01046,0.63986,0.00477,1,0.03968,0.01288,0.66573,0.00523,1,0,0.00000,27
0.84312,0.32447,103.87672,0.08179,246,1,0.80961,0.40376,1,0.85009,0.21840,1,0.82985,0.31108,1,0.39551,0.44044,24.65960,0.99535,1,0.65996,0.43050,26.86781,0.99535,1,-0.02696,0.01074,0.65978,0.00480,1,0.03796,0.01237,0.63917,0.00518,1,0,0.00000,27
0.84328,0.32282,103.87672,0.08661,246,1,0.81415,0.30156,1,0.87659,0.30109,1,0.84537,0.30132,1,0.39499,0.44102,24.90363,1.00238,1,0.65968,0.43057,26.99841,0.99519,1,-0.02696,0.01074,0.65978,0.00480,1,0.03796,0.01237,0.63917,0.00518,1,0,0.00000,27
0.84283,0.31923,103.87672,0.09513,246,1,0.79923,0.31555,1,0.87400,0.22241,1,0.83661,0.26898,1,0.39493,0.44101,24.92829,1.00221,1,0.65958,0.43061,27.06672,0.99502,1,-0.02696,0.01074,0.65978,0.00476,1,0.03796,0.01237,0.63917,0.00518,1,0,0.00000,27
0.84242,0.31627,103.87672,0.10104,246,1,0.79843,0.32116,1,0.87400,0.22241,1,0.83621,0.27179,1,0.39513,0.44078,24.38955,0.99502,1,0.65940,0.43063,27.08569,0.99502,1,-0.02632,0.01028,0.64047,0.00476,1,0.03903,0.01272,0.65980,0.00519,1,0,0.00000,27
0.84206,0.31455,103.87672,0.10866,246,1,0.82879,0.34604,1,0.84391,0.22827,1,0.83635,0.28715,1,0.39455,0.44108,24.82723,0.98800,1,0.65907,0.43078,27.25927,0.99519,1,-0.02632,0.01028,0.64047,0.00473,1,0.03903,0.01272,0.65980,0.00515,1,0,0.00000,27
0.84208,0.31333,103.87672,0.11425,246,1,0.82286,0.34765,1,0.86186,0.23751,1,0.84236,0.29258,1,0.39441,0.44120,25.02055,0.98816,1,0.65903,0.43070,27.22902,0.99535,1,-0.02632,0.01028,0.64047,0.00481,1,0.03903,0.01272,0.65980,0.00517,1,0,0.00000,27
0.84212,0.31210,103.87672,0.12087,246,1,0.82384,0.34216,1,0.86186,0.23751,1,0.84285,0.28983,1,0.39450,0.44116,24.48253,0.99535,1,0.65887,0.43069,27.10111,0.99535,1,-0.02732,0.01061,0.66124,0.00480,1,0.03770,0.01225,0.63810,0.00519,1,0,0.00000,27
0.84124,0.31091,103.87672,0.12762,246,1,0.78789,0.34055,1,0.86135,0.23634,1,0.82462,0.28845,1,0.39401,0.44131,24.99766,1.00238,1,0.65870,0.43072,26.80924,0.99519,1,-0.02732,0.01061,0.66124,0.00473,1,0.03770,0.01225,0.63810,0.00518,1,0,0.00000,27
0.84068,0.31005,103.87672,0.13469,246,1,0.80843,0.35555,1,0.85052,0.23008,1,0.82948,0.29282,1,0.39388,0.44140,25.15335,1.00221,1,0.65863,0.43071,26.88390,0.99502,1,-0.02732,0.01061,0.66124,0.00473,1,0.03770,0.01225,0.63810,0.00518,1,0,0.00000,27
0.84009,0.30952,103.87672,0.14120,246,1,0.80757,0.36089,1,0.84771,0.23607,1,0.82764,0.29848,1,0.39394,0.44110,24.51299,0.99502,1,0.65835,0.43075,26.98883,0.98783,1,-0.02692,0.01044,0.65042,0.00475,1,0.03792,0.01238,0.64501,0.00517,1,0,0.00000,27
0.84011,0.30920,103.87672,0.14779,246,1,0.82454,0.36175,1,0.85675,0.24235,1,0.84064,0.30205,1,0.39354,0.44143,25.01891,0.98081,1,0.65814,0.43064,27.04016,0.98081,1,-0.02692,0.01044,0.65042,0.00476,1,0.03792,0.01238,0.64501,0.00515,1,0,0.00000,27
0.83928,0.30948,103.87672,0.15538,246,1,0.80074,0.37958,1,0.83967,0.25207,1,0.82020,0.31582,1,0.39348,0.44137,24.98956,0.97378,1,0.65810,0.43064,27.14354,0.97378,1,-0.02692,0.01044,0.65042,0.00477,1,0.03792,0.01238,0.64501,0.00518,1,0,0.00000,27
0.83858,0.30961,103.87672,0.16104,246,1,0.80074,0.37958,1,0.84247,0.24611,1,0.82161,0.31285,1,0.39361,0.44113,24.00978,0.97378,1,0.65805,0.43061,26.58795,0.98097,1,-0.02754,0.01062,0.66182,0.00476,1,0.03885,0.01281,0.66177,0.00519,1,0,0.00000,27
0.83761,0.30914,103.87672,0.16801,246,1,0.77598,0.36502,1,0.85111,0.22978,1,0.81354,0.29740,1,0.39315,0.44131,24.86614,0.98800,1,0.65770,0.43070,27.19511,0.99519,1,-0.02754,0.01062,0.66182,0.00470,1,0.03885,0.01281,0.66177,0.00513,1,0,0.00000,27
0.83753,0.30834,103.87672,0.17468,246,1,0.80853,0.34918,1,0.86213,0.22583,1,0.83533,0.28751,1,0.39302,0.44145,24.60603,1.00221,1,0.65766,0.43069,26.85093,1.00940,1,-0.02754,0.01062,0.66182,0.00474,1,0.03885,0.01281,0.66177,0.00512,1,0,0.00000,27
0.83747,0.30750,103.87672,0.18091,246,1,0.80939,0.34380,1,0.86213,0.22583,1,0.83576,0.28482,1,0.39338,0.44114,24.17472,1.00940,1,0.65781,0.43073,27.07189,1.00940,1,-0.02682,0.01033,0.64341,0.00469,1,0.03740,0.01234,0.63794,0.00513,1,0,0.00000,27
0.83900,0.30816,103.87672,0.18739,246,1,0.83797,0.35742,1,0.92600,0.29566,1,0.88198,0.32654,1,0.39395,0.44091,23.59642,1.00238,1,0.65834,0.43068,26.94296,0.99519,1,-0.02682,0.01033,0.64341,0.00480,1,0.03740,0.01234,0.63794,0.00511,1,0,0.00000,27
0.84054,0.30869,103.87672,0.19430,246,1,0.85001,0.34627,1,0.92025,0.30235,1,0.88513,0.32431,1,0.39396,0.44102,23.79550,0.98816,1,0.65835,0.43065,26.92010,0.98097,1,-0.02682,0.01033,0.64341,0.00477,1,0.03740,0.01234,0.63794,0.00511,1,0,0.00000,27
0.84190,0.30938,103.87672,0.20128,246,1,0.84884,0.35180,1,0.91689,0.30787,1,0.88287,0.32983,1,0.39420,0.44105,23.77439,0.98097,1,0.65839,0.43067,26.90468,0.97378,1,-0.02754,0.01062,0.66182,0.00469,1,0.03740,0.01234,0.63794,0.00510,1,0,0.00000,27
0.84238,0.30997,103.87672,0.20757,246,1,0.82804,0.36181,1,0.88627,0.29468,1,0.85716,0.32825,1,0.39412,0.44095,23.46712,0.98081,1,0.65828,0.43060,26.52524,0.98081,1,-0.02754,0.01062,0.66182,0.00479,1,0.03740,0.01234,0.63794,0.00513,1,0,0.00000,27
0.84280,0.31006,103.87672,0.21439,246,1,0.84938,0.34355,1,0.86309,0.28234,1,0.85624,0.31294,1,0.39384,0.44089,23.95385,0.98783,1,0.65814,0.43048,26.45787,0.98783,1,-0.02754,0.01062,0.66182,0.00477,1,0.03740,0.01234,0.63794,0.00518,1,0,0.00000,27
0.84320,0.31014,103.87672,0.22101,246,1,0.84938,0.34355,1,0.86309,0.28234,1,0.85624,0.31294,1,0.39368,0.44082,23.69769,0.98783,1,0.65788,0.43042,26.59307,0.98783,1,-0.02693,0.01033,0.64375,0.00472,1,0.03684,0.01219,0.62998,0.00513,1,0,0.00000,27
0.84419,0.30987,103.87672,0.22784,246,1,0.84991,0.33672,1,0.90619,0.26438,1,0.87805,0.30055,1,0.39344,0.44082,23.74242,0.98081,1,0.65772,0.43048,26.55496,0.98081,1,-0.02693,0.01033,0.64375,0.00478,1,0.03684,0.01219,0.62998,0.00510,1,0,0.00000,27
0.84478,0.30943,103.87672,0.23425,246,1,0.83402,0.32738,1,0.89651,0.26106,1,0.86527,0.29422,1,0.39335,0.44091,23.73582,0.97378,1,0.65760,0.43029,26.51185,0.97378,1,-0.02693,0.01033,0.64375,0.00475,1,0.03684,0.01219,0.62998,0.00505,1,0,0.00000,27
0.84529,0.30909,103.87672,0.24114,246,1,0.83402,0.32738,1,0.89365,0.26631,1,0.86384,0.29684,1,0.39325,0.44087,23.59008,0.97378,1,0.65737,0.43040,26.78656,0.96735,1,-0.02734,0.01047,0.65221,0.00478,1,0.03743,0.01243,0.64250,0.00505,1,0,0.00000,27
0.84578,0.30971,103.87672,0.24780,246,1,0.84332,0.34344,1,0.88432,0.32140,1,0.86382,0.33242,1,0.39293,0.44074,23.53591,0.97437,1,0.65722,0.43027,26.49000,0.96794,1,-0.02734,0.01047,0.65221,0.00475,1,0.03743,0.01243,0.64250,0.00508,1,0,0.00000,27
0.84678,0.31014,103.87672,0.25468,246,1,0.85731,0.34055,1,0.91206,0.31302,1,0.88469,0.32678,1,0.39282,0.44076,23.65096,0.97497,1,0.65708,0.43025,26.69393,0.96854,1,-0.02734,0.01047,0.65221,0.00474,1,0.03743,0.01243,0.64250,0.00502,1,0,0.00000,27
0.84771,0.31062,103.87672,0.26149,246,1,0.85620,0.34562,1,0.91206,0.31302,1,0.88413,0.32932,1,0.39256,0.44085,23.69998,0.96854,1,0.65687,0.43016,26.56178,0.96854,1,-0.02713,0.01033,0.64382,0.00472,1,0.03768,0.01261,0.64933,0.00504,1,0,0.00000,27
0.84796,0.31103,103.87672,0.26817,246,1,0.82527,0.35066,1,0.89079,0.30387,1,0.85803,0.32726,1,0.39258,0.44096,23.43513,0.96151,1,0.65674,0.43014,26.37208,0.96794,1,-0.02713,0.01033,0.64382,0.00476,1,0.03768,0.01261,0.64933,0.00503,1,0,0.00000,27
0.84822,0.31136,103.87672,0.27480,246,1,0.84868,0.34705,1,0.86842,0.30246,1,0.85855,0.32476,1,0.39233,0.44080,23.55487,0.96092,1,0.65657,0.43012,26.30896,0.96735,1,-0.02713,0.01033,0.64382,0.00474,1,0.03768,0.01261,0.64933,0.00498,1,0,0.00000,27
0.84842,0.31174,103.87672,0.28156,246,1,0.84859,0.34752,1,0.86545,0.30796,1,0.85702,0.32774,1,0.39216,0.44080,23.65262,0.96032,1,0.65640,0.43015,26.54043,0.96032,1,-0.02701,0.01025,0.63864,0.00472,1,0.03638,0.01214,0.62762,0.00501,1,0,0.00000,27
0.84917,0.31212,103.87672,0.28796,246,1,0.85517,0.34977,1,0.90765,0.30749,1,0.88141,0.32863,1,0.39195,0.44089,23.63529,0.96032,1,0.65614,0.43013,26.53614,0.95389,1,-0.02701,0.01025,0.63864,0.00472,1,0.03638,0.01214,0.62762,0.00499,1,0,0.00000,27
0.84942,0.31260,103.87672,0.29498,246,1,0.83552,0.36493,1,0.88510,0.30238,1,0.86031,0.33365,1,0.39179,0.44085,23.58853,0.95389,1,0.65604,0.43007,26.42655,0.94746,1,-0.02701,0.01025,0.63864,0.00471,1,0.03638,0.01214,0.62762,0.00503,1,0,0.00000,27
0.84969,0.31299,103.87672,0.30164,246,1,0.83561,0.36447,1,0.88825,0.29677,1,0.86193,0.33062,1,0.39172,0.44090,23.56362,0.95448,1,0.65596,0.43001,26.34464,0.95448,1,-0.02811,0.01061,0.66120,0.00475,1,0.03659,0.01231,0.63382,0.00501,1,0,0.00000,27
0.84959,0.31343,103.87672,0.30855,246,1,0.81697,0.36922,1,0.87289,0.29816,1,0.84493,0.33369,1,0.39140,0.44088,23.46187,0.96151,1,0.65582,0.43004,26.32438,0.96794,1,-0.02811,0.01061,0.66120,0.00471,1,0.03659,0.01231,0.63382,0.00499,1,0,0.00000,27
0.84964,0.31358,103.87672,0.31541,246,1,0.83983,0.36610,1,0.86386,0.27479,1,0.85185,0.32044,1,0.39129,0.44095,23.67141,0.97497,1,0.65568,0.43000,26.22598,0.98140,1,-0.02811,0.01061,0.66120,0.00469,1,0.03659,0.01231,0.63382,0.00503,1,0,0.00000,27
0.84957,0.31293,103.87672,0.32152,246,1,0.84083,0.36123,1,0.86650,0.26965,1,0.85367,0.31544,1,0.39124,0.44100,23.52769,0.98140,1,0.65556,0.42999,26.20654,0.98783,1,-0.02740,0.01033,0.64349,0.00469,1,0.03673,0.01244,0.63781,0.00498,1,0,0.00000,27
0.85019,0.31233,103.87672,0.32827,246,1,0.84747,0.36450,1,0.90249,0.28251,1,0.87498,0.32350,1,0.39095,0.44098,23.63160,0.98081,1,0.65528,0.43000,26.56404,0.98081,1,-0.02740,0.01033,0.64349,0.00473,1,0.03673,0.01244,0.63781,0.00497,1,0,0.00000,27
0.85042,0.31157,103.87672,0.33479,246,1,0.83435,0.36612,1,0.89260,0.27660,1,0.86348,0.32136,1,0.39088,0.44102,23.62796,0.97378,1,0.65525,0.43001,26.43278,0.97378,1,-0.02740,0.01033,0.64349,0.00473,1,0.03673,0.01244,0.63781,0.00496,1,0,0.00000,27
0.85053,0.31108,103.87672,0.34188,246,1,0.83330,0.37144,1,0.88949,0.28223,1,0.86140,0.32683,1,0.39094,0.44104,23.35409,0.96676,1,0.65511,0.43000,26.41296,0.96676,1,-0.02766,0.01035,0.64505,0.00478,1,0.03647,0.01238,0.63491,0.00497,1,0,0.00000,27
0.85046,0.31218,103.87672,0.34821,246,1,0.81102,0.37953,1,0.87415,0.27759,1,0.84259,0.32856,1,0.39057,0.44107,23.49979,0.96676,1,0.65491,0.42988,25.93123,0.96676,1,-0.02766,0.01035,0.64505,0.00472,1,0.03647,0.01238,0.63491,0.00499,1,0,0.00000,27
0.85064,0.31343,103.87672,0.35529,246,1,0.83033,0.39182,1,0.85435,0.28635,1,0.84234,0.33909,1,0.39051,0.44109,23.50078,0.96676,1,0.65481,0.42992,26.22102,0.96676,1,-0.02766,0.01035,0.64505,0.00472,1,0.03647,0.01238,0.63491,0.00494,1,0,0.00000,27
0.85086,0.31463,103.87672,0.36172,246,1,0.83033,0.39182,1,0.85435,0.28635,1,0.84234,0.33909,1,0.39041,0.44120,23.59843,0.96676,1,0.65474,0.42990,26.22669,0.96676,1,-0.02766,0.01035,0.64505,0.00469,1,0.03711,0.01268,0.64789,0.00495,1,0,0.00000,27
0.85115,0.31524,103.87672,0.36821,246,1,0.83572,0.41067,1,0.90463,0.28042,1,0.87018,0.34554,1,0.39014,0.44136,23.50294,0.96676,1,0.65441,0.42998,26.45009,0.96676,1,-0.02766,0.01035,0.64505,0.00469,1,0.03711,0.01268,0.64789,0.00495,1,0,0.00000,27
0.85123,0.31558,103.87672,0.37511,246,1,0.81893,0.41768,1,0.89069,0.28455,1,0.85481,0.35112,1,0.39005,0.44148,23.50537,0.96676,1,0.65435,0.42995,26.39224,0.96676,1,-0.02766,0.01035,0.64505,0.00470,1,0.03711,0.01268,0.64789,0.00494,1,0,0.00000,27
0.85137,0.31575,103.87672,0.38160,246,1,0.81893,0.41768,1,0.89069,0.28455,1,0.85481,0.35112,1,0.38992,0.44148,23.60032,0.96676,1,0.65426,0.42996,26.15743,0.96676,1,-0.02763,0.01022,0.63981,0.00466,1,0.03645,0.01244,0.63803,0.00492,1,0,0.00000,27
0.85167,0.31550,103.87672,0.38831,246,1,0.82840,0.37174,1,0.85152,0.30528,1,0.83996,0.33851,1,0.38959,0.44164,23.51436,0.96676,1,0.65399,0.42993,26.20193,0.96676,1,-0.02763,0.01022,0.63981,0.00468,1,0.03645,0.01244,0.63803,0.00499,1,0,0.00000,27
0.85193,0.31536,103.87672,0.39506,246,1,0.81649,0.32015,1,0.86418,0.30478,1,0.84034,0.31247,1,0.38954,0.44172,23.28666,0.96676,1,0.65389,0.43002,26.00241,0.96676,1,-0.02763,0.01022,0.63981,0.00468,1,0.03645,0.01244,0.63803,0.00493,1,0,0.00000,27
0.85227,0.31508,103.87672,0.40157,246,1,0.81847,0.30807,1,0.87343,0.28752,1,0.84595,0.29780,1,0.38962,0.44162,22.64292,0.98169,1,0.65367,0.43014,26.29142,0.98888,1,-0.02963,0.01077,0.68365,0.00475,1,0.03741,0.01272,0.65744,0.00492,1,0,0.00000,27
0.85253,0.31491,103.87672,0.40856,246,1,0.81505,0.31950,1,0.90054,0.26635,1,0.85779,0.29293,1,0.38918,0.44194,23.13676,1.00381,1,0.65348,0.43018,26.26951,1.01100,1,-0.02963,0.01077,0.68365,0.00467,1,0.03741,0.01272,0.65744,0.00494,1,0,0.00000,27
0.85318,0.31516,103.87672,0.41509,246,1,0.84634,0.30382,1,0.88942,0.25808,1,0.86788,0.28095,1,0.38921,0.44194,22.84623,1.02593,1,0.65347,0.43019,26.00082,1.03312,1,-0.02963,0.01077,0.68365,0.00468,1,0.03741,0.01272,0.65744,0.00497,1,0,0.00000,27
0.85385,0.31529,103.87672,0.42154,246,1,0.84744,0.29819,1,0.88942,0.25808,1,0.86843,0.27813,1,0.38886,0.44185,23.31437,1.03312,1,0.65329,0.43024,25.84828,1.03312,1,-0.02796,0.01013,0.64293,0.00466,1,0.03647,0.01245,0.64341,0.00493,1,0,0.00000,27
0.85473,0.31527,103.87672,0.42859,246,1,0.84620,0.34289,1,0.91089,0.22922,1,0.87854,0.28605,1,0.38863,0.44209,23.18978,1.01818,1,0.65293,0.43013,26.16458,1.01100,1,-0.02796,0.01013,0.64293,0.00468,1,0.03647,0.01245,0.64341,0.00493,1,0,0.00000,27
0.85521,0.31561,103.87672,0.43542,246,1,0.82807,0.37202,1,0.90336,0.24592,1,0.86571,0.30897,1,0.38859,0.44193,22.63051,0.99606,1,0.65278,0.43021,26.29908,0.98888,1,-0.02796,0.01013,0.64293,0.00469,1,0.03647,0.01245,0.64341,0.00493,1,0,0.00000,27
0.85556,0.31636,103.87672,0.44209,246,1,0.82496,0.38821,1,0.89351,0.26401,1,0.85924,0.32611,1,0.38840,0.44221,23.14070,0.97394,1,0.65269,0.43024,25.94852,0.96676,1,-0.02794,0.01005,0.63805,0.00467,1,0.03635,0.01244,0.64296,0.00495,1,0,0.00000,27
0.85567,0.31774,103.87672,0.44929,246,1,0.82507,0.41482,1,0.83557,0.29451,1,0.83032,0.35466,1,0.38805,0.44227,23.09707,0.96676,1,0.65243,0.43035,25.99776,0.96676,1,-0.02794,0.01005,0.63805,0.00464,1,0.03635,0.01244,0.64296,0.00492,1,0,0.00000,27
0.85587,0.31909,103.87672,0.45557,246,1,0.84791,0.41851,1,0.83025,0.29596,1,0.83908,0.35723,1,0.38796,0.44213,22.96897,0.96676,1,0.65238,0.43041,25.99352,0.96676,1,-0.02794,0.01005,0.63805,0.00463,1,0.03635,0.01244,0.64296,0.00494,1,0,0.00000,27
0.85615,0.32020,103.87672,0.46198,246,1,0.84906,0.41353,1,0.83295,0.29039,1,0.84101,0.35196,1,0.38787,0.44221,23.02187,0.97378,1,0.65216,0.43045,26.13878,0.97378,1,-0.02964,0.01064,0.67579,0.00461,1,0.03609,0.01238,0.64004,0.00491,1,0,0.00000,27
0.85645,0.32091,103.87672,0.46847,246,1,0.82128,0.40216,1,0.88843,0.27034,1,0.85485,0.33625,1,0.38753,0.44239,23.10469,0.98081,1,0.65195,0.43043,25.99898,0.98081,1,-0.02964,0.01064,0.67579,0.00462,1,0.03609,0.01238,0.64004,0.00491,1,0,0.00000,27
0.85716,0.32131,103.87672,0.47540,246,1,0.83691,0.39693,1,0.87159,0.27299,1,0.85425,0.33496,1,0.38737,0.44238,23.05370,0.98783,1,0.65187,0.43041,25.93839,0.98783,1,-0.02964,0.01064,0.67579,0.00464,1,0.03609,0.01238,0.64004,0.00492,1,0,0.00000,27
0.85784,0.32177,103.87672,0.48186,246,1,0.83691,0.39693,1,0.87159,0.27299,1,0.85425,0.33496,1,0.38731,0.44224,22.82392,0.98783,1,0.65167,0.43050,26.05964,0.98783,1,-0.02802,0.00996,0.63552,0.00464,1,0.03584,0.01237,0.63907,0.00492,1,0,0.00000,27
0.85838,0.32308,103.87672,0.48879,246,1,0.84531,0.41979,1,0.83327,0.30036,1,0.83929,0.36007,1,0.38707,0.44237,22.95418,0.98081,1,0.65150,0.43047,25.92750,0.98081,1,-0.02802,0.00996,0.63552,0.00464,1,0.03584,0.01237,0.63907,0.00494,1,0,0.00000,27
0.85873,0.32451,103.87672,0.49680,246,1,0.81613,0.42167,1,0.88866,0.29057,1,0.85240,0.35612,1,0.38691,0.44251,23.17418,0.97378,1,0.65136,0.43049,25.90192,0.97378,1,-0.02802,0.00996,0.63552,0.00460,1,0.03584,0.01237,0.63907,0.00489,1,0,0.00000,27
0.85904,0.32610,103.87672,0.50220,246,1,0.81520,0.42655,1,0.88557,0.29610,1,0.85039,0.36133,1,0.38649,0.44246,23.28462,0.96676,1,0.65100,0.43048,26.31050,0.96676,1,-0.02867,0.01013,0.64596,0.00468,1,0.03564,0.01236,0.63890,0.00491,1,0,0.00000,27
0.85686,0.32643,103.87672,0.51005,246,1,0.72743,0.40557,1,0.82790,0.27894,1,0.77767,0.34226,1,0.38491,0.44277,24.38273,0.96676,1,0.65002,0.43035,25.95202,0.96676,1,-0.02867,0.01013,0.64596,0.00460,1,0.03564,0.01236,0.63890,0.00491,1,0,0.00000,27
0.83355,0.34362,103.87672,0.51005,246,0,0.71512,0.36438,1,0.78455,0.25069,1,0.74984,0.30753,1,0.38436,0.44286,24.06406,0.96676,1,0.64935,0.43024,25.84685,0.96676,1,-0.02867,0.01013,0.64596,0.00456,1,0.03564,0.01236,0.63890,0.00488,1,0,0.00000,27
0.79230,0.32406,103.87672,0.51005,246,0,0.71512,0.36438,1,0.78699,0.24464,1,0.75106,0.30451,1,0.38360,0.44289,23.99354,0.96676,1,0.64856,0.43014,25.99873,0.97394,1,-0.02849,0.00988,0.63338,0.00456,1,0.03677,0.01288,0.66545,0.00490,1,0,0.00000,27
0.77930,0.30547,103.87672,0.51005,246,0,0.73048,0.31700,1,0.77612,0.21957,1,0.75330,0.26828,1,0.38317,0.44302,24.00523,0.97394,1,0.64805,0.43004,26.18648,0.98113,1,-0.02849,0.00988,0.63338,0.00455,1,0.03677,0.01288,0.66545,0.00489,1,0,0.00000,27
0.77559,0.31408,104.39283,0.01956,247,1,0.72871,0.41471,1,0.80022,0.26509,1,0.76447,0.33990,1,0.38320,0.44293,24.22559,0.98113,1,0.64795,0.42981,25.53687,0.98832,1,-0.02849,0.00988,0.63338,0.00455,1,0.03677,0.01288,0.66545,0.00497,1,0,0.00000,27
0.77393,0.31712,104.39283,0.02670,247,1,0.72937,0.40500,1,0.80515,0.25361,1,0.76726,0.32931,1,0.38299,0.44290,24.07432,0.99535,1,0.64765,0.42998,26.25818,1.00254,1,-0.02997,0.01034,0.66292,0.00453,1,0.03635,0.01291,0.65956,0.00494,1,0,0.00000,27
0.76968,0.31727,104.39283,0.03320,247,1,0.72675,0.39476,1,0.77019,0.24126,1,0.74847,0.31801,1,0.38273,0.44286,24.17357,1.00957,1,0.64739,0.42967,25.91892,1.00957,1,-0.02997,0.01034,0.66292,0.00452,1,0.03635,0.01291,0.65956,0.00490,1,0,0.00000,27
0.77110,0.31905,104.39283,0.03967,247,1,0.73926,0.37843,1,0.81993,0.28101,1,0.77959,0.32972,1,0.38251,0.44286,24.22285,1.01659,1,0.64725,0.42963,25.70961,1.01659,1,-0.02997,0.01034,0.66292,0.00452,1,0.03635,0.01291,0.65956,0.00490,1,0,0.00000,27
0.77216,0.32038,104.39283,0.04613,247,1,0.73926,0.37843,1,0.81993,0.28101,1,0.77959,0.32972,1,0.38230,0.44279,23.98309,1.01659,1,0.64704,0.42967,25.81632,1.01659,1,-0.02891,0.00993,0.63636,0.00451,1,0.03634,0.01298,0.66303,0.00488,1,0,0.00000,27
0.76829,0.31745,104.39283,0.05324,247,1,0.69834,0.32827,1,0.77633,0.25962,1,0.73733,0.29394,1,0.38196,0.44284,24.13195,1.00957,1,0.64666,0.42958,25.79440,1.00957,1,-0.02891,0.00993,0.63636,0.00452,1,0.03634,0.01298,0.66303,0.00489,1,0,0.00000,27
0.76616,0.31931,104.39283,0.05975,247,1,0.74182,0.40112,1,0.75207,0.27110,1,0.74695,0.33611,1,0.38179,0.44285,24.12071,1.00254,1,0.64656,0.42948,25.74859,1.00254,1,-0.02891,0.00993,0.63636,0.00453,1,0.03634,0.01298,0.66303,0.00487,1,0,0.00000,27
0.76431,0.32110,104.39283,0.06653,247,1,0.74182,0.40112,1,0.74994,0.27681,1,0.74588,0.33896,1,0.38160,0.44281,24.25734,1.00254,1,0.64622,0.42946,25.83727,0.99535,1,-0.03027,0.01034,0.66281,0.00453,1,0.03488,0.01256,0.63903,0.00489,1,0,0.00000,27
0.76253,0.31851,104.39283,0.07392,247,1,0.70139,0.33282,1,0.78450,0.24718,1,0.74295,0.29000,1,0.38119,0.44280,24.27157,1.00238,1,0.64598,0.42937,25.95589,0.99519,1,-0.03027,0.01034,0.66281,0.00453,1,0.03488,0.01256,0.63903,0.00486,1,0,0.00000,27
0.76067,0.31601,104.39283,0.08004,247,1,0.71839,0.33227,1,0.75815,0.23991,1,0.73827,0.28609,1,0.38110,0.44283,24.05830,1.00221,1,0.64583,0.42937,25.74136,0.99502,1,-0.03027,0.01034,0.66281,0.00454,1,0.03488,0.01256,0.63903,0.00491,1,0,0.00000,27
0.75906,0.31389,104.39283,0.08723,247,1,0.71838,0.33239,1,0.75810,0.24005,1,0.73824,0.28622,1,0.38087,0.44283,24.22671,1.00205,1,0.64569,0.42934,25.61101,0.99486,1,-0.03071,0.01037,0.66816,0.00453,1,0.03469,0.01256,0.63912,0.00493,1,0,0.00000,27
0.75864,0.31162,104.39283,0.09484,247,1,0.70855,0.32929,1,0.79680,0.23052,1,0.75268,0.27991,1,0.38053,0.44284,24.13253,0.99486,1,0.64537,0.42924,25.86053,0.99486,1,-0.03071,0.01037,0.66816,0.00452,1,0.03469,0.01256,0.63912,0.00486,1,0,0.00000,27
0.75728,0.30945,104.39283,0.10125,247,1,0.70067,0.33651,1,0.77327,0.21744,1,0.73697,0.27697,1,0.38041,0.44280,24.18834,0.99486,1,0.64528,0.42914,25.73981,0.99486,1,-0.03071,0.01037,0.66816,0.00453,1,0.03469,0.01256,0.63912,0.00486,1,0,0.00000,26
0.75602,0.30787,104.39283,0.10727,247,1,0.70055,0.34176,1,0.77104,0.22341,1,0.73579,0.28259,1,0.38033,0.44278,24.11494,0.98783,1,0.64502,0.42917,25.99286,0.98783,1,-0.02975,0.01005,0.64419,0.00451,1,0.03410,0.01241,0.63159,0.00494,1,0,0.00000,26
0.75415,0.30857,104.39283,0.11394,247,1,0.70541,0.40723,1,0.73930,0.23366,1,0.72236,0.32045,1,0.38005,0.44273,24.24387,0.98081,1,0.64477,0.42910,25.89075,0.98081,1,-0.02975,0.01005,0.64419,0.00455,1,0.03410,0.01241,0.63159,0.00488,1,0,0.00000,26
0.75438,0.30913,104.39283,0.12064,247,1,0.72131,0.41734,1,0.79583,0.22100,1,0.75857,0.31917,1,0.37993,0.44268,24.10743,0.97378,1,0.64470,0.42903,26.01479,0.97378,1,-0.02975,0.01005,0.64419,0.00455,1,0.03410,0.01241,0.63159,0.00491,1,0,0.00000,26
0.75465,0.30948,104.39283,0.12727,247,1,0.72131,0.41734,1,0.79832,0.21479,1,0.75981,0.31607,1,0.37976,0.44276,24.00529,0.97378,1,0.64458,0.42904,25.79888,0.98097,1,-0.03064,0.01035,0.66026,0.00452,1,0.03618,0.01324,0.67118,0.00498,1,0,0.00000,26
0.75387,0.30900,104.39283,0.13403,247,1,0.70185,0.33219,1,0.77447,0.26684,1,0.73816,0.29952,1,0.37962,0.44277,24.13449,0.98800,1,0.64433,0.42893,25.93737,0.99519,1,-0.03064,0.01035,0.66026,0.00452,1,0.03618,0.01324,0.67118,0.00493,1,0,0.00000,26
0.75284,0.30904,104.39283,0.14075,247,1,0.69209,0.37733,1,0.77034,0.24242,1,0.73121,0.30987,1,0.37956,0.44273,24.16324,1.00221,1,0.64429,0.42876,25.93723,1.00940,1,-0.03064,0.01035,0.66026,0.00449,1,0.03618,0.01324,0.67118,0.00493,1,0,0.00000,26
0.75186,0.30908,104.39283,0.14751,247,1,0.69216,0.37230,1,0.76833,0.24766,1,0.73025,0.30998,1,0.37945,0.44269,24.04807,1.00940,1,0.64422,0.42865,25.85205,1.00297,1,-0.03009,0.01015,0.64735,0.00450,1,0.03331,0.01232,0.61964,0.00493,1,0,0.00000,26
0.75088,0.30910,104.39283,0.15406,247,1,0.70393,0.37615,1,0.75305,0.24262,1,0.72849,0.30939,1,0.37928,0.44256,23.97646,0.99594,1,0.64406,0.42883,25.87480,0.98232,1,-0.03009,0.01015,0.64735,0.00452,1,0.03331,0.01232,0.61964,0.00485,1,0,0.00000,26
0.74952,0.30999,104.39283,0.16068,247,1,0.69710,0.40119,1,0.73636,0.26187,1,0.71673,0.33153,1,0.37924,0.44253,24.00567,0.97530,1,0.64409,0.42877,25.54335,0.96167,1,-0.03009,0.01015,0.64735,0.00450,1,0.03331,0.01232,0.61964,0.00494,1,0,0.00000,26
0.74817,0.31133,104.39283,0.16737,247,1,0.69678,0.41554,1,0.73218,0.27379,1,0.71448,0.34467,1,0.37917,0.44259,24.05810,0.95465,1,0.64411,0.42877,25.43620,0.94746,1,-0.02989,0.01013,0.64308,0.00451,1,0.03434,0.01271,0.63967,0.00498,1,0,0.00000,26
0.74763,0.31214,104.39283,0.17376,247,1,0.71551,0.39677,1,0.75155,0.26991,1,0.73353,0.33334,1,0.37915,0.44255,23.93829,0.94746,1,0.64387,0.42863,25.80481,0.95389,1,-0.02989,0.01013,0.64308,0.00454,1,0.03434,0.01271,0.63967,0.00487,1,0,0.00000,26
0.74764,0.31219,104.39283,0.18044,247,1,0.71377,0.39085,1,0.78235,0.23621,1,0.74806,0.31353,1,0.37898,0.44253,23.92581,0.95389,1,0.64382,0.42860,25.85937,0.96032,1,-0.02989,0.01013,0.64308,0.00448,1,0.03434,0.01271,0.63967,0.00489,1,0,0.00000,26
0.74779,0.31165,104.39283,0.18732,247,1,0.71446,0.37537,1,0.78958,0.21782,1,0.75202,0.29659,1,0.37891,0.44249,23.81267,0.97525,1,0.64381,0.42863,25.95374,0.98169,1,-0.03168,0.01070,0.67935,0.00451,1,0.03434,0.01271,0.63967,0.00489,1,0,0.00000,26
0.74783,0.31168,104.39283,0.19431,247,1,0.70697,0.35192,1,0.79061,0.27317,1,0.74879,0.31254,1,0.37885,0.44249,23.94760,0.99662,1,0.64364,0.42863,26.10868,0.99662,1,-0.03168,0.01070,0.67935,0.00450,1,0.03434,0.01271,0.63967,0.00491,1,0,0.00000,26
0.74793,0.31160,104.39283,0.20097,247,1,0.70938,0.35165,1,0.79278,0.26627,1,0.75108,0.30896,1,0.37883,0.44254,23.95753,1.01155,1,0.64363,0.42863,26.10000,1.01155,1,-0.03168,0.01070,0.67935,0.00452,1,0.03434,0.01271,0.63967,0.00492,1,0,0.00000,26
0.74811,0.31126,104.39283,0.20771,247,1,0.70956,0.34658,1,0.79750,0.25507,1,0.75353,0.30083,1,0.37876,0.44256,23.91522,1.01857,1,0.64361,0.42862,26.10608,1.02576,1,-0.03068,0.01034,0.65669,0.00453,1,0.03549,0.01321,0.66205,0.00491,1,0,0.00000,26
0.74802,0.31001,104.39283,0.21532,247,1,0.69998,0.34531,1,0.79061,0.19462,1,0.74529,0.26996,1,0.37867,0.44248,24.17017,1.01786,1,0.64358,0.42863,26.03349,1.02505,1,-0.03068,0.01034,0.65669,0.00454,1,0.03549,0.01321,0.66205,0.00492,1,0,0.00000,26
0.74774,0.30900,104.39283,0.22108,247,1,0.69471,0.34849,1,0.78218,0.20314,1,0.73844,0.27582,1,0.37866,0.44252,24.08481,1.01714,1,0.64356,0.42864,25.97836,1.02433,1,-0.03068,0.01034,0.65669,0.00454,1,0.03549,0.01321,0.66205,0.00492,1,0,0.00000,26
0.74747,0.30807,104.39283,0.22772,247,1,0.69470,0.34901,1,0.78195,0.20374,1,0.73832,0.27637,1,0.37866,0.44252,24.08481,1.01643,1,0.64355,0.42866,25.91619,1.02362,1,-0.03068,0.01034,0.65669,0.00454,1,0.03549,0.01321,0.66205,0.00493,1,0,0.00000,26
0.74707,0.30741,104.39283,0.23418,247,1,0.68867,0.35122,1,0.77749,0.21707,1,0.73308,0.28415,1,0.37868,0.44256,23.96798,1.02362,1,0.64353,0.42869,25.83739,1.02362,1,-0.03068,0.01034,0.65669,0.00454,1,0.03549,0.01321,0.66205,0.00493,1,0,0.00000,26
0.74680,0.30700,104.39283,0.24090,247,1,0.68987,0.36285,1,0.78408,0.22180,1,0.73697,0.29233,1,0.37866,0.44252,24.07639,1.02362,1,0.64355,0.42868,25.89005,1.02362,1,-0.03068,0.01034,0.65669,0.00453,1,0.03549,0.01321,0.66205,0.00493,1,0,0.00000,26
0.74654,0.30661,104.39283,0.24745,247,1,0.68987,0.36285,1,0.78408,0.22180,1,0.73697,0.29233,1,0.37864,0.44257,23.89647,1.02362,1,0.64351,0.42883,26.08070,1.02362,1,-0.03068,0.01034,0.65669,0.00454,1,0.03618,0.01341,0.67477,0.00493,1,0,0.00000,26
0.74620,0.30644,104.39283,0.25420,247,1,0.68797,0.36323,1,0.77864,0.23688,1,0.73331,0.30006,1,0.37864,0.44268,23.93915,1.02362,1,0.64352,0.42884,26.06136,1.02362,1,-0.03068,0.01034,0.65669,0.00455,1,0.03618,0.01341,0.67477,0.00496,1,0,0.00000,26
0.74592,0.30623,104.39283,0.26236,247,1,0.68751,0.36377,1,0.78215,0.23193,1,0.73483,0.29785,1,0.37867,0.44266,23.89204,1.02362,1,0.64354,0.42890,25.89441,1.02362,1,-0.03068,0.01034,0.65669,0.00454,1,0.03618,0.01341,0.67477,0.00498,1,0,0.00000,26
0.74565,0.30602,104.39283,0.26823,247,1,0.68751,0.36377,1,0.78215,0.23193,1,0.73483,0.29785,1,0.37869,0.44272,24.02938,1.02362,1,0.64356,0.42889,25.96376,1.02362,1,-0.03068,0.01029,0.65670,0.00453,1,0.03618,0.01341,0.67477,0.00498,1,0,0.00000,26
0.74558,0.30606,104.39283,0.27477,247,1,0.69284,0.36658,1,0.79256,0.24817,1,0.74270,0.30737,1,0.37865,0.44280,24.23079,1.02362,1,0.64354,0.42881,26.28423,1.02362,1,-0.03068,0.01029,0.65670,0.00454,1,0.03618,0.01341,0.67477,0.00503,1,0,0.00000,26
0.74542,0.30604,104.39283,0.28178,247,1,0.68910,0.36689,1,0.78896,0.24357,1,0.73903,0.30523,1,0.37875,0.44274,24.08381,1.02362,1,0.64356,0.42895,26.08510,1.02362,1,-0.03068,0.01029,0.65670,0.00452,1,0.03618,0.01341,0.67477,0.00498,1,0,0.00000,26
0.74531,0.30588,104.39283,0.28806,247,1,0.68915,0.36140,1,0.79153,0.23724,1,0.74034,0.29932,1,0.37872,0.44279,24.11108,1.03152,1,0.64352,0.42898,26.01008,1.03152,1,-0.03168,0.01070,0.67935,0.00454,1,0.03618,0.01341,0.67477,0.00498,1,0,0.00000,26
0.74543,0.30579,104.39283,0.29481,247,1,0.70115,0.36629,1,0.80027,0.23694,1,0.75071,0.30161,1,0.37878,0.44277,24.08904,1.03943,1,0.64364,0.42884,26.13283,1.03943,1,-0.03168,0.01070,0.67935,0.00452,1,0.03618,0.01341,0.67477,0.00505,1,0,0.00000,26
0.74533,0.30517,104.39283,0.30126,247,1,0.70007,0.37214,1,0.78169,0.18283,1,0.74088,0.27749,1,0.37909,0.44282,24.21951,1.04733,1,0.64402,0.42900,26.06215,1.04733,1,-0.03168,0.01070,0.67935,0.00457,1,0.03618,0.01341,0.67477,0.00501,1,0,0.00000,26
0.74523,0.30459,104.39283,0.30832,247,1,0.70007,0.37214,1,0.78169,0.18283,1,0.74088,0.27749,1,0.37943,0.44283,24.23718,1.04733,1,0.64440,0.42904,25.95074,1.04733,1,-0.03043,0.01028,0.65568,0.00455,1,0.03618,0.01319,0.67118,0.00497,1,0,0.00000,26
0.74633,0.30407,104.39283,0.31502,247,1,0.76153,0.38002,1,0.83406,0.17963,1,0.79780,0.27982,1,0.38071,0.44253,23.62178,1.03943,1,0.64549,0.42919,25.83984,1.03943,1,-0.03043,0.01028,0.65568,0.00459,1,0.03618,0.01319,0.67118,0.00504,1,0,0.00000,26
0.74601,0.30273,104.39283,0.32198,247,1,0.77808,0.37016,1,0.85851,0.18869,1,0.81829,0.27943,1,0.38108,0.44255,23.17233,1.03152,1,0.64561,0.42913,26.34301,1.03152,1,-0.03043,0.01028,0.65568,0.00464,1,0.03618,0.01319,0.67118,0.00499,1,0,0.00000,26
0.74731,0.30251,104.39283,0.32823,247,1,0.77674,0.38062,1,0.85001,0.20729,1,0.81338,0.29396,1,0.38132,0.44272,24.07704,1.01659,1,0.64592,0.42920,26.29829,1.00940,1,-0.02930,0.01002,0.63645,0.00455,1,0.03471,0.01260,0.64113,0.00499,1,0,0.00000,26
0.74880,0.30362,104.39283,0.33509,247,1,0.80940,0.41516,1,0.84020,0.22801,1,0.82480,0.32158,1,0.38179,0.44253,23.47461,1.00238,1,0.64628,0.42921,26.20727,0.99519,1,-0.02930,0.01002,0.63645,0.00469,1,0.03471,0.01260,0.64113,0.00501,1,0,0.00000,26
0.74953,0.30346,104.39283,0.34170,247,1,0.76451,0.41485,1,0.83426,0.24946,1,0.79938,0.33215,1,0.38179,0.44259,23.48634,0.98816,1,0.64618,0.42922,26.41363,0.98097,1,-0.02930,0.01002,0.63645,0.00465,1,0.03471,0.01260,0.64113,0.00503,1,0,0.00000,26
0.77536,0.30153,104.39283,0.34170,247,0,0.76336,0.42456,1,0.82883,0.26121,1,0.79610,0.34288,1,0.38164,0.44280,24.15856,0.97395,1,0.64625,0.42921,25.92815,0.96676,1,-0.02910,0.00994,0.63419,0.00457,1,0.03448,0.01253,0.63523,0.00504,1,0,0.00000,26
0.79608,0.31725,104.39283,0.34170,247,0,0.78537,0.41872,1,0.84823,0.24723,1,0.81680,0.33297,1,0.38196,0.44245,23.32610,0.96676,1,0.64641,0.42907,26.08053,0.96676,1,-0.02910,0.00994,0.63419,0.00467,1,0.03448,0.01253,0.63523,0.00505,1,0,0.00000,26
0.79480,0.32449,104.39283,0.34170,247,0,0.76219,0.41491,1,0.82231,0.26304,1,0.79225,0.33898,1,0.38197,0.44244,23.36037,0.96676,1,0.64635,0.42914,26.39537,0.96676,1,-0.02910,0.00994,0.63419,0.00466,1,0.03448,0.01253,0.63523,0.00502,1,0,0.00000,26
0.79490,0.32603,104.74115,0.01976,248,1,0.76275,0.41001,1,0.82766,0.25131,1,0.79520,0.33066,1,0.38191,0.44285,24.23669,0.97378,1,0.64638,0.42910,26.70431,0.98097,1,-0.03036,0.01044,0.66259,0.00458,1,0.03630,0.01317,0.66771,0.00497,1,0,0.00000,26
0.79760,0.32940,104.74115,0.02667,248,1,0.77379,0.40250,1,0.84303,0.28324,1,0.80841,0.34287,1,0.38228,0.44249,23.38441,0.98800,1,0.64654,0.42916,26.58825,0.99519,1,-0.03036,0.01044,0.66259,0.00464,1,0.03630,0.01317,0.66771,0.00498,1,0,0.00000,26
0.80185,0.33034,104.74115,0.03330,248,1,0.78423,0.39355,1,0.86191,0.27655,1,0.82307,0.33505,1,0.38234,0.44251,23.57882,1.00221,1,0.64659,0.42918,26.47803,1.00940,1,-0.03036,0.01044,0.66259,0.00457,1,0.03630,0.01317,0.66771,0.00500,1,0,0.00000,26
0.80518,0.32992,104.74115,0.03978,248,1,0.78562,0.38362,1,0.86470,0.27111,1,0.82516,0.32736,1,0.38214,0.44272,24.30457,1.01643,1,0.64668,0.42915,26.30336,1.01643,1,-0.03027,0.01044,0.66281,0.00458,1,0.03465,0.01252,0.63476,0.00502,1,0,0.00000,26
0.80691,0.33042,104.74115,0.04613,248,1,0.76267,0.38326,1,0.87544,0.28463,1,0.81905,0.33394,1,0.38246,0.44244,23.43013,1.01643,1,0.64698,0.42903,26.01652,1.00924,1,-0.03027,0.01044,0.66281,0.00458,1,0.03465,0.01252,0.63476,0.00505,1,0,0.00000,26
0.80633,0.32981,104.74115,0.05453,248,1,0.77857,0.38118,1,0.82468,0.26866,1,0.80163,0.32492,1,0.38268,0.44248,23.41520,1.00924,1,0.64713,0.42907,26.10699,1.00205,1,-0.03027,0.01044,0.66281,0.00464,1,0.03465,0.01252,0.63476,0.00506,1,0,0.00000,26
0.80569,0.32986,104.74115,0.06000,248,1,0.77791,0.38625,1,0.82205,0.27435,1,0.79998,0.33030,1,0.38243,0.44282,24.33761,1.00205,1,0.64719,0.42908,26.16117,0.99486,1,-0.02993,0.01036,0.65757,0.00457,1,0.03465,0.01252,0.63476,0.00503,1,0,0.00000,26
0.80525,0.32832,104.74115,0.06627,248,1,0.76301,0.39558,1,0.83869,0.23023,1,0.80085,0.31291,1,0.38310,0.44250,22.95322,0.99486,1,0.64721,0.42914,26.61538,0.99486,1,-0.02993,0.01036,0.65757,0.00461,1,0.03465,0.01252,0.63476,0.00502,1,0,0.00000,26
0.80561,0.32703,104.74115,0.07341,248,1,0.77551,0.39368,1,0.84370,0.23207,1,0.80961,0.31287,1,0.38302,0.44250,23.33524,0.99486,1,0.64734,0.42919,26.54240,0.99486,1,-0.02993,0.01036,0.65757,0.00459,1,0.03465,0.01252,0.63476,0.00501,1,0,0.00000,26
0.80592,0.32594,104.74115,0.08004,248,1,0.77551,0.39368,1,0.84370,0.23207,1,0.80961,0.31287,1,0.38278,0.44278,24.28818,0.99486,1,0.64746,0.42930,26.47568,0.99486,1,-0.03052,0.01059,0.67270,0.00459,1,0.03443,0.01238,0.62742,0.00501,1,0,0.00000,26
0.80663,0.32517,104.74115,0.08691,248,1,0.79233,0.40143,1,0.83931,0.22893,1,0.81582,0.31518,1,0.38302,0.44269,24.23605,0.99486,1,0.64781,0.42917,26.13123,0.99486,1,-0.03052,0.01059,0.67270,0.00455,1,0.03443,0.01238,0.62742,0.00505,1,0,0.00000,26
0.80577,0.32495,104.74115,0.09345,248,1,0.76598,0.40608,1,0.82157,0.23752,1,0.79378,0.32180,1,0.38333,0.44252,23.30928,0.99486,1,0.64798,0.42913,25.82320,0.99486,1,-0.03052,0.01059,0.67270,0.00458,1,0.03443,0.01238,0.62742,0.00504,1,0,0.00000,26
0.80502,0.32475,104.74115,0.10049,248,1,0.76598,0.40608,1,0.82157,0.23752,1,0.79378,0.32180,1,0.38324,0.44276,24.36817,0.99486,1,0.64804,0.42929,26.35307,0.99486,1,-0.02997,0.01044,0.66292,0.00455,1,0.03537,0.01266,0.64438,0.00499,1,0,0.00000,26
0.80408,0.32407,104.74115,0.10703,248,1,0.77047,0.37997,1,0.80752,0.24631,1,0.78900,0.31314,1,0.38381,0.44247,23.30910,0.99486,1,0.64812,0.42939,26.52127,0.99486,1,-0.02997,0.01044,0.66292,0.00460,1,0.03537,0.01266,0.64438,0.00505,1,0,0.00000,26
0.80379,0.32414,104.74115,0.11359,248,1,0.77037,0.38682,1,0.82724,0.26392,1,0.79880,0.32537,1,0.38387,0.44247,23.37018,0.99486,1,0.64820,0.42943,26.45901,0.99486,1,-0.02997,0.01044,0.66292,0.00461,1,0.03537,0.01266,0.64438,0.00506,1,0,0.00000,26
0.80344,0.32448,104.74115,0.11980,248,1,0.76977,0.39180,1,0.82463,0.26955,1,0.79720,0.33068,1,0.38376,0.44265,24.23851,0.98783,1,0.64841,0.42943,26.57282,0.98783,1,-0.02849,0.00998,0.63338,0.00455,1,0.03540,0.01260,0.64140,0.00508,1,0,0.00000,26
0.80268,0.32548,104.74115,0.12709,248,1,0.76625,0.40895,1,0.81035,0.27994,1,0.78830,0.34444,1,0.38403,0.44239,23.62802,0.98081,1,0.64878,0.42946,26.00460,0.98081,1,-0.02849,0.00998,0.63338,0.00457,1,0.03540,0.01260,0.64140,0.00506,1,0,0.00000,26
0.80106,0.32635,104.74115,0.13354,248,1,0.74773,0.39249,1,0.78969,0.29507,1,0.76871,0.34378,1,0.38425,0.44242,23.52558,0.97378,1,0.64885,0.42945,26.29997,0.97378,1,-0.02849,0.00998,0.63338,0.00462,1,0.03540,0.01260,0.64140,0.00504,1,0,0.00000,26
0.79965,0.32702,104.74115,0.14012,248,1,0.74773,0.39249,1,0.79215,0.28939,1,0.76994,0.34094,1,0.38413,0.44271,24.36234,0.97378,1,0.64895,0.42945,26.33742,0.98097,1,-0.02952,0.01035,0.65737,0.00457,1,0.03707,0.01315,0.66904,0.00502,1,0,0.00000,26
0.79961,0.32789,104.74115,0.14706,248,1,0.77481,0.39598,1,0.82274,0.29833,1,0.79878,0.34715,1,0.38461,0.44235,23.45978,0.98800,1,0.64919,0.42963,26.70914,0.99519,1,-0.02952,0.01035,0.65737,0.00459,1,0.03707,0.01315,0.66904,0.00507,1,0,0.00000,26
0.79948,0.32828,104.74115,0.15364,248,1,0.78514,0.38807,1,0.80789,0.28624,1,0.79651,0.33716,1,0.38471,0.44235,23.52937,1.00221,1,0.64925,0.42967,26.72902,1.00940,1,-0.02952,0.01035,0.65737,0.00455,1,0.03707,0.01315,0.66904,0.00502,1,0,0.00000,26
0.79938,0.32853,104.74115,0.16080,248,1,0.78585,0.38301,1,0.80789,0.28624,1,0.79687,0.33463,1,0.38456,0.44260,24.10966,1.00940,1,0.64927,0.42972,26.72204,1.00940,1,-0.02886,0.01017,0.64575,0.00455,1,0.03644,0.01286,0.65672,0.00506,1,0,0.00000,26
0.79832,0.32902,104.74115,0.16744,248,1,0.74381,0.37252,1,0.79994,0.30985,1,0.77188,0.34119,1,0.38472,0.44267,24.33190,1.00238,1,0.64968,0.42976,26.21349,0.99519,1,-0.02886,0.01017,0.64575,0.00461,1,0.03644,0.01286,0.65672,0.00509,1,0,0.00000,26
0.79748,0.33000,104.74115,0.17380,248,1,0.75331,0.38894,1,0.79815,0.32186,1,0.77573,0.35540,1,0.38512,0.44208,23.15341,0.98816,1,0.64973,0.42973,26.38954,0.98097,1,-0.02886,0.01017,0.64575,0.00461,1,0.03644,0.01286,0.65672,0.00507,1,0,0.00000,26
0.79660,0.33128,104.74115,0.18008,248,1,0.75232,0.39900,1,0.79318,0.33264,1,0.77275,0.36582,1,0.38493,0.44267,24.32462,0.97395,1,0.64990,0.42974,26.28881,0.96676,1,-0.02843,0.01005,0.63828,0.00457,1,0.03607,0.01266,0.64655,0.00513,1,0,0.00000,26
0.79635,0.33250,104.74115,0.18681,248,1,0.76138,0.39638,1,0.81755,0.33742,1,0.78946,0.36690,1,0.38510,0.44263,24.31477,0.96676,1,0.64995,0.42979,26.40797,0.96676,1,-0.02843,0.01005,0.63828,0.00458,1,0.03607,0.01266,0.64655,0.00501,1,0,0.00000,26
0.79583,0.33340,104.74115,0.19621,248,1,0.77308,0.39696,1,0.78801,0.32205,1,0.78054,0.35951,1,0.38550,0.44247,23.41873,0.96676,1,0.64999,0.42973,26.54391,0.96676,1,-0.02843,0.01005,0.63828,0.00464,1,0.03607,0.01266,0.64655,0.00505,1,0,0.00000,26
0.79533,0.33425,104.74115,0.20089,248,1,0.77308,0.39696,1,0.78801,0.32205,1,0.78054,0.35951,1,0.38522,0.44265,24.19906,0.96676,1,0.65006,0.42972,26.71230,0.96676,1,-0.02842,0.01008,0.64024,0.00456,1,0.03607,0.01266,0.64655,0.00501,1,0,0.00000,26
0.79471,0.33520,104.74115,0.20720,248,1,0.75182,0.40355,1,0.79882,0.32588,1,0.77532,0.36471,1,0.38532,0.44259,24.06009,0.96676,1,0.65017,0.42978,26.66278,0.96676,1,-0.02842,0.01008,0.64024,0.00457,1,0.03607,0.01266,0.64655,0.00508,1,0,0.00000,26
