FPOGX,FPOGY,FPOGS,FPOGD,FPOGID,FPOGV,LPOGX,LPOGY,LPOGV,RPOGX,RPOGY,RPOGV,BPOGX,BPOGY,BPOGV,LPCX,LPCY,LPD,LPS,LPV,RPCX,RPCY,RPD,RPS,RPV,LEYEX,LEYEY,LEYEZ,LPUPILD,LPUPILV,REYEX,REYEY,REYEZ,RPUPILD,RPUPILV,BKID,BKDUR,BKPMIN
0.53041,1.01440,5677.70312,0.16113,13744,1,0.52263,1.03852,1,0.56084,1.02721,1,0.54174,1.03286,1,0.35027,0.68492,22.23293,1.13565,1,0.59847,0.67832,21.51560,1.12648,1,-0.04002,-0.04008,0.70502,0.00455,1,0.02545,-0.03741,0.68146,0.00431,1,0,0.00000,13
0.32127,0.40208,5678.56836,0.19971,13748,0,0.18224,0.48383,1,0.19775,0.46834,1,0.18999,0.47608,1,0.34066,0.67892,21.96264,1.10815,1,0.58953,0.67010,21.34926,1.10815,1,-0.03975,-0.03794,0.67446,0.00484,1,0.02427,-0.03677,0.68273,0.00450,1,0,0.00000,13
0.20361,0.43925,5678.56836,0.19971,13748,0,0.13409,0.47056,1,0.14472,0.51639,1,0.13940,0.49348,1,0.34021,0.67940,21.92509,1.09919,1,0.58880,0.67043,20.88646,1.09919,1,-0.03975,-0.03794,0.67446,0.00479,1,0.02427,-0.03677,0.68273,0.00465,1,0,0.00000,13
0.17257,0.46744,5678.56836,0.19971,13748,0,0.13841,0.47497,1,0.14467,0.51628,1,0.14154,0.49562,1,0.33970,0.67963,21.68716,1.09024,1,0.58835,0.67093,21.27727,1.09940,1,-0.04019,-0.03827,0.67847,0.00476,1,0.02457,-0.03762,0.69866,0.00449,1,0,0.00000,13
0.16290,0.47385,5678.56836,0.19971,13748,0,0.13130,0.53186,1,0.15581,0.44147,1,0.14355,0.48667,1,0.33959,0.67958,21.96818,1.09940,1,0.58835,0.67086,21.17294,1.10857,1,-0.04019,-0.03827,0.67847,0.00475,1,0.02457,-0.03762,0.69866,0.00443,1,0,0.00000,13
0.15742,0.46730,5678.79688,0.02051,13749,1,0.12244,0.46087,1,0.15949,0.43445,1,0.14097,0.44766,1,0.33959,0.67961,21.98479,1.10857,1,0.58835,0.67083,21.03935,1.11774,1,-0.04019,-0.03827,0.67847,0.00474,1,0.02457,-0.03762,0.69866,0.00445,1,0,0.00000,13
0.15368,0.46292,5678.79688,0.02490,13749,1,0.11797,0.45634,1,0.15949,0.43445,1,0.13873,0.44540,1,0.33955,0.67962,22.05531,1.11774,1,0.58842,0.67079,21.21771,1.11774,1,-0.04019,-0.03827,0.67847,0.00474,1,0.02408,-0.03679,0.68323,0.00441,1,0,0.00000,13
0.15186,0.46127,5678.79688,0.03125,13749,1,0.11165,0.46555,1,0.17393,0.44048,1,0.14279,0.45301,1,0.33955,0.67964,22.05555,1.11774,1,0.58851,0.67097,21.61823,1.10857,1,-0.04019,-0.03827,0.67847,0.00475,1,0.02408,-0.03679,0.68323,0.00443,1,0,0.00000,13
0.15363,0.46101,5678.79688,0.03857,13749,1,0.11594,0.46949,1,0.21252,0.44944,1,0.16423,0.45946,1,0.33953,0.67967,22.07035,1.10857,1,0.58849,0.67091,21.46661,1.09940,1,-0.04019,-0.03827,0.67847,0.00473,1,0.02408,-0.03679,0.68323,0.00439,1,0,0.00000,13
0.15535,0.46144,5678.79688,0.04688,13749,1,0.12047,0.47396,1,0.21430,0.45492,1,0.16739,0.46444,1,0.33950,0.67972,22.14457,1.09940,1,0.58847,0.67087,21.43346,1.09024,1,-0.04019,-0.03827,0.67847,0.00470,1,0.02408,-0.03679,0.68323,0.00437,1,0,0.00000,13
0.15652,0.46399,5678.79688,0.05273,13749,1,0.12145,0.50148,1,0.21023,0.46733,1,0.16584,0.48440,1,0.33945,0.67981,22.07442,1.09024,1,0.58844,0.67081,21.23577,1.09024,1,-0.04019,-0.03827,0.67847,0.00472,1,0.02408,-0.03679,0.68323,0.00438,1,0,0.00000,13
0.15698,0.46232,5678.79688,0.05957,13749,1,0.12032,0.44561,1,0.20190,0.44904,1,0.16111,0.44733,1,0.33948,0.67981,21.98684,1.09024,1,0.58845,0.67079,21.17312,1.09024,1,-0.04019,-0.03827,0.67847,0.00473,1,0.02408,-0.03679,0.68323,0.00445,1,0,0.00000,13
0.15707,0.46051,5678.79688,0.06543,13749,1,0.11587,0.44102,1,0.20006,0.44362,1,0.15797,0.44232,1,0.33944,0.67981,22.08823,1.09920,1,0.58843,0.67088,21.14221,1.09920,1,-0.04151,-0.03948,0.69991,0.00472,1,0.02408,-0.03679,0.68323,0.00444,1,0,0.00000,13
0.15778,0.46236,5678.79688,0.07178,13749,1,0.13063,0.49775,1,0.20068,0.46766,1,0.16566,0.48270,1,0.33943,0.67984,22.06918,1.10815,1,0.58840,0.67090,21.14022,1.10815,1,-0.04151,-0.03948,0.69991,0.00475,1,0.02408,-0.03679,0.68323,0.00443,1,0,0.00000,13
0.15812,0.46383,5678.79688,0.07861,13749,1,0.12892,0.51755,1,0.19534,0.44553,1,0.16213,0.48154,1,0.33942,0.67986,22.10911,1.11711,1,0.58844,0.67097,21.31681,1.11711,1,-0.04151,-0.03948,0.69991,0.00473,1,0.02408,-0.03679,0.68323,0.00442,1,0,0.00000,13
0.15860,0.46539,5678.79688,0.08643,13749,1,0.13271,0.52109,1,0.19697,0.45022,1,0.16484,0.48565,1,0.33937,0.67990,22.20223,1.10921,1,0.58845,0.67097,21.31169,1.10921,1,-0.03946,-0.03753,0.66367,0.00474,1,0.02408,-0.03679,0.68323,0.00441,1,0,0.00000,13
0.16037,0.46688,5678.79688,0.09229,13749,1,0.17002,0.49475,1,0.20039,0.48063,1,0.18521,0.48769,1,0.33926,0.68004,22.11565,1.09234,1,0.58841,0.67092,21.15150,1.09234,1,-0.03946,-0.03753,0.66367,0.00472,1,0.02408,-0.03679,0.68323,0.00441,1,0,0.00000,13
0.16177,0.46817,5678.79688,0.09863,13749,1,0.16640,0.48497,1,0.19901,0.49012,1,0.18270,0.48754,1,0.33923,0.68005,22.07329,1.07548,1,0.58842,0.67093,21.26002,1.07548,1,-0.03946,-0.03753,0.66367,0.00471,1,0.02408,-0.03679,0.68323,0.00442,1,0,0.00000,13
0.16318,0.46959,5678.79688,0.10547,13749,1,0.17056,0.48940,1,0.20090,0.49525,1,0.18573,0.49233,1,0.33922,0.68009,22.02896,1.06652,1,0.58821,0.67087,20.85680,1.06652,1,-0.04030,-0.03828,0.67692,0.00474,1,0.02408,-0.03679,0.68323,0.00444,1,0,0.00000,13
0.16403,0.47072,5678.79688,0.11230,13749,1,0.16068,0.48776,1,0.19637,0.49227,1,0.17853,0.49001,1,0.33910,0.68006,22.07347,1.07443,1,0.58815,0.67093,20.87986,1.07443,1,-0.04030,-0.03828,0.67692,0.00474,1,0.02408,-0.03679,0.68323,0.00448,1,0,0.00000,13
0.16439,0.47089,5678.79688,0.11865,13749,1,0.15219,0.48361,1,0.18946,0.46398,1,0.17083,0.47379,1,0.33909,0.68001,22.04153,1.08233,1,0.58808,0.67090,20.83121,1.08233,1,-0.04030,-0.03828,0.67692,0.00471,1,0.02408,-0.03679,0.68323,0.00445,1,0,0.00000,13
0.16457,0.47082,5678.79688,0.12549,13749,1,0.14844,0.47974,1,0.18774,0.45927,1,0.16809,0.46950,1,0.33898,0.67998,21.58226,1.09024,1,0.58822,0.67091,21.15722,1.09024,1,-0.04030,-0.03828,0.67692,0.00477,1,0.02410,-0.03699,0.68682,0.00443,1,0,0.00000,13
0.16435,0.47093,5678.79688,0.13281,13749,1,0.13693,0.48446,1,0.18273,0.46205,1,0.15983,0.47326,1,0.33892,0.67997,21.71131,1.09024,1,0.58818,0.67091,21.17846,1.09024,1,-0.04030,-0.03828,0.67692,0.00474,1,0.02410,-0.03699,0.68682,0.00446,1,0,0.00000,13
0.16436,0.47057,5678.79688,0.13867,13749,1,0.14815,0.47680,1,0.18118,0.44900,1,0.16467,0.46290,1,0.33893,0.67997,21.75001,1.09024,1,0.58798,0.67083,20.61545,1.09024,1,-0.04030,-0.03828,0.67692,0.00474,1,0.02410,-0.03699,0.68682,0.00450,1,0,0.00000,13
0.16433,0.47011,5678.79688,0.14551,13749,1,0.14815,0.47680,1,0.17913,0.44345,1,0.16364,0.46013,1,0.33895,0.67991,21.93804,1.09024,1,0.58795,0.67075,20.82826,1.09940,1,-0.04030,-0.03828,0.67692,0.00470,1,0.02451,-0.03770,0.70005,0.00449,1,0,0.00000,13
0.16450,0.47164,5678.79688,0.15186,13749,1,0.13369,0.48139,1,0.20307,0.53211,1,0.16838,0.50675,1,0.33885,0.68007,21.91729,1.09940,1,0.58796,0.67090,21.02308,1.10857,1,-0.04030,-0.03828,0.67692,0.00479,1,0.02451,-0.03770,0.70005,0.00449,1,0,0.00000,13
0.16405,0.47513,5678.79688,0.15869,13749,1,0.12576,0.58969,1,0.18069,0.52812,1,0.15322,0.55891,1,0.33892,0.68064,21.72404,1.10857,1,0.58782,0.67153,20.83089,1.11774,1,-0.04030,-0.03828,0.67692,0.00477,1,0.02451,-0.03770,0.70005,0.00457,1,0,0.00000,13
0.16361,0.47833,5678.79688,0.16504,13749,1,0.12514,0.58919,1,0.18041,0.52747,1,0.15278,0.55833,1,0.33911,0.68164,22.06625,1.10983,1,0.58768,0.67250,21.06782,1.11900,1,-0.03946,-0.03783,0.66367,0.00479,1,0.02434,-0.03802,0.69822,0.00447,1,0,0.00000,13
0.16510,0.52192,5678.79688,0.16504,13749,0,0.10675,0.76339,1,0.15883,0.89569,1,0.13279,0.82954,1,0.33953,0.68459,21.60525,1.11109,1,0.58738,0.67592,22.73505,1.11109,1,-0.03946,-0.03783,0.66367,0.00497,1,0.02434,-0.03802,0.69822,0.00469,1,0,0.00000,13
0.13774,0.73353,5678.79688,0.16504,13749,0,0.09134,0.88121,1,0.12941,1.00908,1,0.11037,0.94515,1,0.33988,0.68584,21.70653,1.10319,1,0.58680,0.67721,20.13840,1.10319,1,-0.03946,-0.03783,0.66367,0.00501,1,0.02434,-0.03802,0.69822,0.00469,1,0,0.00000,13
0.12783,0.80381,5678.79688,0.16504,13749,0,0.08655,0.87967,1,0.12947,1.00909,1,0.10801,0.94438,1,0.34020,0.68747,21.99324,1.11215,1,0.58704,0.67872,22.15170,1.10298,1,-0.04091,-0.04004,0.69325,0.00481,1,0.02356,-0.03760,0.68296,0.00454,1,0,0.00000,13
0.12382,0.96485,5678.79688,0.16504,13749,0,0.16101,0.95279,1,0.14511,1.05728,1,0.15306,1.00503,1,0.34028,0.68823,22.00223,1.11984,1,0.58722,0.67907,22.03876,1.11068,1,-0.04091,-0.04004,0.69325,0.00480,1,0.02356,-0.03760,0.68296,0.00452,1,0,0.00000,13
0.13209,0.98306,5678.79688,0.16504,13749,0,0.12802,0.92159,1,0.15271,1.08094,1,0.14037,1.00126,1,0.34012,0.68802,22.06278,1.12754,1,0.58718,0.67907,22.01393,1.11837,1,-0.04091,-0.04004,0.69325,0.00479,1,0.02356,-0.03760,0.68296,0.00450,1,0,0.00000,13
0.13501,0.98916,5678.79688,0.16504,13749,0,0.12864,0.92176,1,0.15303,1.08095,1,0.14084,1.00136,1,0.33978,0.68792,21.59475,1.12628,1,0.58739,0.67872,21.98790,1.11711,1,-0.04019,-0.03918,0.67847,0.00483,1,0.02369,-0.03765,0.68394,0.00450,1,0,0.00000,13
0.13586,0.98946,5678.98926,0.02002,13750,1,0.10881,0.90090,1,0.16804,1.07983,1,0.13842,0.99036,1,0.33965,0.68784,21.56319,1.10815,1,0.58732,0.67882,21.79832,1.10815,1,-0.04019,-0.03918,0.67847,0.00481,1,0.02369,-0.03765,0.68394,0.00446,1,0,0.00000,13
0.13741,0.98434,5678.98926,0.02637,13750,1,0.10990,0.88575,1,0.17733,1.04197,1,0.14361,0.96386,1,0.33955,0.68760,21.58054,1.09920,1,0.58738,0.67866,22.01392,1.09920,1,-0.04019,-0.03918,0.67847,0.00474,1,0.02369,-0.03765,0.68394,0.00449,1,0,0.00000,13
0.13917,0.98112,5678.98926,0.03369,13750,1,0.11455,0.88727,1,0.18134,1.04278,1,0.14794,0.96502,1,0.33950,0.68759,21.81682,1.09024,1,0.58743,0.67855,21.96988,1.08215,1,-0.04051,-0.03935,0.68219,0.00472,1,0.02299,-0.03656,0.66499,0.00450,1,0,0.00000,13
0.14075,0.98133,5678.98926,0.04004,13750,1,0.13142,0.93472,1,0.16902,1.03053,1,0.15022,0.98263,1,0.33951,0.68759,21.81730,1.08215,1,0.58740,0.67844,21.94729,1.07406,1,-0.04051,-0.03935,0.68219,0.00472,1,0.02299,-0.03656,0.66499,0.00453,1,0,0.00000,13
0.14290,0.99054,5678.98926,0.04688,13750,1,0.16401,0.98422,1,0.15203,1.12578,1,0.15802,1.05500,1,0.33937,0.68747,22.19111,1.07406,1,0.58728,0.67827,21.80772,1.06597,1,-0.04051,-0.03935,0.68219,0.00470,1,0.02299,-0.03656,0.66499,0.00446,1,0,0.00000,13
0.14480,0.99775,5678.98926,0.05371,13750,1,0.16792,0.98497,1,0.15203,1.12578,1,0.15997,1.05537,1,0.33910,0.68737,21.56383,1.06597,1,0.58724,0.67811,22.05968,1.06597,1,-0.04030,-0.03889,0.67692,0.00476,1,0.02369,-0.03745,0.68394,0.00449,1,0,0.00000,13
0.14600,0.99567,5678.98926,0.06006,13750,1,0.15529,0.91379,1,0.15830,1.04013,1,0.15679,0.97696,1,0.33898,0.68704,21.71668,1.06597,1,0.58717,0.67768,21.87399,1.07406,1,-0.04030,-0.03889,0.67692,0.00469,1,0.02369,-0.03745,0.68394,0.00450,1,0,0.00000,13
0.14593,0.99144,5678.98926,0.06689,13750,1,0.15392,0.88386,1,0.13660,1.01448,1,0.14526,0.94917,1,0.33897,0.68678,21.76847,1.07406,1,0.58705,0.67750,21.85853,1.08215,1,-0.04030,-0.03889,0.67692,0.00474,1,0.02369,-0.03745,0.68394,0.00446,1,0,0.00000,13
0.14571,0.98786,5678.98926,0.07373,13750,1,0.14996,0.88246,1,0.13660,1.01448,1,0.14328,0.94847,1,0.33888,0.68665,21.92525,1.08215,1,0.58709,0.67720,21.79086,1.08215,1,-0.03997,-0.03842,0.67144,0.00465,1,0.02273,-0.03580,0.65745,0.00449,1,0,0.00000,13
0.14434,0.98924,5678.98926,0.08203,13750,1,0.11841,0.93833,1,0.13738,1.07331,1,0.12790,1.00582,1,0.33882,0.68625,21.80808,1.08215,1,0.58707,0.67695,22.14196,1.07406,1,-0.03997,-0.03842,0.67144,0.00476,1,0.02273,-0.03580,0.65745,0.00442,1,0,0.00000,13
0.14575,0.98873,5678.98926,0.08936,13750,1,0.15652,0.91669,1,0.17172,1.04739,1,0.16412,0.98204,1,0.33882,0.68617,21.79915,1.07406,1,0.58695,0.67679,21.83992,1.06597,1,-0.03997,-0.03842,0.67144,0.00475,1,0.02273,-0.03580,0.65745,0.00447,1,0,0.00000,13
0.14730,0.98837,5678.98926,0.09375,13750,1,0.16433,0.91904,1,0.17367,1.04773,1,0.16900,0.98339,1,0.33868,0.68580,22.05472,1.05807,1,0.58698,0.67659,21.80939,1.05807,1,-0.03918,-0.03742,0.65565,0.00468,1,0.02356,-0.03714,0.68296,0.00448,1,0,0.00000,13
0.14816,0.98781,5678.98926,0.10059,13750,1,0.15727,0.94672,1,0.16479,1.01218,1,0.16103,0.97945,1,0.33865,0.68553,21.96895,1.05016,1,0.58699,0.67639,22.06800,1.05825,1,-0.03918,-0.03742,0.65565,0.00474,1,0.02356,-0.03714,0.68296,0.00449,1,0,0.00000,13
0.14884,0.99137,5678.98926,0.10742,13750,1,0.15305,0.97497,1,0.16621,1.12175,1,0.15963,1.04836,1,0.33864,0.68556,22.08364,1.05035,1,0.58703,0.67627,22.03713,1.05844,1,-0.03918,-0.03742,0.65565,0.00470,1,0.02356,-0.03714,0.68296,0.00449,1,0,0.00000,13
0.14949,0.99453,5678.98926,0.11377,13750,1,0.15296,0.97496,1,0.16823,1.12153,1,0.16060,1.04824,1,0.33860,0.68546,22.02979,1.05053,1,0.58695,0.67612,21.96799,1.05053,1,-0.03856,-0.03668,0.64529,0.00470,1,0.02273,-0.03560,0.65745,0.00445,1,0,0.00000,13
0.15145,0.99473,5678.98926,0.12061,13750,1,0.18749,0.93048,1,0.18598,1.06596,1,0.18673,0.99822,1,0.33855,0.68506,21.91196,1.05053,1,0.58703,0.67584,22.08993,1.04244,1,-0.03856,-0.03668,0.64529,0.00474,1,0.02273,-0.03560,0.65745,0.00446,1,0,0.00000,13
0.15248,0.99353,5678.98926,0.12744,13750,1,0.15465,0.90192,1,0.18942,1.03970,1,0.17204,0.97081,1,0.33860,0.68492,22.09250,1.04244,1,0.58705,0.67568,21.94409,1.03435,1,-0.03856,-0.03668,0.64529,0.00469,1,0.02273,-0.03560,0.65745,0.00448,1,0,0.00000,13
0.15351,0.99248,5678.98926,0.13379,13750,1,0.15873,0.90325,1,0.18942,1.03970,1,0.17408,0.97147,1,0.33861,0.68475,22.19802,1.03435,1,0.58707,0.67554,21.98834,1.03435,1,-0.03856,-0.03654,0.64529,0.00463,1,0.02376,-0.03703,0.68579,0.00447,1,0,0.00000,13
0.15445,0.99527,5678.98926,0.14014,13750,1,0.19758,0.97564,1,0.15103,1.13208,1,0.17430,1.05386,1,0.33861,0.68446,22.02378,1.03435,1,0.58713,0.67530,22.20629,1.04244,1,-0.03856,-0.03654,0.64529,0.00471,1,0.02376,-0.03703,0.68579,0.00448,1,0,0.00000,13
0.15486,0.99640,5678.98926,0.14697,13750,1,0.16292,0.93385,1,0.16462,1.10857,1,0.16377,1.02121,1,0.33860,0.68424,21.89682,1.04244,1,0.58718,0.67519,22.01649,1.05053,1,-0.03856,-0.03654,0.64529,0.00467,1,0.02376,-0.03703,0.68579,0.00446,1,0,0.00000,13
0.15521,0.99743,5678.98926,0.15430,13750,1,0.16240,0.93371,1,0.16434,1.10859,1,0.16337,1.02115,1,0.33857,0.68398,21.93880,1.04351,1,0.58722,0.67501,22.11078,1.05159,1,-0.17682,-0.17096,3.02724,0.00473,0,0.02341,-0.03638,0.67564,0.00445,1,0,0.00000,13
0.15547,0.99942,5678.98926,0.16113,13750,1,0.15375,0.98660,1,0.16962,1.10791,1,0.16168,1.04725,1,0.33863,0.68361,22.07744,1.04457,1,0.58733,0.67471,22.06125,1.04457,1,-0.17682,-0.17096,3.02724,0.00470,0,0.02341,-0.03638,0.67564,0.00448,1,0,0.00000,13
0.15601,1.00047,5678.98926,0.16748,13750,1,0.16950,0.95430,1,0.16941,1.09921,1,0.16945,1.02675,1,0.33866,0.68356,21.89851,1.03754,1,0.58734,0.67457,22.03944,1.03754,1,-0.17682,-0.17096,3.02724,0.00477,0,0.02341,-0.03638,0.67564,0.00449,1,0,0.00000,13
0.15640,1.00143,5678.98926,0.17432,13750,1,0.16559,0.95335,1,0.16737,1.09926,1,0.16648,1.02630,1,0.33870,0.68314,22.27733,1.04545,1,0.58745,0.67433,22.05079,1.04545,1,-0.04030,-0.03808,0.67692,0.00472,1,0.02369,-0.03663,0.68394,0.00446,1,0,0.00000,13
0.15880,0.99923,5678.98926,0.18115,13750,1,0.20137,0.90265,1,0.24620,0.97722,1,0.22379,0.93993,1,0.33959,0.68199,22.43947,1.06038,1,0.58858,0.67344,23.11932,1.06038,1,-0.04030,-0.03808,0.67692,0.00480,1,0.02369,-0.03663,0.68394,0.00473,1,0,0.00000,13
0.16287,0.99705,5678.98926,0.18848,13750,1,0.24959,0.88939,1,0.30388,0.98257,1,0.27674,0.93598,1,0.34056,0.68110,22.32151,1.07531,1,0.58962,0.67280,22.91697,1.07531,1,-0.04030,-0.03808,0.67692,0.00480,1,0.02369,-0.03663,0.68394,0.00476,1,0,0.00000,13
0.19211,0.99557,5678.98926,0.18848,13750,0,0.24363,0.88690,1,0.30205,0.98102,1,0.27284,0.93396,1,0.34149,0.68006,22.21890,1.09024,1,0.59077,0.67212,23.03717,1.09024,1,-0.04013,-0.03779,0.68269,0.00472,1,0.02420,-0.03625,0.68084,0.00468,1,0,0.00000,13
0.28212,0.91960,5678.98926,0.18848,13750,0,0.33401,0.78621,1,0.41026,0.90104,1,0.37214,0.84362,1,0.34324,0.67869,22.12886,1.09024,1,0.59230,0.67119,22.81017,1.09024,1,-0.04013,-0.03779,0.68269,0.00472,1,0.02420,-0.03625,0.68084,0.00461,1,0,0.00000,13
0.32421,0.90629,5678.98926,0.18848,13750,0,0.37415,0.85794,1,0.44263,0.90142,1,0.40839,0.87968,1,0.34413,0.67845,22.99917,1.09024,1,0.59279,0.67093,22.72878,1.09024,1,-0.04013,-0.03779,0.68269,0.00478,1,0.02420,-0.03625,0.68084,0.00464,1,0,0.00000,13
0.39631,0.86740,5678.98926,0.18848,13750,0,0.37415,0.85794,1,0.44267,0.89982,1,0.40841,0.87888,1,0.34482,0.67795,23.07057,1.09024,1,0.59333,0.67066,22.91293,1.09940,1,-0.04036,-0.03809,0.69190,0.00473,1,0.02485,-0.03663,0.69182,0.00464,1,0,0.00000,13
0.40547,0.83392,5678.98926,0.18848,13750,0,0.37475,0.78644,1,0.45452,0.81444,1,0.41463,0.80044,1,0.34488,0.67761,22.97039,1.09940,1,0.59353,0.67044,22.82996,1.10857,1,-0.04036,-0.03809,0.69190,0.00471,1,0.02485,-0.03663,0.69182,0.00462,1,0,0.00000,13
0.39985,0.84870,5678.98926,0.18848,13750,0,0.36277,0.83112,1,0.41445,0.92539,1,0.38861,0.87826,1,0.34472,0.67746,23.23450,1.10857,1,0.59345,0.67021,22.98266,1.11774,1,-0.04036,-0.03809,0.69190,0.00472,1,0.02485,-0.03663,0.69182,0.00463,1,0,0.00000,13
0.39669,0.85567,5679.20361,0.02100,13751,1,0.36016,0.82920,1,0.41427,0.92402,1,0.38721,0.87661,1,0.34466,0.67723,22.94236,1.11774,1,0.59344,0.67003,22.80479,1.12690,1,-0.03961,-0.03723,0.67905,0.00472,1,0.02525,-0.03686,0.70013,0.00461,1,0,0.00000,13
0.39378,0.85438,5679.20361,0.02783,13751,1,0.34657,0.82926,1,0.41773,0.86919,1,0.38215,0.84923,1,0.34452,0.67695,23.18050,1.12690,1,0.59345,0.66972,22.79063,1.12690,1,-0.03961,-0.03723,0.67905,0.00466,1,0.02525,-0.03686,0.70013,0.00461,1,0,0.00000,13
0.39096,0.84794,5679.20361,0.03418,13751,1,0.34023,0.80378,1,0.41343,0.82768,1,0.37683,0.81573,1,0.34422,0.67676,22.30283,1.12690,1,0.59345,0.66966,22.71775,1.12690,1,-0.03961,-0.03723,0.67905,0.00470,1,0.02525,-0.03686,0.70013,0.00457,1,0,0.00000,13
0.38894,0.84334,5679.20361,0.04004,13751,1,0.34023,0.80378,1,0.41343,0.82768,1,0.37683,0.81573,1,0.34451,0.67667,23.00482,1.12690,1,0.59344,0.66945,22.68576,1.12690,1,-0.04036,-0.03788,0.69190,0.00471,1,0.02485,-0.03637,0.69182,0.00464,1,0,0.00000,13
0.38616,0.84860,5679.20361,0.04688,13751,1,0.33236,0.82149,1,0.40099,0.94926,1,0.36667,0.88538,1,0.34442,0.67645,23.19586,1.12690,1,0.59338,0.66924,22.88000,1.12690,1,-0.04036,-0.03788,0.69190,0.00466,1,0.02485,-0.03637,0.69182,0.00462,1,0,0.00000,13
0.38735,0.85022,5679.20361,0.05371,13751,1,0.35549,0.81364,1,0.43838,0.91285,1,0.39693,0.86324,1,0.34397,0.67640,22.09370,1.12690,1,0.59332,0.66915,22.95773,1.12690,1,-0.04036,-0.03788,0.69190,0.00474,1,0.02485,-0.03637,0.69182,0.00457,1,0,0.00000,13
0.38831,0.85160,5679.20361,0.05957,13751,1,0.35549,0.81364,1,0.43836,0.91431,1,0.39693,0.86397,1,0.34428,0.67633,23.09935,1.12690,1,0.59327,0.66907,22.89395,1.11774,1,-0.03998,-0.03713,0.68191,0.00470,1,0.02409,-0.03518,0.67211,0.00461,1,0,0.00000,13
0.39001,0.85390,5679.20361,0.06641,13751,1,0.38043,0.86493,1,0.43355,0.88894,1,0.40699,0.87694,1,0.34370,0.67602,22.11121,1.11774,1,0.59325,0.66891,23.06859,1.10857,1,-0.03998,-0.03713,0.68191,0.00473,1,0.02409,-0.03518,0.67211,0.00466,1,0,0.00000,13
0.39044,0.85526,5679.20361,0.07373,13751,1,0.37144,0.84787,1,0.41895,0.89253,1,0.39519,0.87020,1,0.34374,0.67606,22.26359,1.10857,1,0.59321,0.66898,22.95493,1.09940,1,-0.03998,-0.03713,0.68191,0.00472,1,0.02409,-0.03518,0.67211,0.00465,1,0,0.00000,13
0.39091,0.85654,5679.20361,0.08008,13751,1,0.37398,0.84968,1,0.41910,0.89420,1,0.39654,0.87194,1,0.34392,0.67617,23.03662,1.09940,1,0.59310,0.66882,22.71922,1.09024,1,-0.03998,-0.03713,0.68191,0.00466,1,0.02409,-0.03518,0.67211,0.00463,1,0,0.00000,13
0.38997,0.85777,5679.20361,0.08691,13751,1,0.35784,0.86182,1,0.39774,0.88564,1,0.37779,0.87373,1,0.34372,0.67609,23.28682,1.09024,1,0.59292,0.66879,23.02495,1.09024,1,-0.03998,-0.03713,0.68191,0.00471,1,0.02409,-0.03518,0.67211,0.00463,1,0,0.00000,13
0.38831,0.85827,5679.20361,0.09326,13751,1,0.33998,0.85609,1,0.39010,0.87441,1,0.36504,0.86525,1,0.34369,0.67610,23.07588,1.09024,1,0.59289,0.66877,22.80977,1.09024,1,-0.03998,-0.03713,0.68191,0.00475,1,0.02409,-0.03518,0.67211,0.00465,1,0,0.00000,13
0.38687,0.85876,5679.20361,0.10107,13751,1,0.33998,0.85609,1,0.39045,0.87603,1,0.36521,0.86606,1,0.34359,0.67616,23.28475,1.09024,1,0.59286,0.66882,22.95207,1.08215,1,-0.03975,-0.03672,0.67446,0.00469,1,0.02365,-0.03462,0.66132,0.00465,1,0,0.00000,13
0.38778,0.85973,5679.20361,0.10645,13751,1,0.39328,0.86978,1,0.41133,0.88095,1,0.40230,0.87537,1,0.34332,0.67625,23.23738,1.08215,1,0.59272,0.66880,22.85122,1.07406,1,-0.03975,-0.03672,0.67446,0.00468,1,0.02365,-0.03462,0.66132,0.00466,1,0,0.00000,13
0.38893,0.86047,5679.20361,0.11328,13751,1,0.37594,0.87820,1,0.44133,0.86761,1,0.40864,0.87291,1,0.34294,0.67605,22.24314,1.07406,1,0.59255,0.66872,23.00887,1.06597,1,-0.03975,-0.03672,0.67446,0.00472,1,0.02365,-0.03462,0.66132,0.00467,1,0,0.00000,13
0.38997,0.86107,5679.20361,0.12012,13751,1,0.37570,0.87805,1,0.44137,0.86572,1,0.40853,0.87189,1,0.34303,0.67626,23.13424,1.07493,1,0.59243,0.66868,22.97798,1.07493,1,-0.04168,-0.03856,0.70624,0.00472,1,0.02403,-0.03540,0.67622,0.00465,1,0,0.00000,13
0.38811,0.86082,5679.20361,0.12695,13751,1,0.32602,0.80297,1,0.37974,0.90915,1,0.35288,0.85606,1,0.34175,0.67659,22.35333,1.08389,1,0.59151,0.66901,23.17956,1.09198,1,-0.04168,-0.03856,0.70624,0.00476,1,0.02403,-0.03540,0.67622,0.00465,1,0,0.00000,13
0.38317,0.86257,5679.20361,0.13428,13751,1,0.26455,0.84416,1,0.30423,0.95113,1,0.28439,0.89764,1,0.34096,0.67690,23.09498,1.10094,1,0.59032,0.66911,23.19489,1.10902,1,-0.04168,-0.03856,0.70624,0.00477,1,0.02403,-0.03540,0.67622,0.00477,1,0,0.00000,13
0.37861,0.86413,5679.20361,0.14160,13751,1,0.26151,0.84254,1,0.30423,0.95113,1,0.28287,0.89684,1,0.33977,0.67715,22.69471,1.10902,1,0.58911,0.66929,23.20652,1.10902,1,0.00000,0.00000,0.00000,0.00483,0,0.02273,-0.03442,0.65745,0.00472,1,0,0.00000,13
0.37119,0.86404,5679.20361,0.15039,13751,1,0.17697,0.81390,1,0.23877,0.91040,1,0.20787,0.86215,1,0.33816,0.67751,22.33093,1.10007,1,0.58721,0.66944,23.44500,1.09198,1,0.00000,0.00000,0.00000,0.00474,0,0.02273,-0.03442,0.65745,0.00482,1,0,0.00000,13
0.33785,0.87456,5679.20361,0.15039,13751,0,0.17546,0.84053,1,0.22876,0.92916,1,0.20211,0.88484,1,0.33786,0.67768,22.15421,1.08302,1,0.58676,0.66941,23.80050,1.07493,1,0.00000,0.00000,0.00000,0.00475,0,0.02273,-0.03442,0.65745,0.00479,1,0,0.00000,13
0.27239,0.88093,5679.20361,0.15039,13751,0,0.18337,0.84405,1,0.23047,0.93055,1,0.20692,0.88730,1,0.33734,0.67774,22.25097,1.06597,1,0.58638,0.66952,23.50951,1.06597,1,-0.04114,-0.03747,0.68074,0.00478,1,0.02299,-0.03555,0.67523,0.00479,1,0,0.00000,13
0.25419,0.88212,5679.20361,0.15039,13751,0,0.18446,0.80392,1,0.25113,0.96511,1,0.21780,0.88452,1,0.33700,0.67801,22.18534,1.06597,1,0.58626,0.66971,23.72526,1.07406,1,-0.04114,-0.03747,0.68074,0.00470,1,0.02299,-0.03555,0.67523,0.00480,1,0,0.00000,13
0.20584,0.88112,5679.20361,0.15039,13751,0,0.15862,0.82070,1,0.22700,0.92236,1,0.19281,0.87153,1,0.33684,0.67809,21.94506,1.07406,1,0.58607,0.66986,23.53001,1.08215,1,-0.04114,-0.03747,0.68074,0.00481,1,0.02299,-0.03555,0.67523,0.00476,1,0,0.00000,13
0.19930,0.87631,5679.20361,0.15039,13751,0,0.15853,0.82066,1,0.22696,0.92233,1,0.19275,0.87150,1,0.33665,0.67819,21.92974,1.07425,1,0.58590,0.66994,23.75880,1.08233,1,-0.04021,-0.03649,0.66284,0.00482,1,0.02282,-0.03561,0.67632,0.00474,1,0,0.00000,13
0.20828,0.86862,5679.20361,0.15039,13751,0,0.18701,0.81584,1,0.26547,0.89064,1,0.22624,0.85324,1,0.33633,0.67844,22.31274,1.07443,1,0.58562,0.67018,23.86173,1.07443,1,-0.04021,-0.03649,0.66284,0.00475,1,0.02282,-0.03561,0.67632,0.00479,1,0,0.00000,13
0.20639,0.86034,5679.37744,0.02002,13752,1,0.16366,0.77213,1,0.23781,0.89889,1,0.20074,0.83551,1,0.33621,0.67864,22.37786,1.06652,1,0.58538,0.67019,23.69178,1.06652,1,-0.04021,-0.03649,0.66284,0.00477,1,0.02282,-0.03561,0.67632,0.00479,1,0,0.00000,13
0.20526,0.85538,5679.37744,0.02686,13752,1,0.16366,0.77213,1,0.23781,0.89889,1,0.20074,0.83551,1,0.33590,0.67880,22.34156,1.06652,1,0.58521,0.67027,23.74788,1.06652,1,-0.04150,-0.03764,0.68000,0.00477,1,0.02267,-0.03590,0.67803,0.00476,1,0,0.00000,13
0.20814,0.85731,5679.37744,0.03369,13752,1,0.18009,0.81506,1,0.26503,0.91893,1,0.22256,0.86699,1,0.33553,0.67914,22.15853,1.07443,1,0.58481,0.67050,23.50951,1.07443,1,-0.04150,-0.03764,0.68000,0.00481,1,0.02267,-0.03590,0.67803,0.00479,1,0,0.00000,13
0.20583,0.86143,5679.37744,0.04102,13752,1,0.15046,0.82901,1,0.23342,0.94324,1,0.19194,0.88612,1,0.33537,0.67914,22.45718,1.08233,1,0.58467,0.67061,23.95353,1.08233,1,-0.04150,-0.03764,0.68000,0.00473,1,0.02267,-0.03590,0.67803,0.00476,1,0,0.00000,13
0.20376,0.86434,5679.37744,0.04736,13752,1,0.14661,0.82731,1,0.23195,0.94212,1,0.18928,0.88471,1,0.33502,0.67935,22.13852,1.09024,1,0.58450,0.67061,23.60033,1.09024,1,-0.04116,-0.03714,0.67104,0.00477,1,0.02250,-0.03595,0.67902,0.00477,1,0,0.00000,13
0.20537,0.86215,5679.37744,0.05469,13752,1,0.16869,0.78040,1,0.26775,0.90884,1,0.21822,0.84462,1,0.33472,0.67958,22.41546,1.09024,1,0.58416,0.67067,23.90219,1.09024,1,-0.04116,-0.03714,0.67104,0.00475,1,0.02250,-0.03595,0.67902,0.00476,1,0,0.00000,13
0.20413,0.86027,5679.37744,0.06201,13752,1,0.15089,0.78775,1,0.23507,0.89900,1,0.19298,0.84337,1,0.33454,0.67980,22.48664,1.09024,1,0.58388,0.67074,23.73727,1.09024,1,-0.04116,-0.03714,0.67104,0.00476,1,0.02250,-0.03595,0.67902,0.00478,1,0,0.00000,13
0.20312,0.85873,5679.37744,0.06885,13752,1,0.15089,0.78775,1,0.23507,0.89900,1,0.19298,0.84337,1,0.33425,0.67987,22.21307,1.09024,1,0.58366,0.67085,23.81075,1.09024,1,-0.04176,-0.03771,0.67756,0.00476,1,0.02231,-0.03597,0.67934,0.00473,1,0,0.00000,13
0.20238,0.86118,5679.37744,0.07422,13752,1,0.17045,0.84656,1,0.21810,0.92966,1,0.19427,0.88811,1,0.33393,0.68022,22.40370,1.09024,1,0.58327,0.67088,23.76890,1.09024,1,-0.04176,-0.03771,0.67756,0.00475,1,0.02231,-0.03597,0.67934,0.00484,1,0,0.00000,13
0.20142,0.85971,5679.37744,0.08105,13752,1,0.14814,0.74684,1,0.23169,0.93714,1,0.18992,0.84199,1,0.33367,0.68035,22.11316,1.09024,1,0.58307,0.67094,23.74342,1.09024,1,-0.04176,-0.03771,0.67756,0.00481,1,0.02231,-0.03597,0.67934,0.00481,1,0,0.00000,13
0.20060,0.85844,5679.37744,0.08740,13752,1,0.14814,0.74684,1,0.23169,0.93714,1,0.18992,0.84199,1,0.33344,0.68052,22.22512,1.09024,1,0.58289,0.67101,23.75662,1.09024,1,-0.04156,-0.03754,0.67095,0.00476,1,0.02195,-0.03571,0.67450,0.00479,1,0,0.00000,13
0.20138,0.85809,5679.37744,0.09375,13752,1,0.17012,0.81538,1,0.25447,0.89087,1,0.21229,0.85313,1,0.33308,0.68101,22.31143,1.09024,1,0.58252,0.67124,23.78898,1.09024,1,-0.04156,-0.03754,0.67095,0.00474,1,0.02195,-0.03571,0.67450,0.00481,1,0,0.00000,13
0.20067,0.85815,5679.37744,0.10059,13752,1,0.14385,0.82548,1,0.23629,0.89262,1,0.19007,0.85905,1,0.33288,0.68116,22.02456,1.09024,1,0.58232,0.67109,23.95119,1.09024,1,-0.04156,-0.03754,0.67095,0.00482,1,0.02195,-0.03571,0.67450,0.00480,1,0,0.00000,13
0.20005,0.85820,5679.37744,0.10742,13752,1,0.14385,0.82548,1,0.23629,0.89262,1,0.19007,0.85905,1,0.33265,0.68124,22.24435,1.09024,1,0.58214,0.67118,23.99673,1.09024,1,-0.04257,-0.03827,0.68399,0.00474,1,0.02165,-0.03560,0.67141,0.00480,1,0,0.00000,13
0.20007,0.85733,5679.37744,0.11426,13752,1,0.17042,0.77360,1,0.23033,0.91160,1,0.20038,0.84260,1,0.33243,0.68154,22.56063,1.09024,1,0.58176,0.67123,23.83473,1.09024,1,-0.04257,-0.03827,0.68399,0.00476,1,0.02165,-0.03560,0.67141,0.00483,1,0,0.00000,13
0.20020,0.85666,5679.37744,0.12109,13752,1,0.15464,0.79230,1,0.25060,0.89699,1,0.20262,0.84464,1,0.33226,0.68169,22.31577,1.09024,1,0.58173,0.67121,23.93307,1.09024,1,-0.04257,-0.03827,0.68399,0.00476,1,0.02165,-0.03560,0.67141,0.00480,1,0,0.00000,13
0.20041,0.85611,5679.37744,0.12744,13752,1,0.15842,0.79422,1,0.25039,0.89675,1,0.20441,0.84549,1,0.33203,0.68178,22.10983,1.08233,1,0.58152,0.67113,23.93449,1.09150,1,-0.04152,-0.03748,0.66629,0.00478,1,0.02285,-0.03766,0.71024,0.00477,1,0,0.00000,13
0.20092,0.85566,5679.37744,0.13428,13752,1,0.20425,0.81291,1,0.21799,0.88049,1,0.21112,0.84670,1,0.33179,0.68199,22.46158,1.08360,1,0.58128,0.67113,23.97487,1.09276,1,-0.04152,-0.03748,0.66629,0.00479,1,0.02285,-0.03766,0.71024,0.00479,1,0,0.00000,13
0.20118,0.85611,5679.37744,0.14062,13752,1,0.18213,0.80521,1,0.23119,0.92579,1,0.20666,0.86550,1,0.33170,0.68202,22.30952,1.08486,1,0.58120,0.67098,23.87286,1.09402,1,-0.04152,-0.03748,0.66629,0.00480,1,0.02285,-0.03766,0.71024,0.00476,1,0,0.00000,13
0.20133,0.85647,5679.37744,0.14746,13752,1,0.17795,0.80306,1,0.23119,0.92579,1,0.20457,0.86442,1,0.33143,0.68205,22.18222,1.09402,1,0.58103,0.67095,23.90177,1.09402,1,-0.04243,-0.03816,0.67847,0.00481,1,0.02161,-0.03583,0.67669,0.00479,1,0,0.00000,13
0.20126,0.85599,5679.37744,0.15479,13752,1,0.14957,0.80609,1,0.24986,0.88381,1,0.19972,0.84495,1,0.33127,0.68193,22.22239,1.10193,1,0.58083,0.67070,23.89712,1.09276,1,-0.04243,-0.03816,0.67847,0.00479,1,0.02161,-0.03583,0.67669,0.00479,1,0,0.00000,13
0.20151,0.85533,5679.37744,0.16162,13752,1,0.17381,0.80657,1,0.24131,0.87240,1,0.20756,0.83949,1,0.33127,0.68190,22.19862,1.10067,1,0.58080,0.67061,23.85439,1.09150,1,-0.04243,-0.03816,0.67847,0.00480,1,0.02161,-0.03583,0.67669,0.00478,1,0,0.00000,13
0.20176,0.85473,5679.37744,0.16748,13752,1,0.17438,0.80686,1,0.24153,0.87266,1,0.20796,0.83976,1,0.33115,0.68178,22.50840,1.09940,1,0.58069,0.67052,23.90714,1.09024,1,-0.04268,-0.03830,0.68087,0.00476,1,0.02173,-0.03619,0.68345,0.00482,1,0,0.00000,13
0.20222,0.85428,5679.37744,0.17383,13752,1,0.20528,0.79399,1,0.22313,0.89140,1,0.21420,0.84269,1,0.33102,0.68175,22.41489,1.09024,1,0.58057,0.67022,24.01709,1.09024,1,-0.04268,-0.03830,0.68087,0.00483,1,0.02173,-0.03619,0.68345,0.00479,1,0,0.00000,13
0.20219,0.85301,5679.37744,0.18066,13752,1,0.19173,0.76538,1,0.21106,0.87165,1,0.20139,0.81851,1,0.33096,0.68158,22.32240,1.09024,1,0.58050,0.67006,23.78209,1.09024,1,-0.04268,-0.03830,0.68087,0.00478,1,0.02173,-0.03619,0.68345,0.00482,1,0,0.00000,13
0.20216,0.85182,5679.37744,0.18750,13752,1,0.19173,0.76538,1,0.21106,0.87165,1,0.20139,0.81851,1,0.33083,0.68151,22.37166,1.09024,1,0.58042,0.67000,23.83318,1.09024,1,-0.04289,-0.03840,0.68263,0.00476,1,0.02164,-0.03601,0.68400,0.00481,1,0,0.00000,13
0.20256,0.85205,5679.37744,0.19434,13752,1,0.18365,0.82678,1,0.24430,0.89071,1,0.21397,0.85874,1,0.33086,0.68146,22.57351,1.09024,1,0.58032,0.66976,23.85913,1.09024,1,-0.04289,-0.03840,0.68263,0.00475,1,0.02164,-0.03601,0.68400,0.00481,1,0,0.00000,13
0.20272,0.85159,5679.37744,0.20117,13752,1,0.17862,0.81303,1,0.23658,0.86265,1,0.20760,0.83784,1,0.33082,0.68146,22.42693,1.09024,1,0.58032,0.66970,23.96746,1.09024,1,-0.04289,-0.03840,0.68263,0.00476,1,0.02164,-0.03601,0.68400,0.00479,1,0,0.00000,13
0.20287,0.85116,5679.37744,0.20801,13752,1,0.17862,0.81303,1,0.23658,0.86265,1,0.20760,0.83784,1,0.33079,0.68141,22.52349,1.09024,1,0.58020,0.66955,23.95815,1.09024,1,-0.04234,-0.03785,0.67384,0.00478,1,0.02164,-0.03601,0.68400,0.00479,1,0,0.00000,13
0.20332,0.85167,5679.37744,0.21484,13752,1,0.16762,0.84129,1,0.26772,0.89454,1,0.21767,0.86791,1,0.33085,0.68138,22.69571,1.09024,1,0.58017,0.66930,23.93460,1.09024,1,-0.04234,-0.03785,0.67384,0.00478,1,0.02164,-0.03601,0.68400,0.00482,1,0,0.00000,13
0.20324,0.85211,5679.37744,0.22168,13752,1,0.16932,0.83258,1,0.23203,0.90107,1,0.20068,0.86682,1,0.33080,0.68133,22.76593,1.09024,1,0.58021,0.66927,24.01704,1.09024,1,-0.04234,-0.03785,0.67384,0.00477,1,0.02164,-0.03601,0.68400,0.00481,1,0,0.00000,13
0.20317,0.85253,5679.37744,0.22754,13752,1,0.16932,0.83258,1,0.23203,0.90107,1,0.20068,0.86682,1,0.33068,0.68126,22.28873,1.09024,1,0.58024,0.66928,23.89731,1.09024,1,-0.04289,-0.03819,0.68263,0.00487,1,0.02164,-0.03591,0.68400,0.00481,1,0,0.00000,13
0.20306,0.85216,5679.37744,0.23438,13752,1,0.16799,0.81738,1,0.23058,0.86095,1,0.19928,0.83917,1,0.33081,0.68111,22.68943,1.09024,1,0.58023,0.66909,24.00207,1.09024,1,-0.04289,-0.03819,0.68263,0.00481,1,0.02164,-0.03591,0.68400,0.00483,1,0,0.00000,13
0.20314,0.85191,5679.37744,0.24072,13752,1,0.17576,0.81743,1,0.23580,0.86807,1,0.20578,0.84275,1,0.33081,0.68108,22.74457,1.09024,1,0.58023,0.66909,24.00207,1.09024,1,-0.04289,-0.03819,0.68263,0.00475,1,0.02164,-0.03591,0.68400,0.00483,1,0,0.00000,13
0.20321,0.85167,5679.37744,0.24854,13752,1,0.17576,0.81743,1,0.23580,0.86807,1,0.20578,0.84275,1,0.33079,0.68104,22.73607,1.09024,1,0.58028,0.66908,24.07685,1.09024,1,-0.04289,-0.03819,0.68263,0.00477,1,0.02164,-0.03591,0.68400,0.00481,1,0,0.00000,13
0.20303,0.85147,5679.37744,0.25488,13752,1,0.18257,0.81199,1,0.21009,0.87606,1,0.19633,0.84403,1,0.33088,0.68100,22.78928,1.09024,1,0.58034,0.66908,24.04122,1.09024,1,-0.04289,-0.03819,0.68263,0.00478,1,0.02164,-0.03591,0.68400,0.00480,1,0,0.00000,13
0.20314,0.85151,5679.37744,0.26123,13752,1,0.19772,0.81889,1,0.21724,0.88714,1,0.20748,0.85302,1,0.33097,0.68096,22.64301,1.09024,1,0.58043,0.66905,24.01038,1.09024,1,-0.04289,-0.03819,0.68263,0.00479,1,0.02164,-0.03591,0.68400,0.00477,1,0,0.00000,13
0.20329,0.85156,5679.37744,0.26758,13752,1,0.20120,0.82065,1,0.21699,0.88690,1,0.20909,0.85378,1,0.33101,0.68103,22.53059,1.08233,1,0.58047,0.66914,23.95789,1.09150,1,-0.04100,-0.03655,0.65330,0.00478,1,0.02252,-0.03738,0.70997,0.00481,1,0,0.00000,13
0.20331,0.85195,5679.37744,0.27490,13752,1,0.17367,0.82287,1,0.23522,0.91285,1,0.20445,0.86786,1,0.33108,0.68104,22.52840,1.08360,1,0.58062,0.66929,24.11633,1.09276,1,-0.04100,-0.03655,0.65330,0.00486,1,0.02252,-0.03738,0.70997,0.00478,1,0,0.00000,13
0.20329,0.85118,5679.37744,0.28125,13752,1,0.15471,0.76964,1,0.25008,0.86804,1,0.20240,0.81884,1,0.33111,0.68110,22.36864,1.08486,1,0.58063,0.66939,24.10485,1.09403,1,-0.04100,-0.03655,0.65330,0.00486,1,0.02252,-0.03738,0.70997,0.00482,1,0,0.00000,13
0.20322,0.85042,5679.37744,0.28809,13752,1,0.15031,0.76723,1,0.25008,0.86804,1,0.20020,0.81764,1,0.33118,0.68127,22.23856,1.09403,1,0.58078,0.66959,24.01282,1.09403,1,-0.04268,-0.03823,0.68244,0.00481,1,0.02161,-0.03563,0.67669,0.00479,1,0,0.00000,13
0.20316,0.84923,5679.37744,0.29541,13752,1,0.16677,0.75391,1,0.23406,0.83978,1,0.20041,0.79684,1,0.33142,0.68148,22.55393,1.10193,1,0.58088,0.66970,24.07047,1.09276,1,-0.04268,-0.03823,0.68244,0.00488,1,0.02161,-0.03563,0.67669,0.00482,1,0,0.00000,13
0.20312,0.84847,5679.37744,0.30469,13752,1,0.16943,0.77348,1,0.23350,0.85502,1,0.20147,0.81425,1,0.33143,0.68150,22.36109,1.10067,1,0.58100,0.66985,23.98879,1.09150,1,-0.04268,-0.03823,0.68244,0.00488,1,0.02161,-0.03563,0.67669,0.00481,1,0,0.00000,13
0.20310,0.84775,5679.37744,0.31348,13752,1,0.17001,0.77380,1,0.23373,0.85530,1,0.20187,0.81455,1,0.33156,0.68173,22.77343,1.09941,1,0.58110,0.67004,24.10793,1.09024,1,-0.04243,-0.03816,0.67847,0.00485,1,0.02161,-0.03583,0.67669,0.00478,1,0,0.00000,13
0.20284,0.84812,5679.37744,0.32324,13752,1,0.17973,0.84901,1,0.20211,0.88232,1,0.19092,0.86566,1,0.33183,0.68214,22.46278,1.09024,1,0.58140,0.67046,23.99879,1.09024,1,-0.04243,-0.03816,0.67847,0.00493,1,0.02161,-0.03583,0.67669,0.00480,1,0,0.00000,13
0.20259,0.84783,5679.37744,0.33350,13752,1,0.18334,0.85058,1,0.20378,0.88388,1,0.19356,0.86723,1,0.33189,0.68243,22.37327,1.08233,1,0.58156,0.67063,23.95683,1.08233,1,-0.04152,-0.03768,0.66629,0.00485,1,0.02165,-0.03565,0.67141,0.00482,1,0,0.00000,13
0.20279,0.84705,5679.37744,0.33936,13752,1,0.18014,0.78296,1,0.22456,0.88539,1,0.20235,0.83417,1,0.33198,0.68273,22.16261,1.07443,1,0.58171,0.67113,23.82245,1.07443,1,-0.04152,-0.03768,0.66629,0.00483,1,0.02165,-0.03565,0.67141,0.00476,1,0,0.00000,13
0.20257,0.84668,5679.37744,0.34326,13752,1,0.18946,0.81472,1,0.24190,0.85570,1,0.21568,0.83521,1,0.33218,0.68278,22.36150,1.06653,1,0.58176,0.67122,23.82850,1.06653,1,-0.04152,-0.03768,0.66629,0.00481,1,0.02165,-0.03565,0.67141,0.00482,1,0,0.00000,13
0.20286,0.84665,5679.37744,0.34863,13752,1,0.18946,0.81472,1,0.24025,0.85363,1,0.21486,0.83417,1,0.33244,0.68305,22.86611,1.06653,1,0.58190,0.67147,23.87428,1.07569,1,-0.04291,-0.03904,0.68942,0.00476,1,0.02283,-0.03762,0.70644,0.00477,1,0,0.00000,13
0.20299,0.84589,5679.37744,0.35498,13752,1,0.20949,0.74594,1,0.20433,0.85200,1,0.20691,0.79897,1,0.33259,0.68325,22.43226,1.08360,1,0.58209,0.67184,23.76626,1.09276,1,-0.04291,-0.03904,0.68942,0.00477,1,0.02283,-0.03762,0.70644,0.00476,1,0,0.00000,13
0.20216,0.84430,5679.37744,0.36230,13752,1,0.14753,0.76744,1,0.21753,0.81370,1,0.18253,0.79057,1,0.33272,0.68348,22.41282,1.10067,1,0.58221,0.67206,23.75349,1.10983,1,-0.04291,-0.03904,0.68942,0.00478,1,0.02283,-0.03762,0.70644,0.00477,1,0,0.00000,13
0.20186,0.84224,5679.37744,0.36865,13752,1,0.13934,0.76300,1,0.21600,0.81167,1,0.17767,0.78734,1,0.33280,0.68372,22.30542,1.11774,1,0.58237,0.67214,23.89986,1.11774,1,-0.04156,-0.03814,0.67095,0.00478,1,0.02195,-0.03612,0.67450,0.00474,1,0,0.00000,13
0.20258,0.84109,5679.37744,0.37549,13752,1,0.20384,0.79581,1,0.24358,0.86320,1,0.22371,0.82951,1,0.33326,0.68370,22.39143,1.11774,1,0.58285,0.67257,23.83103,1.10857,1,-0.04156,-0.03814,0.67095,0.00487,1,0.02195,-0.03612,0.67450,0.00478,1,0,0.00000,13
0.20313,0.84130,5679.37744,0.38232,13752,1,0.21451,0.81202,1,0.27508,0.89743,1,0.24480,0.85473,1,0.33388,0.68381,22.69282,1.10857,1,0.58347,0.67270,23.73622,1.09941,1,-0.04156,-0.03814,0.67095,0.00487,1,0.02195,-0.03612,0.67450,0.00481,1,0,0.00000,13
0.20429,0.84159,5679.37744,0.38867,13752,1,0.22164,0.81585,1,0.27623,0.89886,1,0.24894,0.85736,1,0.33448,0.68378,23.00974,1.09150,1,0.58405,0.67281,23.68600,1.09150,1,-0.04060,-0.03750,0.65955,0.00477,1,0.02337,-0.03789,0.70659,0.00476,1,0,0.00000,13
0.20585,0.84143,5679.37744,0.39551,13752,1,0.23632,0.81197,1,0.29907,0.85920,1,0.26769,0.83558,1,0.33517,0.68368,22.74979,1.08360,1,0.58480,0.67296,23.49437,1.09276,1,-0.04060,-0.03750,0.65955,0.00478,1,0.02337,-0.03789,0.70659,0.00476,1,0,0.00000,13
0.20808,0.84006,5679.37744,0.40186,13752,1,0.27210,0.84113,1,0.33018,0.80336,1,0.30114,0.82224,1,0.33529,0.68361,22.46609,1.08486,1,0.58498,0.67299,23.45630,1.09403,1,-0.04060,-0.03750,0.65955,0.00479,1,0.02337,-0.03789,0.70659,0.00476,1,0,0.00000,13
0.23197,0.82492,5679.37744,0.40186,13752,0,0.26531,0.83741,1,0.32932,0.80096,1,0.29732,0.81919,1,0.33558,0.68372,22.52282,1.10298,1,0.58512,0.67309,23.60151,1.10298,1,-0.04293,-0.03983,0.70069,0.00484,1,0.02290,-0.03704,0.68791,0.00473,1,0,0.00000,13
0.25587,0.81330,5679.37744,0.40186,13752,0,0.25127,0.79443,1,0.30828,0.80893,1,0.27978,0.80168,1,0.33578,0.68368,22.45344,1.11985,1,0.58528,0.67312,23.56181,1.11068,1,-0.04293,-0.03983,0.70069,0.00479,1,0.02290,-0.03704,0.68791,0.00476,1,0,0.00000,13
0.25436,0.80608,5679.37744,0.40186,13752,0,0.21893,0.78560,1,0.28377,0.79769,1,0.25135,0.79164,1,0.33593,0.68371,22.72434,1.12754,1,0.58540,0.67319,23.57390,1.11838,1,-0.04293,-0.03983,0.70069,0.00475,1,0.02290,-0.03704,0.68791,0.00473,1,0,0.00000,13
0.25370,0.80255,5679.78613,0.02002,13753,1,0.21944,0.78590,1,0.28394,0.79803,1,0.25169,0.79196,1,0.33593,0.68364,22.35349,1.12628,1,0.58547,0.67325,23.51572,1.11711,1,-0.04150,-0.03866,0.68000,0.00481,1,0.02285,-0.03680,0.68330,0.00472,1,0,0.00000,13
0.25979,0.80400,5679.78613,0.02686,13753,1,0.25742,0.79367,1,0.31090,0.82588,1,0.28416,0.80977,1,0.33612,0.68347,22.14090,1.10816,1,0.58574,0.67323,23.63746,1.10816,1,-0.04150,-0.03866,0.68000,0.00484,1,0.02285,-0.03680,0.68330,0.00477,1,0,0.00000,13
0.26578,0.80383,5679.78613,0.03418,13753,1,0.26745,0.78802,1,0.32407,0.81802,1,0.29576,0.80302,1,0.33614,0.68331,21.97640,1.09920,1,0.58577,0.67322,23.70797,1.09920,1,-0.04150,-0.03866,0.68000,0.00481,1,0.02285,-0.03680,0.68330,0.00471,1,0,0.00000,13
0.27030,0.80387,5679.78613,0.04053,13753,1,0.27078,0.79022,1,0.32405,0.81796,1,0.29742,0.80409,1,0.33634,0.68336,22.24597,1.09024,1,0.58584,0.67323,23.57648,1.09941,1,-0.04150,-0.03866,0.68000,0.00479,1,0.02390,-0.03840,0.71311,0.00474,1,0,0.00000,13
0.26992,0.80220,5679.78613,0.04688,13753,1,0.22465,0.76504,1,0.30981,0.81603,1,0.26723,0.79054,1,0.33653,0.68351,22.25190,1.09941,1,0.58604,0.67326,23.49463,1.10857,1,-0.04150,-0.03866,0.68000,0.00477,1,0.02390,-0.03840,0.71311,0.00475,1,0,0.00000,13
0.26781,0.80301,5679.78613,0.05371,13753,1,0.22184,0.77292,1,0.28010,0.84608,1,0.25097,0.80950,1,0.33669,0.68350,22.74500,1.10857,1,0.58615,0.67329,23.51886,1.11774,1,-0.04150,-0.03866,0.68000,0.00477,1,0.02390,-0.03840,0.71311,0.00472,1,0,0.00000,13
0.26594,0.80355,5679.78613,0.06055,13753,1,0.21809,0.77058,1,0.28010,0.84608,1,0.24909,0.80833,1,0.33677,0.68335,22.46831,1.11774,1,0.58624,0.67327,23.51254,1.11774,1,-0.04121,-0.03858,0.67858,0.00479,1,0.02282,-0.03642,0.67632,0.00472,1,0,0.00000,13
0.26634,0.80361,5679.78613,0.06738,13753,1,0.24411,0.75785,1,0.29650,0.85065,1,0.27030,0.80425,1,0.33699,0.68339,22.46778,1.11774,1,0.58632,0.67335,23.48611,1.10857,1,-0.04121,-0.03858,0.67858,0.00478,1,0.02282,-0.03642,0.67632,0.00474,1,0,0.00000,13
0.26778,0.80391,5679.78613,0.07422,13753,1,0.25871,0.76937,1,0.30865,0.84498,1,0.28368,0.80717,1,0.33701,0.68339,22.44194,1.10857,1,0.58646,0.67337,23.49536,1.09941,1,-0.04121,-0.03858,0.67858,0.00478,1,0.02282,-0.03642,0.67632,0.00473,1,0,0.00000,13
0.26914,0.80425,5679.78613,0.08057,13753,1,0.26216,0.77174,1,0.30865,0.84498,1,0.28541,0.80836,1,0.33707,0.68340,22.43612,1.09941,1,0.58655,0.67344,23.54725,1.09941,1,-0.04121,-0.03858,0.67858,0.00477,1,0.02384,-0.03801,0.70485,0.00474,1,0,0.00000,13
0.27154,0.80363,5679.78613,0.08740,13753,1,0.27438,0.79464,1,0.33108,0.79655,1,0.30273,0.79560,1,0.33725,0.68351,22.47070,1.09941,1,0.58671,0.67357,23.48086,1.10857,1,-0.04121,-0.03858,0.67858,0.00479,1,0.02384,-0.03801,0.70485,0.00466,1,0,0.00000,13
0.27370,0.80363,5679.78613,0.09375,13753,1,0.27697,0.80381,1,0.33102,0.80352,1,0.30399,0.80367,1,0.33732,0.68356,22.19623,1.10857,1,0.58677,0.67365,23.39326,1.11774,1,-0.04121,-0.03858,0.67858,0.00482,1,0.02384,-0.03801,0.70485,0.00470,1,0,0.00000,13
0.27552,0.80364,5679.78613,0.10059,13753,1,0.27366,0.80169,1,0.33177,0.80564,1,0.30272,0.80366,1,0.33739,0.68354,22.42881,1.11774,1,0.58684,0.67371,23.40670,1.10965,1,-0.04114,-0.03870,0.68074,0.00481,1,0.02200,-0.03494,0.64786,0.00472,1,0,0.00000,13
0.27387,0.80440,5679.78613,0.10742,13753,1,0.21788,0.79689,1,0.27706,0.83631,1,0.24747,0.81660,1,0.33755,0.68373,22.63496,1.10965,1,0.58692,0.67376,23.38398,1.09240,1,-0.04114,-0.03870,0.68074,0.00476,1,0.02200,-0.03494,0.64786,0.00469,1,0,0.00000,13
0.27322,0.80398,5679.78613,0.11377,13753,1,0.23051,0.73981,1,0.29408,0.85379,1,0.26230,0.79680,1,0.33760,0.68373,22.44361,1.09240,1,0.58698,0.67382,23.41980,1.07514,1,-0.04114,-0.03870,0.68074,0.00477,1,0.02200,-0.03494,0.64786,0.00469,1,0,0.00000,13
0.27286,0.80378,5679.78613,0.12207,13753,1,0.23753,0.74475,1,0.29528,0.85586,1,0.26641,0.80030,1,0.33758,0.68377,22.49954,1.07514,1,0.58707,0.67385,23.40158,1.06598,1,-0.04114,-0.03880,0.68074,0.00476,1,0.02299,-0.03656,0.67523,0.00472,1,0,0.00000,13
0.27265,0.80366,5679.78613,0.12744,13753,1,0.24841,0.77872,1,0.28881,0.82400,1,0.26861,0.80136,1,0.33758,0.68380,22.39919,1.06598,1,0.58699,0.67395,23.62215,1.07406,1,-0.04114,-0.03880,0.68074,0.00483,1,0.02299,-0.03656,0.67523,0.00469,1,0,0.00000,13
0.27086,0.80284,5679.78613,0.13428,13753,1,0.20477,0.73012,1,0.26538,0.84254,1,0.23507,0.78633,1,0.33725,0.68407,22.20705,1.07406,1,0.58661,0.67407,23.37596,1.08215,1,-0.04114,-0.03880,0.68074,0.00482,1,0.02299,-0.03656,0.67523,0.00472,1,0,0.00000,13
0.26913,0.80199,5679.78613,0.14111,13753,1,0.20123,0.72771,1,0.26412,0.84064,1,0.23268,0.78417,1,0.33692,0.68420,22.45626,1.08215,1,0.58623,0.67420,23.49772,1.09024,1,-0.04121,-0.03878,0.67858,0.00479,1,0.02303,-0.03696,0.68264,0.00472,1,0,0.00000,13
0.26469,0.80231,5679.78613,0.14746,13753,1,0.16731,0.76214,1,0.16670,0.85666,1,0.16700,0.80940,1,0.33634,0.68436,22.70121,1.09024,1,0.58524,0.67439,23.29636,1.09024,1,-0.04121,-0.03878,0.67858,0.00477,1,0.02303,-0.03696,0.68264,0.00468,1,0,0.00000,13
0.26129,0.80239,5679.78613,0.15430,13753,1,0.14240,0.75991,1,0.22380,0.84837,1,0.18310,0.80414,1,0.33601,0.68458,22.05249,1.09024,1,0.58508,0.67432,23.27785,1.09024,1,-0.04121,-0.03878,0.67858,0.00476,1,0.02303,-0.03696,0.68264,0.00471,1,0,0.00000,13
0.25816,0.80246,5679.78613,0.16064,13753,1,0.14240,0.75991,1,0.22380,0.84837,1,0.18310,0.80414,1,0.33582,0.68453,22.30302,1.09024,1,0.58478,0.67434,23.48921,1.09024,1,-0.04121,-0.03878,0.67858,0.00483,1,0.02269,-0.03657,0.67537,0.00467,1,0,0.00000,13
0.25443,0.80274,5679.78613,0.16797,13753,1,0.14681,0.76092,1,0.17557,0.85898,1,0.16119,0.80995,1,0.33588,0.68448,22.25773,1.09024,1,0.58502,0.67438,23.35868,1.09024,1,-0.04121,-0.03878,0.67858,0.00481,1,0.02269,-0.03657,0.67537,0.00469,1,0,0.00000,13
0.22355,0.80314,5679.78613,0.16797,13753,0,0.16676,0.76067,1,0.17912,0.88099,1,0.17294,0.82083,1,0.33595,0.68462,22.21918,1.09024,1,0.58500,0.67444,23.24986,1.09024,1,-0.04121,-0.03878,0.67858,0.00478,1,0.02269,-0.03657,0.67537,0.00472,1,0,0.00000,13
0.19771,0.81153,5679.78613,0.16797,13753,0,0.16676,0.76067,1,0.17699,0.87916,1,0.17187,0.81992,1,0.33611,0.68465,22.53827,1.09024,1,0.58518,0.67447,23.32205,1.09941,1,-0.04121,-0.03878,0.67858,0.00474,1,0.02375,-0.03825,0.70548,0.00465,1,0,0.00000,13
0.19118,0.81802,5679.78613,0.16797,13753,0,0.17048,0.78079,1,0.18577,0.88119,1,0.17813,0.83099,1,0.33615,0.68461,22.43361,1.09941,1,0.58516,0.67444,23.11861,1.10857,1,-0.04121,-0.03878,0.67858,0.00473,1,0.02375,-0.03825,0.70548,0.00465,1,0,0.00000,13
0.18744,0.81773,5679.96045,0.02002,13754,1,0.15893,0.76975,1,0.19347,0.86401,1,0.17620,0.81688,1,0.33621,0.68461,22.61515,1.10857,1,0.58518,0.67444,23.13267,1.11774,1,-0.04121,-0.03878,0.67858,0.00474,1,0.02375,-0.03825,0.70548,0.00464,1,0,0.00000,13
0.18476,0.81733,5679.96045,0.02637,13754,1,0.15466,0.76740,1,0.19347,0.86401,1,0.17406,0.81571,1,0.33624,0.68464,22.50186,1.11774,1,0.58517,0.67442,23.20434,1.11774,1,-0.04121,-0.03878,0.67858,0.00473,1,0.02303,-0.03696,0.68264,0.00464,1,0,0.00000,13
0.18414,0.81761,5679.96045,0.03320,13754,1,0.16589,0.77226,1,0.19619,0.86585,1,0.18104,0.81905,1,0.33624,0.68461,22.52210,1.11774,1,0.58527,0.67439,23.05165,1.10857,1,-0.04121,-0.03878,0.67858,0.00472,1,0.02303,-0.03696,0.68264,0.00464,1,0,0.00000,13
0.18493,0.81669,5679.96045,0.04199,13754,1,0.17389,0.76932,1,0.20542,0.85295,1,0.18965,0.81114,1,0.33634,0.68450,22.66204,1.10857,1,0.58534,0.67439,22.95101,1.09941,1,-0.04121,-0.03878,0.67858,0.00471,1,0.02303,-0.03696,0.68264,0.00463,1,0,0.00000,13
0.18590,0.81627,5679.96045,0.04785,13754,1,0.17804,0.77168,1,0.20732,0.85500,1,0.19268,0.81334,1,0.33638,0.68446,22.58545,1.09941,1,0.58546,0.67439,22.99506,1.09024,1,-0.04121,-0.03878,0.67858,0.00475,1,0.02303,-0.03696,0.68264,0.00465,1,0,0.00000,13
0.18772,0.81600,5679.96045,0.05371,13754,1,0.19278,0.77825,1,0.21178,0.84946,1,0.20228,0.81386,1,0.33641,0.68447,22.49217,1.09024,1,0.58544,0.67434,23.27303,1.09024,1,-0.04121,-0.03878,0.67858,0.00476,1,0.02303,-0.03696,0.68264,0.00463,1,0,0.00000,13
0.18993,0.81529,5679.96045,0.06055,13754,1,0.20013,0.77262,1,0.21945,0.84515,1,0.20979,0.80888,1,0.33645,0.68447,22.29901,1.09024,1,0.58550,0.67429,23.12109,1.09024,1,-0.04121,-0.03878,0.67858,0.00474,1,0.02303,-0.03696,0.68264,0.00461,1,0,0.00000,13
0.19155,0.81459,5679.96045,0.06738,13754,1,0.19622,0.77029,1,0.21928,0.84495,1,0.20775,0.80762,1,0.33644,0.68444,22.30039,1.09920,1,0.58555,0.67432,23.17757,1.09111,1,-0.04244,-0.03998,0.69962,0.00475,1,0.02242,-0.03595,0.66302,0.00458,1,0,0.00000,13
0.19105,0.81339,5679.96045,0.07373,13754,1,0.13386,0.75243,1,0.23746,0.84797,1,0.18566,0.80020,1,0.33655,0.68439,22.20979,1.10007,1,0.58573,0.67432,22.87718,1.09198,1,-0.04244,-0.03998,0.69962,0.00474,1,0.02242,-0.03595,0.66302,0.00460,1,0,0.00000,13
0.18903,0.81146,5679.96045,0.08057,13754,1,0.12880,0.74854,1,0.20071,0.82793,1,0.16476,0.78823,1,0.33658,0.68443,22.14849,1.10094,1,0.58572,0.67422,22.91479,1.09285,1,-0.04244,-0.03998,0.69962,0.00472,1,0.02242,-0.03595,0.66302,0.00462,1,0,0.00000,13
0.18744,0.80988,5679.96045,0.08789,13754,1,0.13282,0.75077,1,0.20071,0.82793,1,0.16676,0.78935,1,0.33659,0.68444,22.06505,1.09285,1,0.58581,0.67421,22.94452,1.09285,1,-0.04114,-0.03890,0.68074,0.00474,1,0.02299,-0.03674,0.67844,0.00459,1,0,0.00000,13
0.18673,0.80884,5679.96045,0.09375,13754,1,0.16280,0.74333,1,0.19063,0.84524,1,0.17671,0.79428,1,0.33672,0.68448,22.17491,1.08389,1,0.58595,0.67429,22.83109,1.09198,1,-0.04114,-0.03890,0.68074,0.00474,1,0.02299,-0.03674,0.67844,0.00466,1,0,0.00000,13
0.18628,0.80827,5679.96045,0.10010,13754,1,0.17089,0.75696,1,0.18826,0.84253,1,0.17957,0.79974,1,0.33679,0.68443,21.96845,1.08302,1,0.58599,0.67427,22.82784,1.09111,1,-0.04114,-0.03890,0.68074,0.00471,1,0.02299,-0.03674,0.67844,0.00462,1,0,0.00000,13
0.18590,0.80778,5679.96045,0.10693,13754,1,0.17129,0.75719,1,0.18845,0.84274,1,0.17987,0.79997,1,0.33678,0.68449,21.87462,1.08215,1,0.58601,0.67429,22.83023,1.09024,1,-0.04114,-0.03890,0.68074,0.00470,1,0.02311,-0.03682,0.67901,0.00461,1,0,0.00000,13
0.18645,0.80800,5679.96045,0.11377,13754,1,0.17620,0.76515,1,0.21539,0.85829,1,0.19580,0.81172,1,0.33702,0.68441,22.41072,1.09024,1,0.58613,0.67434,23.01299,1.09024,1,-0.04114,-0.03890,0.68074,0.00471,1,0.02311,-0.03682,0.67901,0.00458,1,0,0.00000,13
0.18767,0.80792,5679.96045,0.12012,13754,1,0.19136,0.75771,1,0.22796,0.85526,1,0.20966,0.80649,1,0.33712,0.68444,22.35557,1.09024,1,0.58625,0.67440,22.85523,1.09024,1,-0.04114,-0.03890,0.68074,0.00474,1,0.02311,-0.03682,0.67901,0.00460,1,0,0.00000,13
0.18877,0.80785,5679.96045,0.12695,13754,1,0.19136,0.75771,1,0.22796,0.85526,1,0.20966,0.80649,1,0.33715,0.68441,22.33173,1.09024,1,0.58642,0.67433,22.83607,1.09024,1,-0.04114,-0.03890,0.68074,0.00474,1,0.02291,-0.03639,0.67014,0.00456,1,0,0.00000,13
0.18905,0.80784,5679.96045,0.13379,13754,1,0.17581,0.76500,1,0.21322,0.85028,1,0.19451,0.80764,1,0.33726,0.68440,22.21704,1.09024,1,0.58659,0.67435,22.91111,1.09024,1,-0.04114,-0.03890,0.68074,0.00475,1,0.02291,-0.03639,0.67014,0.00457,1,0,0.00000,13
0.18788,0.80789,5679.96045,0.14014,13754,1,0.14276,0.74049,1,0.18401,0.87727,1,0.16339,0.80888,1,0.33731,0.68440,22.21753,1.09024,1,0.58656,0.67441,22.90715,1.09024,1,-0.04114,-0.03890,0.68074,0.00475,1,0.02291,-0.03639,0.67014,0.00457,1,0,0.00000,13
0.18677,0.80789,5679.96045,0.14746,13754,1,0.14276,0.74049,1,0.18192,0.87541,1,0.16234,0.80795,1,0.33739,0.68449,22.08304,1.09024,1,0.58678,0.67447,22.79438,1.09941,1,-0.04111,-0.03906,0.68355,0.00473,1,0.02405,-0.03811,0.70186,0.00459,1,0,0.00000,13
0.18691,0.80538,5679.96045,0.15381,13754,1,0.16834,0.75769,1,0.21179,0.73765,1,0.19006,0.74767,1,0.33753,0.68451,21.91806,1.09941,1,0.58695,0.67453,22.91799,1.10857,1,-0.04111,-0.03906,0.68355,0.00474,1,0.02405,-0.03811,0.70186,0.00454,1,0,0.00000,13
0.18711,0.80353,5679.96045,0.16016,13754,1,0.16329,0.76853,1,0.22074,0.74989,1,0.19202,0.75921,1,0.33767,0.68456,22.10620,1.10857,1,0.58708,0.67462,22.90255,1.11774,1,-0.04111,-0.03906,0.68355,0.00470,1,0.02405,-0.03811,0.70186,0.00457,1,0,0.00000,13
0.18725,0.80183,5679.96045,0.16699,13754,1,0.15906,0.76617,1,0.22227,0.75242,1,0.19066,0.75930,1,0.33780,0.68456,22.20759,1.11774,1,0.58715,0.67470,22.77723,1.10965,1,-0.04111,-0.03906,0.68355,0.00470,1,0.02296,-0.03627,0.66709,0.00458,1,0,0.00000,13
0.18665,0.80063,5679.96045,0.17383,13754,1,0.12086,0.75668,1,0.22128,0.78193,1,0.17107,0.76931,1,0.33811,0.68452,22.16169,1.10965,1,0.58745,0.67476,22.97965,1.09240,1,-0.04111,-0.03906,0.68355,0.00471,1,0.02296,-0.03627,0.66709,0.00459,1,0,0.00000,13
0.18594,0.79976,5679.96045,0.18115,13754,1,0.13837,0.76390,1,0.19513,0.78865,1,0.16675,0.77628,1,0.33816,0.68449,22.26013,1.09240,1,0.58749,0.67480,23.04646,1.07514,1,-0.04111,-0.03906,0.68355,0.00469,1,0.02296,-0.03627,0.66709,0.00456,1,0,0.00000,13
0.18549,0.79911,5679.96045,0.18701,13754,1,0.14685,0.76848,1,0.19893,0.79365,1,0.17289,0.78106,1,0.33823,0.68460,21.99109,1.07514,1,0.58766,0.67483,22.89123,1.05789,1,0.00000,0.00000,0.00000,0.00476,0,0.02299,-0.03606,0.66233,0.00456,1,0,0.00000,13
0.18623,0.79903,5679.96045,0.19385,13754,1,0.18340,0.78352,1,0.23221,0.80987,1,0.20780,0.79669,1,0.33834,0.68459,21.82059,1.05789,1,0.58788,0.67491,22.86813,1.05789,1,0.00000,0.00000,0.00000,0.00476,0,0.02299,-0.03606,0.66233,0.00454,1,0,0.00000,13
0.18741,0.79933,5679.96045,0.20068,13754,1,0.19532,0.79198,1,0.25043,0.82468,1,0.22288,0.80833,1,0.33855,0.68461,22.28595,1.05789,1,0.58805,0.67500,22.83655,1.05789,1,0.00000,0.00000,0.00000,0.00469,0,0.02299,-0.03606,0.66233,0.00455,1,0,0.00000,13
0.18850,0.79958,5679.96045,0.20752,13754,1,0.19532,0.79198,1,0.24904,0.82259,1,0.22218,0.80729,1,0.33877,0.68468,22.34126,1.05789,1,0.58811,0.67517,22.79647,1.06598,1,-0.04081,-0.03907,0.68370,0.00469,1,0.02337,-0.03647,0.66883,0.00455,1,0,0.00000,13
0.18789,0.79935,5679.96045,0.21484,13754,1,0.15092,0.72841,1,0.18562,0.85550,1,0.16827,0.79195,1,0.33892,0.68465,22.19241,1.06598,1,0.58841,0.67526,22.83614,1.07406,1,-0.04081,-0.03907,0.68370,0.00474,1,0.02337,-0.03647,0.66883,0.00456,1,0,0.00000,13
0.18794,0.79819,5679.96045,0.22119,13754,1,0.16356,0.67032,1,0.21579,0.84982,1,0.18968,0.76007,1,0.33902,0.68471,22.05237,1.07406,1,0.58847,0.67528,22.67422,1.08215,1,-0.04081,-0.03907,0.68370,0.00476,1,0.02337,-0.03647,0.66883,0.00457,1,0,0.00000,13
0.18794,0.79707,5679.96045,0.22803,13754,1,0.15974,0.66753,1,0.21579,0.84982,1,0.18776,0.75867,1,0.33924,0.68474,22.55961,1.08215,1,0.58870,0.67538,22.54872,1.08215,1,-0.04030,-0.03889,0.67692,0.00473,1,0.02297,-0.03581,0.65588,0.00458,1,0,0.00000,13
0.18811,0.79536,5679.96045,0.23486,13754,1,0.17752,0.73508,1,0.21122,0.73605,1,0.19437,0.73556,1,0.33936,0.68477,22.30516,1.08215,1,0.58891,0.67538,22.80041,1.07406,1,-0.04030,-0.03889,0.67692,0.00472,1,0.02297,-0.03581,0.65588,0.00456,1,0,0.00000,13
0.18842,0.79351,5679.96045,0.24170,13754,1,0.20493,0.69526,1,0.19419,0.75846,1,0.19956,0.72686,1,0.33947,0.68473,22.16102,1.07406,1,0.58893,0.67545,22.58551,1.06598,1,-0.04030,-0.03889,0.67692,0.00474,1,0.02297,-0.03581,0.65588,0.00462,1,0,0.00000,13
0.18876,0.79179,5679.96045,0.24902,13754,1,0.20846,0.69790,1,0.19419,0.75846,1,0.20132,0.72818,1,0.33962,0.68471,22.08988,1.06598,1,0.58916,0.67555,22.69271,1.06598,1,-0.03993,-0.03867,0.67402,0.00472,1,0.02382,-0.03690,0.67583,0.00456,1,0,0.00000,13
0.18889,0.78988,5679.96045,0.25488,13754,1,0.16141,0.67179,1,0.22579,0.76282,1,0.19360,0.71731,1,0.33979,0.68475,22.09835,1.06598,1,0.58930,0.67551,22.91761,1.07406,1,-0.03993,-0.03867,0.67402,0.00472,1,0.02382,-0.03690,0.67583,0.00454,1,0,0.00000,13
0.19739,0.76140,5679.96045,0.25488,13754,0,0.17907,0.68393,1,0.23775,0.76562,1,0.20841,0.72477,1,0.33985,0.68468,22.02452,1.07406,1,0.58951,0.67549,22.74148,1.08215,1,-0.03993,-0.03867,0.67402,0.00475,1,0.02382,-0.03690,0.67583,0.00455,1,0,0.00000,13
0.20161,0.74179,5679.96045,0.25488,13754,0,0.17536,0.68122,1,0.23629,0.76313,1,0.20582,0.72217,1,0.34012,0.68473,22.37882,1.08215,1,0.58957,0.67564,22.78447,1.09024,1,-0.04102,-0.03962,0.69244,0.00467,1,0.02427,-0.03744,0.68568,0.00452,1,0,0.00000,13
0.19888,0.74698,5679.96045,0.25488,13754,0,0.19275,0.73737,1,0.19410,0.77735,1,0.19342,0.75736,1,0.34028,0.68475,22.28417,1.09024,1,0.58982,0.67553,22.61121,1.09024,1,-0.04102,-0.03962,0.69244,0.00466,1,0.02427,-0.03744,0.68568,0.00451,1,0,0.00000,13
0.19046,0.74571,5680.22266,0.01953,13755,1,0.13144,0.71666,1,0.19900,0.76711,1,0.16522,0.74189,1,0.34033,0.68473,22.40620,1.09024,1,0.58993,0.67560,22.58787,1.09024,1,-0.04102,-0.03962,0.69244,0.00467,1,0.02427,-0.03744,0.68568,0.00454,1,0,0.00000,13
0.18541,0.74494,5680.22266,0.02588,13755,1,0.13144,0.71666,1,0.19900,0.76711,1,0.16522,0.74189,1,0.34041,0.68468,22.19187,1.09024,1,0.58998,0.67555,22.60860,1.09024,1,-0.03975,-0.03865,0.67446,0.00469,1,0.02440,-0.03753,0.68643,0.00454,1,0,0.00000,13
0.18660,0.74342,5680.22266,0.03271,13755,1,0.14975,0.71823,1,0.23528,0.75338,1,0.19251,0.73581,1,0.34062,0.68462,22.02257,1.09024,1,0.59022,0.67563,22.79292,1.09024,1,-0.03975,-0.03865,0.67446,0.00475,1,0.02440,-0.03753,0.68643,0.00453,1,0,0.00000,13
0.18898,0.74158,5680.22266,0.03955,13755,1,0.16080,0.71384,1,0.24571,0.74730,1,0.20326,0.73057,1,0.34064,0.68465,22.07641,1.09024,1,0.59034,0.67566,22.72819,1.09024,1,-0.03975,-0.03865,0.67446,0.00475,1,0.02440,-0.03753,0.68643,0.00451,1,0,0.00000,13
0.19076,0.74021,5680.22266,0.04590,13755,1,0.16080,0.71384,1,0.24571,0.74730,1,0.20326,0.73057,1,0.34086,0.68459,22.34428,1.09024,1,0.59044,0.67556,22.53655,1.09024,1,-0.03975,-0.03855,0.67446,0.00470,1,0.02409,-0.03695,0.67483,0.00451,1,0,0.00000,13
0.19015,0.74269,5680.22266,0.05273,13755,1,0.17929,0.75395,1,0.19129,0.77116,1,0.18529,0.76255,1,0.34104,0.68449,22.64834,1.09024,1,0.59065,0.67556,22.58339,1.09024,1,-0.03975,-0.03855,0.67446,0.00465,1,0.02409,-0.03695,0.67483,0.00453,1,0,0.00000,13
0.19099,0.74421,5680.22266,0.05957,13755,1,0.19469,0.76064,1,0.20240,0.75520,1,0.19854,0.75792,1,0.34117,0.68437,22.26880,1.09024,1,0.59069,0.67557,22.58401,1.09024,1,-0.03975,-0.03855,0.67446,0.00472,1,0.02409,-0.03695,0.67483,0.00452,1,0,0.00000,13
0.19191,0.74567,5680.22266,0.06543,13755,1,0.19817,0.76277,1,0.20406,0.75771,1,0.20111,0.76024,1,0.34115,0.68436,21.94263,1.08234,1,0.59082,0.67558,22.71952,1.08234,1,-0.03851,-0.03749,0.65600,0.00478,1,0.02409,-0.03680,0.67211,0.00453,1,0,0.00000,13
0.19188,0.74465,5680.22266,0.07275,13755,1,0.15401,0.72240,1,0.22904,0.74436,1,0.19153,0.73338,1,0.34127,0.68422,22.10830,1.07443,1,0.59096,0.67555,22.45279,1.07443,1,-0.03851,-0.03749,0.65600,0.00474,1,0.02409,-0.03680,0.67211,0.00448,1,0,0.00000,13
0.19339,0.74452,5680.22266,0.07910,13755,1,0.17887,0.73586,1,0.24424,0.75020,1,0.21156,0.74303,1,0.34129,0.68418,21.92669,1.06653,1,0.59112,0.67550,22.47698,1.06653,1,-0.03851,-0.03749,0.65600,0.00475,1,0.02409,-0.03680,0.67211,0.00451,1,0,0.00000,13
0.19463,0.74431,5680.22266,0.08594,13755,1,0.17887,0.73586,1,0.24262,0.74720,1,0.21075,0.74153,1,0.34161,0.68409,22.38716,1.06653,1,0.59119,0.67543,22.43329,1.07569,1,-0.03998,-0.03897,0.68191,0.00477,1,0.02476,-0.03769,0.68940,0.00452,1,0,0.00000,13
0.19507,0.74269,5680.22266,0.09326,13755,1,0.20943,0.71938,1,0.19304,0.72079,1,0.20124,0.72008,1,0.34189,0.68383,22.39206,1.08360,1,0.59142,0.67542,22.46824,1.09277,1,-0.03998,-0.03897,0.68191,0.00476,1,0.02476,-0.03769,0.68940,0.00448,1,0,0.00000,13
0.19554,0.74097,5680.22266,0.09961,13755,1,0.20579,0.70078,1,0.19914,0.72945,1,0.20247,0.71511,1,0.34196,0.68386,22.63410,1.10067,1,0.59148,0.67541,22.57319,1.10984,1,-0.03998,-0.03897,0.68191,0.00472,1,0.02476,-0.03769,0.68940,0.00446,1,0,0.00000,13
0.19583,0.73936,5680.22266,0.10645,13755,1,0.20189,0.69790,1,0.19914,0.72945,1,0.20052,0.71367,1,0.34211,0.68384,22.07909,1.10984,1,0.59171,0.67530,22.39815,1.10984,1,-0.03845,-0.03762,0.65826,0.00471,1,0.02441,-0.03698,0.67551,0.00451,1,0,0.00000,13
0.19559,0.73761,5680.22266,0.11279,13755,1,0.15178,0.67824,1,0.23133,0.73741,1,0.19155,0.70782,1,0.34219,0.68385,22.17214,1.10193,1,0.59182,0.67540,22.32520,1.09277,1,-0.03845,-0.03762,0.65826,0.00472,1,0.02441,-0.03698,0.67551,0.00447,1,0,0.00000,13
0.19568,0.73627,5680.22266,0.11963,13755,1,0.15871,0.68791,1,0.23570,0.73640,1,0.19721,0.71215,1,0.34216,0.68383,21.97371,1.08486,1,0.59185,0.67539,22.39146,1.07569,1,-0.03845,-0.03762,0.65826,0.00476,1,0.02441,-0.03698,0.67551,0.00445,1,0,0.00000,13
0.19594,0.73529,5680.22266,0.12695,13755,1,0.16306,0.69091,1,0.23885,0.74223,1,0.20095,0.71657,1,0.34221,0.68385,21.81677,1.07569,1,0.59197,0.67541,22.32520,1.05844,1,-0.04036,-0.03954,0.69190,0.00474,1,0.02372,-0.03586,0.65499,0.00447,1,0,0.00000,13
0.19677,0.73510,5680.22266,0.13330,13755,1,0.19757,0.69300,1,0.22913,0.76989,1,0.21335,0.73145,1,0.34248,0.68375,22.16830,1.06634,1,0.59214,0.67542,22.53023,1.05826,1,-0.04036,-0.03954,0.69190,0.00472,1,0.02372,-0.03586,0.65499,0.00446,1,0,0.00000,13
0.19774,0.73406,5680.22266,0.14062,13755,1,0.19776,0.68143,1,0.23828,0.74275,1,0.21802,0.71209,1,0.34264,0.68375,22.35406,1.06616,1,0.59219,0.67545,22.48520,1.05807,1,-0.04036,-0.03954,0.69190,0.00470,1,0.02372,-0.03586,0.65499,0.00448,1,0,0.00000,13
0.19847,0.73291,5680.22266,0.14648,13755,1,0.19385,0.67845,1,0.23520,0.73706,1,0.21452,0.70775,1,0.34267,0.68372,22.19259,1.07493,1,0.59223,0.67544,22.45700,1.07493,1,-0.04116,-0.04038,0.70653,0.00472,1,0.02483,-0.03731,0.68149,0.00446,1,0,0.00000,13
0.19752,0.73185,5680.22266,0.15430,13755,1,0.13879,0.65820,1,0.21269,0.75644,1,0.17574,0.70732,1,0.34273,0.68363,22.20525,1.08389,1,0.59237,0.67548,22.29194,1.09198,1,-0.04116,-0.04038,0.70653,0.00465,1,0.02483,-0.03731,0.68149,0.00444,1,0,0.00000,13
0.19654,0.73032,5680.22266,0.16016,13755,1,0.13367,0.64746,1,0.21266,0.73986,1,0.17317,0.69366,1,0.34276,0.68359,22.19358,1.10094,1,0.59248,0.67553,22.15226,1.10903,1,-0.04116,-0.04038,0.70653,0.00468,1,0.02483,-0.03731,0.68149,0.00444,1,0,0.00000,13
0.19554,0.72880,5680.22266,0.16699,13755,1,0.12973,0.64460,1,0.21107,0.73723,1,0.17040,0.69092,1,0.34286,0.68363,21.96549,1.10903,1,0.59253,0.67547,22.16491,1.11712,1,-0.03929,-0.03869,0.67707,0.00466,1,0.02483,-0.03731,0.68149,0.00443,1,0,0.00000,13
0.19459,0.72793,5680.22266,0.17334,13755,1,0.14297,0.64630,1,0.19707,0.76399,1,0.17002,0.70514,1,0.34298,0.68362,22.12788,1.10816,1,0.59262,0.67556,22.32931,1.10816,1,-0.03929,-0.03869,0.67707,0.00470,1,0.02483,-0.03731,0.68149,0.00443,1,0,0.00000,13
0.19431,0.72741,5680.22266,0.18018,13755,1,0.17038,0.65869,1,0.20279,0.76798,1,0.18658,0.71333,1,0.34305,0.68363,21.98807,1.09920,1,0.59270,0.67555,22.33377,1.09920,1,-0.03929,-0.03869,0.67707,0.00469,1,0.02483,-0.03731,0.68149,0.00448,1,0,0.00000,13
0.19414,0.72702,5680.22266,0.18701,13755,1,0.17446,0.66180,1,0.20465,0.77069,1,0.18956,0.71624,1,0.34308,0.68358,21.79222,1.09024,1,0.59287,0.67562,22.33491,1.09024,1,-0.03929,-0.03869,0.67707,0.00469,1,0.02489,-0.03724,0.68025,0.00442,1,0,0.00000,13
0.19433,0.72646,5680.22266,0.19336,13755,1,0.17650,0.66932,1,0.22305,0.75097,1,0.19977,0.71014,1,0.34329,0.68367,22.26413,1.09024,1,0.59287,0.67563,22.07509,1.09024,1,-0.03929,-0.03869,0.67707,0.00464,1,0.02489,-0.03724,0.68025,0.00445,1,0,0.00000,13
0.19476,0.72632,5680.22266,0.20020,13755,1,0.18677,0.67096,1,0.22832,0.77312,1,0.20755,0.72204,1,0.34342,0.68370,22.38776,1.09024,1,0.59291,0.67566,22.18054,1.09024,1,-0.03929,-0.03869,0.67707,0.00462,1,0.02489,-0.03724,0.68025,0.00446,1,0,0.00000,13
0.19516,0.72618,5680.22266,0.20703,13755,1,0.18677,0.67096,1,0.22832,0.77312,1,0.20755,0.72204,1,0.34338,0.68370,22.12613,1.09024,1,0.59300,0.67573,22.19168,1.09024,1,-0.03929,-0.03869,0.67707,0.00463,1,0.02508,-0.03737,0.68256,0.00445,1,0,0.00000,13
0.19516,0.72621,5680.22266,0.21338,13755,1,0.18935,0.67635,1,0.20121,0.77757,1,0.19528,0.72696,1,0.34348,0.68367,22.09958,1.09024,1,0.59300,0.67573,22.19168,1.09024,1,-0.03929,-0.03869,0.67707,0.00464,1,0.02508,-0.03737,0.68256,0.00445,1,0,0.00000,13
0.19533,0.72617,5680.22266,0.22021,13755,1,0.20028,0.67601,1,0.20123,0.77416,1,0.20076,0.72509,1,0.34352,0.68367,22.24253,1.09024,1,0.59313,0.67570,22.12587,1.09024,1,-0.03929,-0.03869,0.67707,0.00463,1,0.02508,-0.03737,0.68256,0.00445,1,0,0.00000,13
0.19548,0.72614,5680.22266,0.22705,13755,1,0.20028,0.67601,1,0.20123,0.77416,1,0.20076,0.72509,1,0.34352,0.68361,22.20124,1.09024,1,0.59313,0.67570,22.12587,1.09024,1,-0.03936,-0.03886,0.67994,0.00466,1,0.02508,-0.03737,0.68256,0.00445,1,0,0.00000,13
0.19520,0.72623,5680.22266,0.23486,13755,1,0.16665,0.66789,1,0.20412,0.79050,1,0.18538,0.72919,1,0.34359,0.68371,21.90699,1.09024,1,0.59322,0.67575,22.19551,1.09024,1,-0.03936,-0.03886,0.67994,0.00466,1,0.02508,-0.03737,0.68256,0.00446,1,0,0.00000,13
0.19513,0.72647,5680.22266,0.24023,13755,1,0.17193,0.68677,1,0.21327,0.78341,1,0.19260,0.73509,1,0.34360,0.68374,21.90866,1.09024,1,0.59318,0.67586,22.11702,1.09024,1,-0.03936,-0.03886,0.67994,0.00467,1,0.02508,-0.03737,0.68256,0.00447,1,0,0.00000,13
0.19513,0.72676,5680.22266,0.24707,13755,1,0.17556,0.68936,1,0.21486,0.78570,1,0.19521,0.73753,1,0.34360,0.68382,21.93913,1.08234,1,0.59319,0.67588,22.10567,1.08234,1,-0.03837,-0.03794,0.66381,0.00462,1,0.02461,-0.03673,0.66988,0.00446,1,0,0.00000,13
0.19487,0.72713,5680.22266,0.25439,13755,1,0.14926,0.68986,1,0.22069,0.79250,1,0.18498,0.74118,1,0.34363,0.68389,22.04428,1.07443,1,0.59329,0.67591,22.13468,1.07443,1,-0.03837,-0.03794,0.66381,0.00463,1,0.02461,-0.03673,0.66988,0.00443,1,0,0.00000,13
0.19486,0.72697,5680.22266,0.26074,13755,1,0.17225,0.69468,1,0.21694,0.74682,1,0.19459,0.72075,1,0.34360,0.68384,21.92078,1.06653,1,0.59321,0.67592,22.03726,1.06653,1,-0.03837,-0.03794,0.66381,0.00463,1,0.02461,-0.03673,0.66988,0.00446,1,0,0.00000,13
0.19492,0.72688,5680.22266,0.26709,13755,1,0.17596,0.69727,1,0.21853,0.74944,1,0.19724,0.72336,1,0.34364,0.68396,22.05539,1.05862,1,0.59327,0.67602,22.07108,1.05862,1,-0.03837,-0.03794,0.66381,0.00461,1,0.02508,-0.03747,0.68256,0.00444,1,0,0.00000,13
0.19460,0.72695,5680.22266,0.27393,13755,1,0.15058,0.70669,1,0.21215,0.75316,1,0.18136,0.72993,1,0.34367,0.68404,22.17868,1.05862,1,0.59333,0.67599,22.06811,1.05862,1,-0.03837,-0.03794,0.66381,0.00460,1,0.02508,-0.03747,0.68256,0.00440,1,0,0.00000,13
0.19438,0.72646,5680.22266,0.28076,13755,1,0.15001,0.71692,1,0.21994,0.69440,1,0.18497,0.70566,1,0.34367,0.68405,22.17661,1.05862,1,0.59329,0.67603,22.04804,1.05862,1,-0.03837,-0.03794,0.66381,0.00460,1,0.02508,-0.03747,0.68256,0.00443,1,0,0.00000,13
0.19416,0.72598,5680.22266,0.28711,13755,1,0.15001,0.71692,1,0.21994,0.69440,1,0.18497,0.70566,1,0.34370,0.68408,22.22994,1.05862,1,0.59329,0.67602,22.00654,1.05862,1,-0.03837,-0.03794,0.66381,0.00461,1,0.02508,-0.03747,0.68256,0.00439,1,0,0.00000,13
0.19416,0.72588,5680.22266,0.29395,13755,1,0.16377,0.74061,1,0.22435,0.70227,1,0.19406,0.72144,1,0.34368,0.68415,22.21837,1.05862,1,0.59326,0.67616,21.96178,1.05862,1,-0.03837,-0.03794,0.66381,0.00462,1,0.02508,-0.03747,0.68256,0.00439,1,0,0.00000,13
0.19407,0.72509,5680.22266,0.30078,13755,1,0.15924,0.68016,1,0.22058,0.69888,1,0.18991,0.68952,1,0.34372,0.68423,21.93063,1.05862,1,0.59331,0.67603,22.02928,1.05862,1,-0.03837,-0.03794,0.66381,0.00462,1,0.02508,-0.03747,0.68256,0.00438,1,0,0.00000,13
0.19398,0.72434,5680.22266,0.30713,13755,1,0.15924,0.68016,1,0.22058,0.69888,1,0.18991,0.68952,1,0.34373,0.68427,21.94942,1.05862,1,0.59327,0.67606,22.10964,1.05862,1,-0.03837,-0.03794,0.66381,0.00464,1,0.02508,-0.03757,0.68256,0.00439,1,0,0.00000,13
0.19379,0.72371,5680.22266,0.31348,13755,1,0.15264,0.68080,1,0.21688,0.70805,1,0.18476,0.69442,1,0.34369,0.68429,21.82668,1.05862,1,0.59317,0.67608,21.92217,1.05862,1,-0.03837,-0.03794,0.66381,0.00464,1,0.02508,-0.03757,0.68256,0.00437,1,0,0.00000,13
0.19350,0.72242,5680.22266,0.32031,13755,1,0.15085,0.68220,1,0.21601,0.71682,1,0.18343,0.69951,1,0.34376,0.68431,21.85044,1.05862,1,0.59321,0.67615,21.80910,1.05862,1,-0.03837,-0.03794,0.66381,0.00464,1,0.02508,-0.03757,0.68256,0.00438,1,0,0.00000,13
0.19303,0.72195,5680.22266,0.32715,13755,1,0.15085,0.68220,1,0.21601,0.71682,1,0.18343,0.69951,1,0.34368,0.68435,21.62682,1.05862,1,0.59322,0.67615,21.93032,1.05862,1,-0.03837,-0.03804,0.66381,0.00465,1,0.02508,-0.03757,0.68256,0.00438,1,0,0.00000,13
0.19295,0.72130,5680.22266,0.33350,13755,1,0.15674,0.74298,1,0.22201,0.70900,1,0.18937,0.72599,1,0.34370,0.68432,21.88667,1.05862,1,0.59317,0.67617,21.81531,1.05862,1,-0.03837,-0.03804,0.66381,0.00463,1,0.02508,-0.03757,0.68256,0.00440,1,0,0.00000,13
0.19345,0.71997,5680.22266,0.34131,13755,1,0.15865,0.64151,1,0.22053,0.71521,1,0.18959,0.67836,1,0.34366,0.68434,21.73952,1.05862,1,0.59326,0.67617,21.73072,1.05862,1,-0.03837,-0.03804,0.66381,0.00463,1,0.02508,-0.03757,0.68256,0.00433,1,0,0.00000,13
0.19396,0.71865,5680.22266,0.34766,13755,1,0.15865,0.64151,1,0.22053,0.71521,1,0.18959,0.67836,1,0.34368,0.68436,21.64333,1.05862,1,0.59325,0.67619,21.64184,1.05862,1,-0.03837,-0.03804,0.66381,0.00463,1,0.02508,-0.03757,0.68256,0.00437,1,0,0.00000,13
0.19385,0.71790,5680.22266,0.35352,13755,1,0.15239,0.68271,1,0.22168,0.71714,1,0.18704,0.69992,1,0.34368,0.68435,21.62687,1.05862,1,0.59324,0.67619,21.79847,1.05862,1,-0.03837,-0.03804,0.66381,0.00465,1,0.02508,-0.03757,0.68256,0.00438,1,0,0.00000,13
0.19356,0.71681,5680.22266,0.36084,13755,1,0.15957,0.64522,1,0.21934,0.71110,1,0.18946,0.67816,1,0.34367,0.68440,21.70303,1.05862,1,0.59326,0.67618,21.63228,1.05862,1,-0.03837,-0.03804,0.66381,0.00460,1,0.02508,-0.03757,0.68256,0.00437,1,0,0.00000,13
0.19327,0.71572,5680.22266,0.36719,13755,1,0.15957,0.64522,1,0.21934,0.71110,1,0.18946,0.67816,1,0.34369,0.68432,21.68411,1.05862,1,0.59322,0.67621,21.75939,1.05862,1,-0.03837,-0.03804,0.66381,0.00461,1,0.02508,-0.03757,0.68256,0.00438,1,0,0.00000,13
0.19336,0.71391,5680.22266,0.37451,13755,1,0.16511,0.63094,1,0.21423,0.72007,1,0.18967,0.67551,1,0.34371,0.68439,21.85875,1.05862,1,0.59327,0.67624,21.72742,1.05862,1,-0.03837,-0.03804,0.66381,0.00459,1,0.02508,-0.03757,0.68256,0.00435,1,0,0.00000,13
0.19315,0.71261,5680.22266,0.38086,13755,1,0.16275,0.65019,1,0.21366,0.74094,1,0.18821,0.69556,1,0.34368,0.68442,21.82745,1.05862,1,0.59318,0.67636,21.88074,1.05862,1,-0.03837,-0.03804,0.66381,0.00458,1,0.02508,-0.03757,0.68256,0.00438,1,0,0.00000,13
0.19282,0.71120,5680.22266,0.38818,13755,1,0.15895,0.64729,1,0.21204,0.73826,1,0.18550,0.69277,1,0.34374,0.68468,21.73741,1.06653,1,0.59309,0.67660,21.70287,1.06653,1,0.00000,0.00000,0.00000,0.00453,0,0.02514,-0.03771,0.68416,0.00437,1,0,0.00000,13
0.19270,0.71193,5680.22266,0.39453,13755,1,0.16048,0.77439,1,0.21047,0.76187,1,0.18548,0.76813,1,0.34374,0.68551,21.53351,1.07443,1,0.59280,0.67742,22.11563,1.07443,1,0.00000,0.00000,0.00000,0.00465,0,0.02514,-0.03771,0.68416,0.00442,1,0,0.00000,13
0.19260,0.71289,5680.22266,0.40137,13755,1,0.16557,0.76972,1,0.24868,0.80912,1,0.20713,0.78942,1,0.34377,0.68561,21.42527,1.08234,1,0.59283,0.67757,22.05494,1.08234,1,0.00000,0.00000,0.00000,0.00462,0,0.02514,-0.03771,0.68416,0.00444,1,0,0.00000,13
0.19248,0.71385,5680.22266,0.40771,13755,1,0.16184,0.76763,1,0.24734,0.80701,1,0.20459,0.78732,1,0.34380,0.68585,21.39828,1.09024,1,0.59280,0.67792,21.77469,1.09024,1,0.00000,0.00000,0.00000,0.00457,0,0.02509,-0.03791,0.68576,0.00441,1,0,0.00000,13
0.19245,0.71522,5680.22266,0.41455,13755,1,0.15441,0.77127,1,0.24541,0.80097,1,0.19991,0.78612,1,0.34378,0.68596,21.37834,1.09024,1,0.59280,0.67796,21.95601,1.09024,1,0.00000,0.00000,0.00000,0.00460,0,0.02509,-0.03791,0.68576,0.00440,1,0,0.00000,13
0.19233,0.71657,5680.22266,0.42139,13755,1,0.14776,0.75941,1,0.24546,0.79983,1,0.19661,0.77962,1,0.34378,0.68599,21.39701,1.09024,1,0.59282,0.67788,21.76034,1.09024,1,0.00000,0.00000,0.00000,0.00456,0,0.02509,-0.03791,0.68576,0.00441,1,0,0.00000,13
0.19226,0.71796,5680.22266,0.42822,13755,1,0.14776,0.75941,1,0.24685,0.80205,1,0.19731,0.78073,1,0.34367,0.68592,21.17564,1.09024,1,0.59287,0.67782,21.94701,1.08215,1,0.00000,0.00000,0.00000,0.00455,0,0.02395,-0.03615,0.65312,0.00441,1,0,0.00000,13
0.19228,0.71923,5680.22266,0.43555,13755,1,0.14352,0.75301,1,0.24201,0.78456,1,0.19276,0.76878,1,0.34360,0.68585,21.28578,1.08215,1,0.59281,0.67774,21.98594,1.07406,1,0.00000,0.00000,0.00000,0.00453,0,0.02395,-0.03615,0.65312,0.00436,1,0,0.00000,13
0.19445,0.74771,5680.22266,0.43555,13755,0,0.14941,0.75555,1,0.24408,0.78528,1,0.19674,0.77042,1,0.34368,0.68583,21.26769,1.07406,1,0.59278,0.67777,21.83953,1.06598,1,0.00000,0.00000,0.00000,0.00452,0,0.02395,-0.03615,0.65312,0.00437,1,0,0.00000,13
0.19659,0.75962,5680.22266,0.43555,13755,0,0.15337,0.75779,1,0.24408,0.78528,1,0.19872,0.77154,1,0.34365,0.68580,21.37892,1.06598,1,0.59274,0.67774,21.82008,1.06598,1,0.00000,0.00000,0.00000,0.00452,0,0.02508,-0.03789,0.68543,0.00435,1,0,0.00000,13
0.19528,0.76732,5680.22266,0.43555,13755,0,0.13916,0.79882,1,0.24619,0.76663,1,0.19268,0.78273,1,0.34366,0.68583,21.32748,1.06598,1,0.59275,0.67769,21.82459,1.07406,1,0.00000,0.00000,0.00000,0.00451,0,0.02508,-0.03789,0.68543,0.00433,1,0,0.00000,13
0.19791,0.77127,5680.66406,0.01953,13756,1,0.16816,0.80305,1,0.24345,0.76316,1,0.20580,0.78310,1,0.34359,0.68584,21.54116,1.07406,1,0.59278,0.67764,21.78834,1.08215,1,0.00000,0.00000,0.00000,0.00452,0,0.02508,-0.03789,0.68543,0.00439,1,0,0.00000,13
0.19948,0.77363,5680.66406,0.02686,13756,1,0.16807,0.80300,1,0.24342,0.76310,1,0.20574,0.78305,1,0.34358,0.68579,21.48946,1.07425,1,0.59269,0.67766,21.76741,1.08234,1,-0.03837,-0.03814,0.66381,0.00453,1,0.02489,-0.03755,0.68025,0.00435,1,0,0.00000,13
0.20031,0.77458,5680.66406,0.03369,13756,1,0.16944,0.79764,1,0.23946,0.76109,1,0.20445,0.77936,1,0.34356,0.68579,21.58614,1.07443,1,0.59273,0.67753,21.87078,1.07443,1,-0.03837,-0.03814,0.66381,0.00451,1,0.02489,-0.03755,0.68025,0.00438,1,0,0.00000,13
0.20015,0.77866,5680.66406,0.04004,13756,1,0.16754,0.79079,1,0.23083,0.81553,1,0.19918,0.80316,1,0.34352,0.68580,21.63218,1.06653,1,0.59266,0.67756,21.78054,1.06653,1,-0.03837,-0.03814,0.66381,0.00451,1,0.02489,-0.03755,0.68025,0.00436,1,0,0.00000,13
0.20036,0.78198,5680.66406,0.04688,13756,1,0.17131,0.79277,1,0.23232,0.81762,1,0.20182,0.80520,1,0.34348,0.68569,21.53183,1.05862,1,0.59263,0.67748,21.67888,1.05862,1,-0.03859,-0.03825,0.66573,0.00450,1,0.02489,-0.03755,0.68025,0.00434,1,0,0.00000,13
0.20098,0.78430,5680.66406,0.05371,13756,1,0.19143,0.79313,1,0.22052,0.81255,1,0.20597,0.80284,1,0.34341,0.68565,21.35909,1.05862,1,0.59259,0.67749,21.88155,1.05862,1,-0.03859,-0.03825,0.66573,0.00449,1,0.02489,-0.03755,0.68025,0.00434,1,0,0.00000,13
0.20184,0.78784,5680.66406,0.06006,13756,1,0.19295,0.77341,1,0.22621,0.86593,1,0.20958,0.81967,1,0.34349,0.68562,21.55678,1.05862,1,0.59259,0.67750,21.66120,1.05862,1,-0.03859,-0.03825,0.66573,0.00450,1,0.02489,-0.03755,0.68025,0.00438,1,0,0.00000,13
0.20231,0.79055,5680.66406,0.06641,13756,1,0.18934,0.77130,1,0.22466,0.86420,1,0.20700,0.81775,1,0.34346,0.68564,21.47935,1.06653,1,0.59260,0.67732,21.65053,1.06653,1,-0.03968,-0.03928,0.68374,0.00449,1,0.02489,-0.03755,0.68025,0.00434,1,0,0.00000,13
0.20173,0.79201,5680.66406,0.07324,13756,1,0.17370,0.76658,1,0.21708,0.84953,1,0.19539,0.80805,1,0.34340,0.68553,21.58160,1.07443,1,0.59251,0.67719,21.66003,1.07443,1,-0.03968,-0.03928,0.68374,0.00446,1,0.02489,-0.03755,0.68025,0.00436,1,0,0.00000,13
0.20076,0.79304,5680.66406,0.08008,13756,1,0.16568,0.75732,1,0.21238,0.85335,1,0.18903,0.80533,1,0.34333,0.68546,21.70110,1.08234,1,0.59256,0.67722,21.72660,1.08234,1,-0.03968,-0.03928,0.68374,0.00445,1,0.02489,-0.03755,0.68025,0.00431,1,0,0.00000,13
0.19966,0.79370,5680.66406,0.08740,13756,1,0.16196,0.75516,1,0.20890,0.84949,1,0.18543,0.80232,1,0.34315,0.68542,21.13043,1.09024,1,0.59246,0.67718,21.66920,1.09941,1,-0.03968,-0.03928,0.68374,0.00453,1,0.02554,-0.03861,0.69948,0.00433,1,0,0.00000,13
0.19841,0.79400,5680.66406,0.09473,13756,1,0.15641,0.75911,1,0.20550,0.83716,1,0.18096,0.79814,1,0.34314,0.68536,21.11924,1.09941,1,0.59238,0.67717,21.72485,1.10857,1,-0.03968,-0.03928,0.68374,0.00456,1,0.02554,-0.03861,0.69948,0.00437,1,0,0.00000,13
0.19715,0.79326,5680.66406,0.10010,13756,1,0.15443,0.73745,1,0.20197,0.82703,1,0.17820,0.78224,1,0.34314,0.68530,21.18403,1.10857,1,0.59246,0.67716,21.74750,1.11774,1,-0.03968,-0.03928,0.68374,0.00451,1,0.02554,-0.03861,0.69948,0.00434,1,0,0.00000,13
0.19591,0.79254,5680.66406,0.10742,13756,1,0.15013,0.73486,1,0.20197,0.82703,1,0.17605,0.78095,1,0.34311,0.68534,20.97861,1.11774,1,0.59238,0.67704,21.68543,1.11774,1,-0.03968,-0.03928,0.68374,0.00455,1,0.02459,-0.03720,0.67491,0.00435,1,0,0.00000,13
0.19416,0.79125,5680.66406,0.11377,13756,1,0.13392,0.72065,1,0.19493,0.81825,1,0.16442,0.76945,1,0.34300,0.68524,21.24140,1.11774,1,0.59231,0.67704,21.81193,1.10857,1,-0.03968,-0.03928,0.68374,0.00455,1,0.02459,-0.03720,0.67491,0.00433,1,0,0.00000,13
0.19255,0.78999,5680.66406,0.12061,13756,1,0.13619,0.72453,1,0.19104,0.80985,1,0.16362,0.76719,1,0.34305,0.68525,21.23193,1.10857,1,0.59228,0.67704,21.81207,1.09941,1,-0.03968,-0.03928,0.68374,0.00452,1,0.02459,-0.03720,0.67491,0.00432,1,0,0.00000,13
0.19127,0.78898,5680.66406,0.12744,13756,1,0.14064,0.72721,1,0.19305,0.81227,1,0.16684,0.76974,1,0.34297,0.68506,20.96184,1.09941,1,0.59227,0.67687,21.74669,1.09024,1,-0.03968,-0.03928,0.68374,0.00456,1,0.02483,-0.03752,0.68149,0.00435,1,0,0.00000,13
0.19025,0.78758,5680.66406,0.13428,13756,1,0.14674,0.71580,1,0.19328,0.80362,1,0.17001,0.75971,1,0.34290,0.68505,21.11698,1.09024,1,0.59221,0.67687,21.82891,1.09024,1,-0.03968,-0.03928,0.68374,0.00455,1,0.02483,-0.03752,0.68149,0.00434,1,0,0.00000,13
0.18904,0.78585,5680.66406,0.14062,13756,1,0.13380,0.70684,1,0.19335,0.79220,1,0.16357,0.74952,1,0.34279,0.68522,21.07858,1.09024,1,0.59221,0.67690,21.79596,1.09024,1,-0.03968,-0.03928,0.68374,0.00448,1,0.02483,-0.03752,0.68149,0.00433,1,0,0.00000,13
0.18797,0.78432,5680.66406,0.14746,13756,1,0.13380,0.70684,1,0.19512,0.79448,1,0.16446,0.75066,1,0.34277,0.68518,21.12089,1.09024,1,0.59215,0.67684,21.65956,1.08215,1,-0.03968,-0.03928,0.68374,0.00449,1,0.02407,-0.03644,0.66190,0.00435,1,0,0.00000,13
0.18743,0.78285,5680.66406,0.15430,13756,1,0.12687,0.71234,1,0.22287,0.78578,1,0.17487,0.74906,1,0.34275,0.68515,21.26796,1.08215,1,0.59210,0.67686,21.61792,1.07406,1,-0.03968,-0.03928,0.68374,0.00446,1,0.02407,-0.03644,0.66190,0.00437,1,0,0.00000,13
0.18746,0.78184,5680.66406,0.16064,13756,1,0.16204,0.73139,1,0.21440,0.78366,1,0.18822,0.75753,1,0.34276,0.68514,21.30960,1.07406,1,0.59203,0.67680,21.61001,1.06598,1,-0.03968,-0.03928,0.68374,0.00446,1,0.02407,-0.03644,0.66190,0.00435,1,0,0.00000,13
0.18772,0.78107,5680.66406,0.16748,13756,1,0.17302,0.73822,1,0.21557,0.78537,1,0.19430,0.76180,1,0.34273,0.68515,21.48630,1.05105,1,0.59200,0.67674,21.64020,1.06021,1,-0.03718,-0.03671,0.63899,0.00447,1,0.02545,-0.03862,0.70259,0.00432,1,0,0.00000,13
0.18919,0.78048,5680.66406,0.17432,13756,1,0.21276,0.73821,1,0.24192,0.79227,1,0.22734,0.76524,1,0.34270,0.68516,21.57999,1.04528,1,0.59199,0.67679,21.62254,1.06254,1,-0.03718,-0.03671,0.63899,0.00447,1,0.02545,-0.03862,0.70259,0.00431,1,0,0.00000,13
0.19058,0.78014,5680.66406,0.18115,13756,1,0.20968,0.75001,1,0.24676,0.79192,1,0.22822,0.77096,1,0.34269,0.68516,21.54622,1.04761,1,0.59193,0.67679,21.59268,1.06486,1,-0.03718,-0.03671,0.63899,0.00447,1,0.02545,-0.03862,0.70259,0.00434,1,0,0.00000,13
0.19170,0.77965,5680.66406,0.18750,13756,1,0.20201,0.74503,1,0.24375,0.78695,1,0.22288,0.76599,1,0.34266,0.68511,21.59152,1.06486,1,0.59190,0.67679,21.61202,1.08212,1,-0.04036,-0.03975,0.69190,0.00448,1,0.02560,-0.03891,0.70688,0.00437,1,0,0.00000,13
0.19221,0.77872,5680.66406,0.19434,13756,1,0.17650,0.72830,1,0.23775,0.77518,1,0.20713,0.75174,1,0.34263,0.68511,21.75409,1.09705,1,0.59188,0.67675,21.73060,1.09705,1,-0.04036,-0.03975,0.69190,0.00447,1,0.02560,-0.03891,0.70688,0.00434,1,0,0.00000,13
0.19220,0.77782,5680.66406,0.20068,13756,1,0.15940,0.72649,1,0.22421,0.77472,1,0.19181,0.75060,1,0.34263,0.68509,21.73516,1.11198,1,0.59190,0.67678,21.55202,1.11198,1,-0.04036,-0.03975,0.69190,0.00448,1,0.02560,-0.03891,0.70688,0.00437,1,0,0.00000,13
0.19203,0.77683,5680.66406,0.20752,13756,1,0.15249,0.72217,1,0.22142,0.77036,1,0.18696,0.74626,1,0.34262,0.68512,21.74119,1.12691,1,0.59182,0.67676,21.47962,1.12691,1,-0.04036,-0.03975,0.69190,0.00448,1,0.02560,-0.03891,0.70688,0.00440,1,0,0.00000,13
0.19173,0.77575,5680.66406,0.21436,13756,1,0.15126,0.71537,1,0.21263,0.76687,1,0.18194,0.74112,1,0.34237,0.68518,21.27576,1.12691,1,0.59179,0.67675,21.64433,1.12691,1,-0.04036,-0.03975,0.69190,0.00456,1,0.02560,-0.03891,0.70688,0.00434,1,0,0.00000,13
0.19122,0.77528,5680.66406,0.22070,13756,1,0.14241,0.73541,1,0.20623,0.78401,1,0.17432,0.75971,1,0.34237,0.68520,21.25897,1.12691,1,0.59175,0.67677,21.61352,1.12691,1,-0.04036,-0.03975,0.69190,0.00457,1,0.02560,-0.03891,0.70688,0.00437,1,0,0.00000,13
0.19076,0.77487,5680.66406,0.22803,13756,1,0.14241,0.73541,1,0.20806,0.78658,1,0.17524,0.76100,1,0.34234,0.68531,21.24489,1.12691,1,0.59172,0.67675,21.58853,1.11774,1,-0.04036,-0.03975,0.69190,0.00452,1,0.02441,-0.03719,0.67551,0.00435,1,0,0.00000,13
0.19063,0.77330,5680.66406,0.23389,13756,1,0.15320,0.69551,1,0.21870,0.74092,1,0.18595,0.71822,1,0.34232,0.68509,21.44958,1.11774,1,0.59175,0.67668,21.56933,1.10858,1,-0.04036,-0.03975,0.69190,0.00455,1,0.02441,-0.03719,0.67551,0.00434,1,0,0.00000,13
0.19180,0.77176,5680.66406,0.24072,13756,1,0.20521,0.69879,1,0.26307,0.73384,1,0.23414,0.71631,1,0.34274,0.68468,21.61526,1.10858,1,0.59204,0.67621,21.49503,1.09941,1,-0.04036,-0.03975,0.69190,0.00451,1,0.02441,-0.03719,0.67551,0.00429,1,0,0.00000,13
0.20439,0.74720,5680.66406,0.24072,13756,0,0.20909,0.70167,1,0.26448,0.73688,1,0.23678,0.71927,1,0.34306,0.68407,21.56647,1.09941,1,0.59250,0.67576,21.50639,1.09024,1,-0.03929,-0.03869,0.67707,0.00455,1,0.02483,-0.03731,0.68149,0.00436,1,0,0.00000,13
0.24031,0.69590,5680.66406,0.24072,13756,0,0.25795,0.61744,1,0.29451,0.67174,1,0.27623,0.64459,1,0.34394,0.68335,21.52808,1.09024,1,0.59312,0.67511,21.78503,1.09024,1,-0.03929,-0.03869,0.67707,0.00454,1,0.02483,-0.03731,0.68149,0.00441,1,0,0.00000,13
0.25172,0.67258,5680.66406,0.24072,13756,0,0.24281,0.59576,1,0.30625,0.65614,1,0.27453,0.62595,1,0.34410,0.68325,21.60553,1.09024,1,0.59320,0.67504,21.98158,1.09024,1,-0.03929,-0.03869,0.67707,0.00455,1,0.02483,-0.03731,0.68149,0.00442,1,0,0.00000,13
0.27510,0.63216,5680.66406,0.24072,13756,0,0.24281,0.59576,1,0.30625,0.65614,1,0.27453,0.62595,1,0.34424,0.68281,21.35383,1.09024,1,0.59333,0.67493,21.81865,1.09024,1,-0.03936,-0.03876,0.67994,0.00459,1,0.02483,-0.03731,0.68149,0.00443,1,0,0.00000,13
0.26819,0.63941,5680.66406,0.24072,13756,0,0.23495,0.63578,1,0.28761,0.65754,1,0.26128,0.64666,1,0.34424,0.68280,21.41053,1.09024,1,0.59320,0.67490,21.90239,1.09024,1,-0.03936,-0.03876,0.67994,0.00458,1,0.02483,-0.03731,0.68149,0.00439,1,0,0.00000,13
0.26674,0.63454,5680.66406,0.24072,13756,0,0.23902,0.59288,1,0.28867,0.65670,1,0.26385,0.62479,1,0.34421,0.68286,21.40104,1.09024,1,0.59320,0.67489,21.68581,1.09024,1,-0.03936,-0.03876,0.67994,0.00461,1,0.02483,-0.03731,0.68149,0.00437,1,0,0.00000,13
0.26602,0.63210,5680.93164,0.02002,13757,1,0.23902,0.59288,1,0.28867,0.65670,1,0.26385,0.62479,1,0.34421,0.68286,21.40392,1.09024,1,0.59314,0.67487,21.80540,1.09024,1,-0.03936,-0.03886,0.67994,0.00461,1,0.02483,-0.03731,0.68149,0.00435,1,0,0.00000,13
0.26760,0.62970,5680.93164,0.02686,13757,1,0.25488,0.59007,1,0.29295,0.65009,1,0.27392,0.62008,1,0.34415,0.68291,21.56433,1.09024,1,0.59315,0.67481,21.99524,1.09024,1,-0.03936,-0.03886,0.67994,0.00460,1,0.02483,-0.03731,0.68149,0.00437,1,0,0.00000,13
0.26857,0.62807,5680.93164,0.03369,13757,1,0.26054,0.59526,1,0.28634,0.64466,1,0.27344,0.61996,1,0.34413,0.68290,21.54232,1.09024,1,0.59326,0.67472,21.77581,1.09024,1,-0.03936,-0.03886,0.67994,0.00462,1,0.02483,-0.03731,0.68149,0.00439,1,0,0.00000,13
0.26927,0.62691,5680.93164,0.04004,13757,1,0.26054,0.59526,1,0.28634,0.64466,1,0.27344,0.61996,1,0.34411,0.68288,21.51069,1.09024,1,0.59325,0.67467,21.76247,1.09024,1,-0.03929,-0.03869,0.67707,0.00461,1,0.02483,-0.03731,0.68149,0.00440,1,0,0.00000,13
0.26926,0.62783,5680.93164,0.04688,13757,1,0.24346,0.64040,1,0.29499,0.62812,1,0.26923,0.63426,1,0.34405,0.68283,21.76750,1.09024,1,0.59317,0.67464,21.84946,1.09024,1,-0.03929,-0.03869,0.67707,0.00461,1,0.02483,-0.03731,0.68149,0.00439,1,0,0.00000,13
0.26939,0.62750,5680.93164,0.05518,13757,1,0.24973,0.63823,1,0.29116,0.61145,1,0.27044,0.62484,1,0.34410,0.68284,21.61214,1.09024,1,0.59321,0.67456,21.85202,1.09024,1,-0.03929,-0.03869,0.67707,0.00461,1,0.02483,-0.03731,0.68149,0.00439,1,0,0.00000,13
0.26950,0.62723,5680.93164,0.06250,13757,1,0.24973,0.63823,1,0.29116,0.61145,1,0.27044,0.62484,1,0.34401,0.68277,21.74583,1.09024,1,0.59320,0.67458,21.92063,1.09024,1,-0.03968,-0.03902,0.68374,0.00462,1,0.02483,-0.03731,0.68149,0.00439,1,0,0.00000,13
0.27046,0.62677,5680.93164,0.06738,13757,1,0.25743,0.62601,1,0.30272,0.61818,1,0.28007,0.62210,1,0.34404,0.68276,21.90339,1.09024,1,0.59321,0.67458,21.93794,1.09024,1,-0.03968,-0.03902,0.68374,0.00461,1,0.02483,-0.03731,0.68149,0.00438,1,0,0.00000,13
0.27135,0.62566,5680.93164,0.07373,13757,1,0.25246,0.62066,1,0.30989,0.60624,1,0.28117,0.61345,1,0.34405,0.68262,21.86534,1.09024,1,0.59341,0.67455,22.01962,1.09024,1,-0.03968,-0.03902,0.68374,0.00459,1,0.02483,-0.03731,0.68149,0.00442,1,0,0.00000,13
0.27211,0.62472,5680.93164,0.08057,13757,1,0.25246,0.62066,1,0.30989,0.60624,1,0.28117,0.61345,1,0.34408,0.68256,22.01028,1.09024,1,0.59345,0.67456,21.90562,1.09024,1,-0.03988,-0.03912,0.68718,0.00454,1,0.02483,-0.03731,0.68149,0.00441,1,0,0.00000,13
0.27289,0.62492,5680.93164,0.08691,13757,1,0.24860,0.66237,1,0.31741,0.59271,1,0.28301,0.62754,1,0.34413,0.68245,21.65608,1.09024,1,0.59348,0.67452,22.05808,1.09024,1,-0.03988,-0.03912,0.68718,0.00462,1,0.02483,-0.03731,0.68149,0.00436,1,0,0.00000,13
0.27432,0.62365,5680.93164,0.09375,13757,1,0.26841,0.60667,1,0.32026,0.60498,1,0.29434,0.60583,1,0.34415,0.68243,21.65903,1.09024,1,0.59351,0.67446,21.85737,1.09024,1,-0.03988,-0.03912,0.68718,0.00462,1,0.02483,-0.03731,0.68149,0.00438,1,0,0.00000,13
0.27554,0.62240,5680.93164,0.10107,13757,1,0.26841,0.60667,1,0.31932,0.60083,1,0.29386,0.60375,1,0.34418,0.68243,21.79814,1.09024,1,0.59353,0.67453,21.95751,1.09941,1,-0.03903,-0.03838,0.67427,0.00461,1,0.02555,-0.03831,0.69978,0.00439,1,0,0.00000,13
0.27576,0.62269,5680.93164,0.10693,13757,1,0.26969,0.66584,1,0.28906,0.58884,1,0.27937,0.62734,1,0.34422,0.68244,21.88519,1.09941,1,0.59360,0.67451,21.92146,1.10858,1,-0.03903,-0.03838,0.67427,0.00462,1,0.02555,-0.03831,0.69978,0.00440,1,0,0.00000,13
0.27619,0.62289,5680.93164,0.11377,13757,1,0.27690,0.66520,1,0.28998,0.58718,1,0.28344,0.62619,1,0.34418,0.68245,21.73152,1.10858,1,0.59359,0.67446,21.78318,1.11774,1,-0.03903,-0.03838,0.67427,0.00464,1,0.02555,-0.03831,0.69978,0.00441,1,0,0.00000,13
0.27649,0.62298,5680.93164,0.12061,13757,1,0.27363,0.66206,1,0.28998,0.58718,1,0.28180,0.62462,1,0.34424,0.68245,21.94390,1.11774,1,0.59364,0.67455,22.07118,1.11774,1,-0.03936,-0.03865,0.67994,0.00460,1,0.02508,-0.03737,0.68256,0.00443,1,0,0.00000,13
0.27552,0.62267,5680.93164,0.12695,13757,1,0.23776,0.64527,1,0.27664,0.58833,1,0.25720,0.61680,1,0.34428,0.68243,21.66379,1.11774,1,0.59390,0.67449,21.86216,1.10858,1,-0.03936,-0.03865,0.67994,0.00464,1,0.02508,-0.03737,0.68256,0.00441,1,0,0.00000,13
0.27411,0.62230,5680.93164,0.13379,13757,1,0.21410,0.64642,1,0.27774,0.58332,1,0.24592,0.61487,1,0.34435,0.68230,21.32805,1.10858,1,0.59396,0.67448,22.04112,1.09941,1,-0.03936,-0.03865,0.67994,0.00474,1,0.02508,-0.03737,0.68256,0.00440,1,0,0.00000,13
0.27295,0.62213,5680.93164,0.14062,13757,1,0.21789,0.64968,1,0.27902,0.58763,1,0.24846,0.61866,1,0.34441,0.68235,21.45458,1.09941,1,0.59398,0.67449,22.07259,1.09024,1,0.00000,0.00000,0.00000,0.00465,0,0.02508,-0.03737,0.68256,0.00439,1,0,0.00000,13
0.27258,0.62188,5680.93164,0.14746,13757,1,0.23282,0.65070,1,0.29610,0.58172,1,0.26446,0.61621,1,0.34444,0.68223,21.51355,1.09024,1,0.59406,0.67449,21.96122,1.09024,1,0.00000,0.00000,0.00000,0.00461,0,0.02508,-0.03737,0.68256,0.00442,1,0,0.00000,13
0.27261,0.62195,5680.93164,0.15381,13757,1,0.23903,0.64488,1,0.30783,0.60239,1,0.27343,0.62364,1,0.34448,0.68223,21.38604,1.09024,1,0.59418,0.67451,22.00397,1.09024,1,0.00000,0.00000,0.00000,0.00461,0,0.02508,-0.03737,0.68256,0.00442,1,0,0.00000,13
0.27265,0.62202,5680.93164,0.16113,13757,1,0.23903,0.64488,1,0.30783,0.60239,1,0.27343,0.62364,1,0.34457,0.68222,21.37297,1.09024,1,0.59417,0.67453,22.01999,1.09024,1,0.00000,0.00000,0.00000,0.00461,0,0.02508,-0.03737,0.68256,0.00441,1,0,0.00000,13
0.27303,0.62209,5680.93164,0.16797,13757,1,0.24957,0.64227,1,0.31555,0.60559,1,0.28256,0.62393,1,0.34476,0.68228,21.45295,1.09024,1,0.59427,0.67452,21.99973,1.09024,1,0.00000,0.00000,0.00000,0.00460,0,0.02508,-0.03737,0.68256,0.00441,1,0,0.00000,13
0.27385,0.62198,5680.93164,0.17383,13757,1,0.25914,0.64397,1,0.33163,0.59405,1,0.29538,0.61901,1,0.34488,0.68230,21.58933,1.09024,1,0.59432,0.67454,22.11401,1.09024,1,0.00000,0.00000,0.00000,0.00461,0,0.02508,-0.03737,0.68256,0.00440,1,0,0.00000,13
0.27469,0.62199,5680.93164,0.18018,13757,1,0.26214,0.64687,1,0.33237,0.59770,1,0.29725,0.62228,1,0.34496,0.68222,21.41866,1.08234,1,0.59452,0.67456,21.73555,1.08234,1,-0.03812,-0.03768,0.66283,0.00460,1,0.02467,-0.03646,0.66591,0.00447,1,0,0.00000,13
0.27625,0.62172,5680.93164,0.18799,13757,1,0.28812,0.63313,1,0.35157,0.59524,1,0.31984,0.61419,1,0.34556,0.68208,21.40547,1.07443,1,0.59522,0.67453,21.80920,1.07443,1,-0.03812,-0.03768,0.66283,0.00460,1,0.02467,-0.03646,0.66591,0.00444,1,0,0.00000,13
0.27772,0.62161,5680.93164,0.19531,13757,1,0.32252,0.62922,1,0.31838,0.60769,1,0.32045,0.61846,1,0.34582,0.68200,21.33492,1.06653,1,0.59551,0.67454,21.92314,1.06653,1,-0.03812,-0.03768,0.66283,0.00457,1,0.02467,-0.03646,0.66591,0.00441,1,0,0.00000,13
0.27910,0.62151,5680.93164,0.20117,13757,1,0.32252,0.62922,1,0.31838,0.60769,1,0.32045,0.61846,1,0.34629,0.68195,21.56349,1.06653,1,0.59589,0.67450,22.04885,1.06653,1,-0.03885,-0.03855,0.67814,0.00458,1,0.02537,-0.03720,0.67943,0.00439,1,0,0.00000,13
0.27983,0.62114,5680.93164,0.20752,13757,1,0.27075,0.60948,1,0.33433,0.61023,1,0.30254,0.60985,1,0.34637,0.68192,21.22298,1.07443,1,0.59597,0.67460,22.03346,1.07443,1,-0.03885,-0.03855,0.67814,0.00463,1,0.02537,-0.03720,0.67943,0.00443,1,0,0.00000,13
0.28069,0.62110,5680.93164,0.21484,13757,1,0.28286,0.63027,1,0.33365,0.60879,1,0.30826,0.61953,1,0.34642,0.68192,21.35214,1.08234,1,0.59598,0.67463,22.08266,1.08234,1,-0.03885,-0.03855,0.67814,0.00462,1,0.02537,-0.03720,0.67943,0.00444,1,0,0.00000,13
0.28145,0.62095,5680.93164,0.22119,13757,1,0.28002,0.62726,1,0.33292,0.60522,1,0.30647,0.61624,1,0.34644,0.68189,21.34534,1.09024,1,0.59598,0.67463,22.08266,1.09024,1,-0.03885,-0.03855,0.67814,0.00461,1,0.02537,-0.03720,0.67943,0.00444,1,0,0.00000,13
0.28199,0.62042,5680.93164,0.22803,13757,1,0.26651,0.61627,1,0.33394,0.58866,1,0.30022,0.60246,1,0.34647,0.68192,21.27296,1.09024,1,0.59601,0.67463,21.98600,1.09024,1,-0.03885,-0.03855,0.67814,0.00461,1,0.02537,-0.03720,0.67943,0.00446,1,0,0.00000,13
0.28271,0.62011,5680.93164,0.23438,13757,1,0.27912,0.61691,1,0.33720,0.60160,1,0.30816,0.60926,1,0.34643,0.68197,21.30413,1.09024,1,0.59600,0.67455,21.86309,1.09024,1,-0.03885,-0.03855,0.67814,0.00458,1,0.02537,-0.03720,0.67943,0.00445,1,0,0.00000,13
0.28340,0.61982,5680.93164,0.24219,13757,1,0.27912,0.61691,1,0.33720,0.60160,1,0.30816,0.60926,1,0.34646,0.68194,21.22163,1.09024,1,0.59601,0.67453,21.80611,1.09024,1,-0.03885,-0.03855,0.67814,0.00461,1,0.02537,-0.03720,0.67943,0.00445,1,0,0.00000,13
0.28408,0.61959,5680.93164,0.24805,13757,1,0.28136,0.62736,1,0.33678,0.59457,1,0.30907,0.61096,1,0.34646,0.68191,21.22516,1.09024,1,0.59600,0.67452,21.79000,1.09024,1,-0.03885,-0.03855,0.67814,0.00462,1,0.02537,-0.03720,0.67943,0.00445,1,0,0.00000,13
0.28455,0.61926,5680.93164,0.25488,13757,1,0.27134,0.62822,1,0.33403,0.58518,1,0.30268,0.60670,1,0.34646,0.68194,21.22163,1.09024,1,0.59601,0.67453,21.80611,1.09024,1,-0.03885,-0.03855,0.67814,0.00461,1,0.02537,-0.03720,0.67943,0.00445,1,0,0.00000,13
0.30908,0.61184,5680.93164,0.25488,13757,0,0.27134,0.62822,1,0.33403,0.58518,1,0.30268,0.60670,1,0.34648,0.68200,21.10876,1.09024,1,0.59604,0.67459,21.76414,1.09024,1,-0.03885,-0.03855,0.67814,0.00460,1,0.02537,-0.03720,0.67943,0.00443,1,0,0.00000,13
0.30347,0.61300,5680.93164,0.25488,13757,0,0.26428,0.63012,1,0.33145,0.59819,1,0.29786,0.61415,1,0.34651,0.68201,21.10290,1.09024,1,0.59604,0.67454,21.80894,1.09024,1,-0.03885,-0.03855,0.67814,0.00455,1,0.02537,-0.03720,0.67943,0.00442,1,0,0.00000,13
0.30309,0.61091,5680.93164,0.25488,13757,0,0.26673,0.61800,1,0.33789,0.59550,1,0.30231,0.60675,1,0.34652,0.68198,21.04838,1.09024,1,0.59602,0.67454,21.61824,1.09024,1,-0.03885,-0.03855,0.67814,0.00458,1,0.02537,-0.03720,0.67943,0.00444,1,0,0.00000,13
0.30289,0.60987,5681.19287,0.02100,13758,1,0.26673,0.61800,1,0.33789,0.59550,1,0.30231,0.60675,1,0.34652,0.68198,21.04838,1.09024,1,0.59603,0.67463,21.88708,1.09024,1,-0.03885,-0.03855,0.67814,0.00458,1,0.02537,-0.03720,0.67943,0.00440,1,0,0.00000,13
0.30318,0.61067,5681.19287,0.02734,13758,1,0.27688,0.63494,1,0.33178,0.59278,1,0.30433,0.61386,1,0.34644,0.68205,21.09544,1.09024,1,0.59609,0.67450,21.66038,1.09024,1,-0.03885,-0.03855,0.67814,0.00458,1,0.02537,-0.03720,0.67943,0.00444,1,0,0.00000,13
0.30363,0.60962,5681.19287,0.03613,13758,1,0.27536,0.62322,1,0.33646,0.58550,1,0.30591,0.60436,1,0.34645,0.68202,21.13146,1.09024,1,0.59612,0.67452,21.67974,1.09024,1,-0.03885,-0.03855,0.67814,0.00458,1,0.02537,-0.03720,0.67943,0.00441,1,0,0.00000,13
0.30367,0.60832,5681.19287,0.04492,13758,1,0.27210,0.61978,1,0.33567,0.58129,1,0.30388,0.60054,1,0.34643,0.68205,21.19106,1.09920,1,0.59611,0.67450,21.63146,1.09920,1,-0.03983,-0.03958,0.69613,0.00454,1,0.02537,-0.03720,0.67943,0.00436,1,0,0.00000,13
0.30360,0.60756,5681.19287,0.05273,13758,1,0.27217,0.61903,1,0.33402,0.58540,1,0.30309,0.60221,1,0.34648,0.68200,21.10876,1.10816,1,0.59613,0.67454,21.69695,1.10816,1,-0.03983,-0.03958,0.69613,0.00460,1,0.02537,-0.03720,0.67943,0.00442,1,0,0.00000,13
0.30357,0.60526,5681.19287,0.05908,13758,1,0.26557,0.61194,1,0.34113,0.56187,1,0.30335,0.58691,1,0.34648,0.68201,21.11485,1.11712,1,0.59612,0.67447,21.73747,1.11712,1,-0.03983,-0.03958,0.69613,0.00459,1,0.02537,-0.03720,0.67943,0.00435,1,0,0.00000,13
0.30355,0.60343,5681.19287,0.06250,13758,1,0.26557,0.61194,1,0.34113,0.56187,1,0.30335,0.58691,1,0.34652,0.68195,21.03612,1.11712,1,0.59607,0.67439,21.83349,1.11712,1,-0.03885,-0.03855,0.67814,0.00458,1,0.02537,-0.03720,0.67943,0.00434,1,0,0.00000,13
0.30386,0.60234,5681.19287,0.06738,13758,1,0.27193,0.60727,1,0.34196,0.57576,1,0.30694,0.59152,1,0.34650,0.68199,21.10238,1.10816,1,0.59617,0.67438,21.83399,1.10816,1,-0.03885,-0.03855,0.67814,0.00454,1,0.02537,-0.03720,0.67943,0.00440,1,0,0.00000,13
0.30433,0.60147,5681.19287,0.07373,13758,1,0.27787,0.61419,1,0.34121,0.56950,1,0.30954,0.59185,1,0.34653,0.68191,21.04877,1.09920,1,0.59617,0.67438,21.83399,1.09920,1,-0.03885,-0.03855,0.67814,0.00457,1,0.02537,-0.03720,0.67943,0.00440,1,0,0.00000,13
0.30473,0.60073,5681.19287,0.08105,13758,1,0.27787,0.61419,1,0.34121,0.56950,1,0.30954,0.59185,1,0.34654,0.68191,21.09720,1.09920,1,0.59616,0.67425,21.89132,1.09920,1,-0.03983,-0.03958,0.69613,0.00457,1,0.02537,-0.03720,0.67943,0.00437,1,0,0.00000,13
0.30528,0.59974,5681.19287,0.08643,13758,1,0.27600,0.60455,1,0.34895,0.56919,1,0.31248,0.58687,1,0.34651,0.68185,21.06980,1.10816,1,0.59623,0.67424,21.92176,1.10816,1,-0.03983,-0.03958,0.69613,0.00454,1,0.02537,-0.03720,0.67943,0.00442,1,0,0.00000,13
0.30781,0.59834,5681.19287,0.09326,13758,1,0.31081,0.59914,1,0.37564,0.55833,1,0.34323,0.57874,1,0.34668,0.68177,20.81675,1.11712,1,0.59644,0.67430,21.66932,1.11712,1,-0.03983,-0.03958,0.69613,0.00455,1,0.02537,-0.03720,0.67943,0.00437,1,0,0.00000,13
0.31003,0.59711,5681.19287,0.10010,13758,1,0.31081,0.59914,1,0.37564,0.55833,1,0.34323,0.57874,1,0.34716,0.68184,21.45585,1.11712,1,0.59677,0.67434,21.71986,1.11712,1,-0.03869,-0.03860,0.67894,0.00458,1,0.02564,-0.03729,0.68112,0.00438,1,0,0.00000,13
0.31395,0.59593,5681.19287,0.10693,13758,1,0.33507,0.59778,1,0.41847,0.55609,1,0.37677,0.57693,1,0.34790,0.68174,21.45354,1.10816,1,0.59757,0.67435,21.70762,1.10816,1,-0.03869,-0.03860,0.67894,0.00459,1,0.02564,-0.03729,0.68112,0.00438,1,0,0.00000,13
0.31843,0.59488,5681.19287,0.11426,13758,1,0.38304,0.58911,1,0.40607,0.56497,1,0.39455,0.57704,1,0.34798,0.68159,21.02518,1.09920,1,0.59779,0.67431,21.52054,1.09920,1,-0.03869,-0.03860,0.67894,0.00460,1,0.02564,-0.03729,0.68112,0.00436,1,0,0.00000,13
0.32251,0.59415,5681.19287,0.12109,13758,1,0.38540,0.59284,1,0.40631,0.56929,1,0.39586,0.58106,1,0.34842,0.68167,21.56901,1.09024,1,0.59807,0.67438,21.51279,1.09024,1,-0.03838,-0.03839,0.67535,0.00453,1,0.02545,-0.03686,0.67332,0.00440,1,0,0.00000,13
0.32697,0.59414,5681.19287,0.12744,13758,1,0.40386,0.60758,1,0.41973,0.58026,1,0.41179,0.59392,1,0.34850,0.68147,21.53227,1.09024,1,0.59813,0.67445,21.59810,1.09024,1,-0.03838,-0.03839,0.67535,0.00456,1,0.02545,-0.03686,0.67332,0.00434,1,0,0.00000,13
0.33077,0.59431,5681.19287,0.13379,13758,1,0.39150,0.59894,1,0.42207,0.59642,1,0.40678,0.59768,1,0.34851,0.68153,21.40566,1.09024,1,0.59815,0.67454,21.51107,1.09024,1,-0.03838,-0.03839,0.67535,0.00459,1,0.02545,-0.03686,0.67332,0.00437,1,0,0.00000,13
0.35979,0.58682,5681.19287,0.13379,13758,0,0.39150,0.59894,1,0.42195,0.59224,1,0.40672,0.59559,1,0.34851,0.68158,21.29622,1.09024,1,0.59817,0.67443,21.77069,1.09941,1,-0.03838,-0.03839,0.67535,0.00461,1,0.02648,-0.03828,0.69919,0.00437,1,0,0.00000,13
0.36865,0.58603,5681.19287,0.13379,13758,0,0.36456,0.59118,1,0.39048,0.57932,1,0.37752,0.58525,1,0.34863,0.68158,21.60537,1.09941,1,0.59822,0.67445,21.78886,1.10858,1,-0.03838,-0.03839,0.67535,0.00456,1,0.02648,-0.03828,0.69919,0.00437,1,0,0.00000,13
0.37308,0.58367,5681.19287,0.13379,13758,0,0.36066,0.58638,1,0.40322,0.57151,1,0.38194,0.57894,1,0.34856,0.68148,21.32436,1.10858,1,0.59825,0.67444,21.63672,1.11774,1,-0.03838,-0.03839,0.67535,0.00456,1,0.02648,-0.03828,0.69919,0.00437,1,0,0.00000,13
0.37462,0.58103,5681.33350,0.02148,13759,1,0.35555,0.57890,1,0.40296,0.56732,1,0.37926,0.57311,1,0.34865,0.68148,21.39461,1.12670,1,0.59831,0.67443,21.56372,1.12670,1,-0.03983,-0.04000,0.70361,0.00456,1,0.02608,-0.03763,0.68736,0.00436,1,0,0.00000,13
0.37657,0.57724,5681.33350,0.02686,13759,1,0.36022,0.55892,1,0.40845,0.56527,1,0.38434,0.56209,1,0.34867,0.68151,21.30706,1.13566,1,0.59836,0.67439,21.66410,1.12649,1,-0.03983,-0.04000,0.70361,0.00457,1,0.02608,-0.03763,0.68736,0.00437,1,0,0.00000,13
0.37792,0.57556,5681.33350,0.03418,13759,1,0.36900,0.57605,1,0.40041,0.55825,1,0.38470,0.56715,1,0.34875,0.68155,21.48668,1.13545,1,0.59836,0.67439,21.66410,1.12628,1,-0.03983,-0.04000,0.70361,0.00453,1,0.02608,-0.03763,0.68736,0.00437,1,0,0.00000,13
0.37890,0.57437,5681.33350,0.04102,13759,1,0.36905,0.57614,1,0.40042,0.55835,1,0.38473,0.56725,1,0.34870,0.68151,21.54373,1.13524,1,0.59836,0.67442,21.67466,1.12608,1,-0.03983,-0.04000,0.70361,0.00454,1,0.02608,-0.03763,0.68736,0.00437,1,0,0.00000,13
0.37776,0.57303,5681.33350,0.04736,13759,1,0.33026,0.56743,1,0.40927,0.55978,1,0.36977,0.56361,1,0.34879,0.68140,21.20088,1.12608,1,0.59840,0.67445,21.63854,1.12608,1,-0.03983,-0.04000,0.70361,0.00463,1,0.02608,-0.03763,0.68736,0.00440,1,0,0.00000,13
0.37752,0.57121,5681.33350,0.05420,13759,1,0.33689,0.56145,1,0.41443,0.55188,1,0.37566,0.55667,1,0.34870,0.68141,21.26515,1.12608,1,0.59846,0.67438,21.45812,1.12608,1,-0.03983,-0.04000,0.70361,0.00461,1,0.02608,-0.03763,0.68736,0.00439,1,0,0.00000,13
0.37748,0.57016,5681.33350,0.06055,13759,1,0.33956,0.56526,1,0.41460,0.55619,1,0.37708,0.56073,1,0.34860,0.68123,20.94424,1.11712,1,0.59848,0.67435,21.40656,1.11712,1,-0.03840,-0.03861,0.67923,0.00467,1,0.02608,-0.03763,0.68736,0.00440,1,0,0.00000,13
0.37754,0.56847,5681.33350,0.06738,13759,1,0.34238,0.54432,1,0.41386,0.55879,1,0.37812,0.55156,1,0.34867,0.68119,21.12712,1.10816,1,0.59850,0.67419,21.76240,1.10816,1,-0.03840,-0.03861,0.67923,0.00463,1,0.02608,-0.03763,0.68736,0.00440,1,0,0.00000,13
0.37811,0.56592,5681.33350,0.07422,13759,1,0.33870,0.53885,1,0.43003,0.53678,1,0.38436,0.53781,1,0.34870,0.68113,21.19913,1.09920,1,0.59854,0.67417,21.80067,1.09920,1,-0.03840,-0.03861,0.67923,0.00458,1,0.02608,-0.03763,0.68736,0.00441,1,0,0.00000,13
0.37869,0.56408,5681.33350,0.08105,13759,1,0.34141,0.54292,1,0.43008,0.54131,1,0.38575,0.54212,1,0.34877,0.68117,21.17876,1.09024,1,0.59859,0.67415,21.77274,1.09024,1,-0.03840,-0.03861,0.67923,0.00457,1,0.02608,-0.03763,0.68736,0.00436,1,0,0.00000,13
0.37968,0.56159,5681.33350,0.08740,13759,1,0.35917,0.52829,1,0.42588,0.53005,1,0.39253,0.52917,1,0.34884,0.68110,21.25258,1.09024,1,0.59863,0.67417,21.71519,1.09024,1,-0.03840,-0.03861,0.67923,0.00452,1,0.02608,-0.03763,0.68736,0.00439,1,0,0.00000,13
0.38087,0.56116,5681.33350,0.09424,13759,1,0.36098,0.58211,1,0.43420,0.52824,1,0.39759,0.55517,1,0.34887,0.68106,20.95292,1.09024,1,0.59864,0.67407,21.54747,1.09024,1,-0.03840,-0.03861,0.67923,0.00455,1,0.02608,-0.03763,0.68736,0.00436,1,0,0.00000,13
0.38192,0.56079,5681.33350,0.10107,13759,1,0.36098,0.58211,1,0.43420,0.52824,1,0.39759,0.55517,1,0.34871,0.68094,20.79222,1.09024,1,0.59866,0.67411,21.58579,1.09024,1,-0.03840,-0.03851,0.67923,0.00454,1,0.02608,-0.03763,0.68736,0.00437,1,0,0.00000,13
0.38288,0.56020,5681.33350,0.10791,13759,1,0.36480,0.57132,1,0.43165,0.53008,1,0.39823,0.55070,1,0.34882,0.68097,20.92994,1.09024,1,0.59875,0.67400,21.69157,1.09024,1,-0.03840,-0.03851,0.67923,0.00463,1,0.02608,-0.03763,0.68736,0.00441,1,0,0.00000,13
0.38323,0.55944,5681.33350,0.11523,13759,1,0.37321,0.57744,1,0.40522,0.51589,1,0.38922,0.54667,1,0.34883,0.68097,20.97507,1.09024,1,0.59881,0.67399,21.69266,1.09024,1,-0.03840,-0.03851,0.67923,0.00462,1,0.02608,-0.03763,0.68736,0.00442,1,0,0.00000,13
0.38355,0.55877,5681.33350,0.12012,13759,1,0.37321,0.57744,1,0.40522,0.51589,1,0.38922,0.54667,1,0.34898,0.68089,21.55495,1.09024,1,0.59885,0.67396,21.58074,1.09024,1,-0.03797,-0.03803,0.67165,0.00458,1,0.02608,-0.03763,0.68736,0.00441,1,0,0.00000,13
0.38329,0.56074,5681.33350,0.12695,13759,1,0.35247,0.61294,1,0.40423,0.58350,1,0.37835,0.59822,1,0.34909,0.68074,21.70679,1.09024,1,0.59886,0.67391,21.65898,1.09024,1,-0.03797,-0.03803,0.67165,0.00454,1,0.02608,-0.03763,0.68736,0.00440,1,0,0.00000,13
0.38435,0.56288,5681.33350,0.13428,13759,1,0.38841,0.62134,1,0.42273,0.58998,1,0.40557,0.60566,1,0.34912,0.68078,21.48278,1.09024,1,0.59885,0.67391,21.73431,1.09024,1,-0.03797,-0.03803,0.67165,0.00456,1,0.02608,-0.03763,0.68736,0.00439,1,0,0.00000,13
0.38531,0.56491,5681.33350,0.14062,13759,1,0.38841,0.62134,1,0.42283,0.59371,1,0.40562,0.60752,1,0.34944,0.68082,21.54589,1.09024,1,0.59911,0.67392,21.71579,1.08215,1,-0.03837,-0.03859,0.68233,0.00458,1,0.02504,-0.03573,0.65356,0.00443,1,0,0.00000,13
0.38741,0.56575,5681.33350,0.14746,13759,1,0.39395,0.62967,1,0.47323,0.53892,1,0.43359,0.58430,1,0.35089,0.68090,22.37341,1.08215,1,0.60065,0.67374,21.02241,1.07407,1,-0.03837,-0.03859,0.68233,0.00456,1,0.02504,-0.03573,0.65356,0.00444,1,0,0.00000,13
0.39192,0.56727,5681.33350,0.15430,13759,1,0.47821,0.63597,1,0.51289,0.56809,1,0.49555,0.60203,1,0.35181,0.68082,22.53929,1.07407,1,0.60155,0.67384,20.82580,1.06598,1,-0.03837,-0.03859,0.68233,0.00463,1,0.02504,-0.03573,0.65356,0.00448,1,0,0.00000,13
0.39609,0.56872,5681.33350,0.16162,13759,1,0.47970,0.63915,1,0.51289,0.56809,1,0.49629,0.60362,1,0.35276,0.68081,22.55804,1.06598,1,0.60257,0.67408,20.79382,1.06598,1,-0.03819,-0.03881,0.68633,0.00458,1,0.02612,-0.03683,0.67262,0.00447,1,0,0.00000,13
0.42901,0.57827,5681.33350,0.16162,13759,0,0.53749,0.61355,1,0.58515,0.55353,1,0.56132,0.58354,1,0.35346,0.68060,22.42469,1.06598,1,0.60289,0.67395,20.99066,1.07407,1,-0.03819,-0.03881,0.68633,0.00458,1,0.02612,-0.03683,0.67262,0.00444,1,0,0.00000,13
0.48972,0.57714,5681.33350,0.16162,13759,0,0.52321,0.59846,1,0.57764,0.55356,1,0.55043,0.57601,1,0.35342,0.68058,22.39440,1.07407,1,0.60295,0.67391,21.07391,1.08215,1,-0.03819,-0.03881,0.68633,0.00460,1,0.02612,-0.03683,0.67262,0.00444,1,0,0.00000,13
0.50990,0.57415,5681.33350,0.16162,13759,0,0.52077,0.59114,1,0.57978,0.54519,1,0.55027,0.56816,1,0.35334,0.68048,22.49873,1.09111,1,0.60307,0.67383,20.73292,1.09920,1,-0.03907,-0.03976,0.70311,0.00459,1,0.02687,-0.03773,0.68918,0.00449,1,0,0.00000,13
0.55074,0.56649,5681.33350,0.16162,13759,0,0.52033,0.58510,1,0.58268,0.52549,1,0.55151,0.55529,1,0.35334,0.68049,22.49821,1.10816,1,0.60311,0.67386,20.82797,1.10816,1,-0.03907,-0.03976,0.70311,0.00459,1,0.02687,-0.03773,0.68918,0.00448,1,0,0.00000,13
0.54471,0.56515,5681.33350,0.16162,13759,0,0.51888,0.58594,1,0.55850,0.54169,1,0.53869,0.56381,1,0.35345,0.68056,22.56994,1.11712,1,0.60310,0.67377,20.87802,1.11712,1,-0.03907,-0.03976,0.70311,0.00457,1,0.02687,-0.03773,0.68918,0.00450,1,0,0.00000,13
0.54281,0.56260,5681.33350,0.16162,13759,0,0.51762,0.58215,1,0.56040,0.53285,1,0.53901,0.55750,1,0.35345,0.68056,22.56994,1.12608,1,0.60317,0.67381,20.96234,1.13524,1,-0.03907,-0.03976,0.70311,0.00457,1,0.02716,-0.03806,0.69514,0.00454,1,0,0.00000,13
0.54458,0.55900,5681.52148,0.02148,13760,1,0.52515,0.58109,1,0.57460,0.51527,1,0.54988,0.54818,1,0.35357,0.68055,22.68592,1.13524,1,0.60340,0.67391,20.71222,1.14441,1,-0.03907,-0.03976,0.70311,0.00461,1,0.02716,-0.03806,0.69514,0.00449,1,0,0.00000,13
0.54229,0.55610,5681.52148,0.02734,13760,1,0.52367,0.57149,1,0.54264,0.51758,1,0.53315,0.54453,1,0.35346,0.68058,22.57417,1.14441,1,0.60342,0.67383,20.47334,1.15358,1,-0.03907,-0.03976,0.70311,0.00458,1,0.02716,-0.03806,0.69514,0.00461,1,0,0.00000,13
0.54067,0.55385,5681.52148,0.03271,13760,1,0.52244,0.56759,1,0.54264,0.51758,1,0.53254,0.54258,1,0.35346,0.68059,22.53128,1.15358,1,0.60332,0.67388,20.94346,1.15358,1,-0.03907,-0.03976,0.70311,0.00458,1,0.02673,-0.03739,0.68286,0.00455,1,0,0.00000,13
0.53689,0.55327,5681.52148,0.04004,13760,1,0.48570,0.57172,1,0.54277,0.52785,1,0.51423,0.54979,1,0.35352,0.68063,22.60790,1.15358,1,0.60336,0.67387,20.86267,1.14441,1,-0.03907,-0.03976,0.70311,0.00459,1,0.02673,-0.03739,0.68286,0.00456,1,0,0.00000,13
0.53464,0.55369,5681.52148,0.04688,13760,1,0.49401,0.57901,1,0.54372,0.53429,1,0.51886,0.55665,1,0.35353,0.68067,22.76285,1.14441,1,0.60344,0.67398,21.03691,1.13524,1,-0.03907,-0.03976,0.70311,0.00461,1,0.02673,-0.03739,0.68286,0.00451,1,0,0.00000,13
0.53292,0.55448,5681.52148,0.05322,13760,1,0.49547,0.58283,1,0.54288,0.53875,1,0.51918,0.56079,1,0.35358,0.68062,22.66672,1.13524,1,0.60344,0.67413,20.91341,1.12608,1,-0.03907,-0.03976,0.70311,0.00464,1,0.02673,-0.03739,0.68286,0.00461,1,0,0.00000,13
0.53224,0.55676,5681.52148,0.06006,13760,1,0.50074,0.59555,1,0.55148,0.55899,1,0.52611,0.57727,1,0.35358,0.68061,22.73022,1.12608,1,0.60326,0.67426,21.89191,1.12608,1,-0.03907,-0.03976,0.70311,0.00463,1,0.02673,-0.03739,0.68286,0.00449,1,0,0.00000,13
0.53200,0.55603,5681.52148,0.06689,13760,1,0.50137,0.53635,1,0.55787,0.56116,1,0.52962,0.54876,1,0.35366,0.68057,22.60299,1.12608,1,0.60351,0.67397,21.02407,1.12608,1,-0.03907,-0.03976,0.70311,0.00463,1,0.02673,-0.03739,0.68286,0.00453,1,0,0.00000,13
0.53180,0.55543,5681.52148,0.07373,13760,1,0.50137,0.53635,1,0.55787,0.56116,1,0.52962,0.54876,1,0.35363,0.68064,22.58194,1.12608,1,0.60352,0.67415,21.17791,1.12608,1,-0.03882,-0.03962,0.70056,0.00463,1,0.02673,-0.03749,0.68286,0.00454,1,0,0.00000,13
0.53096,0.55615,5681.52148,0.08008,13760,1,0.47410,0.54793,1,0.56769,0.58165,1,0.52090,0.56479,1,0.35370,0.68079,22.99746,1.12608,1,0.60359,0.67420,21.15618,1.12608,1,-0.03882,-0.03962,0.70056,0.00462,1,0.02673,-0.03749,0.68286,0.00452,1,0,0.00000,13
0.53043,0.55612,5681.52148,0.08643,13760,1,0.47428,0.54151,1,0.57259,0.57016,1,0.52344,0.55584,1,0.35370,0.68086,22.91921,1.12608,1,0.60367,0.67436,21.29512,1.12608,1,-0.03882,-0.03962,0.70056,0.00463,1,0.02673,-0.03749,0.68286,0.00452,1,0,0.00000,13
0.53000,0.55597,5681.52148,0.09277,13760,1,0.47428,0.54151,1,0.57366,0.56597,1,0.52397,0.55374,1,0.35374,0.68090,22.81750,1.12608,1,0.60334,0.67457,21.85008,1.13524,1,-0.03882,-0.03972,0.70056,0.00463,1,0.02810,-0.03934,0.71661,0.00455,1,0,0.00000,13
0.53031,0.55388,5681.52148,0.10010,13760,1,0.48685,0.53322,1,0.58321,0.51185,1,0.53503,0.52254,1,0.35382,0.68091,22.82017,1.13524,1,0.60338,0.67463,22.01748,1.14441,1,-0.03882,-0.03972,0.70056,0.00464,1,0.02810,-0.03934,0.71661,0.00452,1,0,0.00000,13
0.53070,0.55003,5681.52148,0.10693,13760,1,0.48787,0.54548,1,0.58588,0.43145,1,0.53687,0.48846,1,0.35383,0.68090,22.81999,1.14441,1,0.60344,0.67466,21.91826,1.15358,1,-0.03882,-0.03972,0.70056,0.00464,1,0.02810,-0.03934,0.71661,0.00449,1,0,0.00000,13
0.53106,0.54619,5681.52148,0.11377,13760,1,0.48636,0.54140,1,0.58830,0.42036,1,0.53733,0.48088,1,0.35383,0.68090,22.81999,1.15358,1,0.60351,0.67470,22.09443,1.17322,1,-0.03882,-0.03972,0.70056,0.00464,1,0.02797,-0.03914,0.71198,0.00452,1,0,0.00000,13
0.53188,0.54292,5681.52148,0.12012,13760,1,0.49473,0.54068,1,0.59851,0.42756,1,0.54662,0.48412,1,0.35397,0.68083,22.91031,1.17322,1,0.60356,0.67473,22.11507,1.18370,1,-0.03882,-0.03972,0.70056,0.00469,1,0.02797,-0.03914,0.71198,0.00453,1,0,0.00000,13
0.53183,0.53900,5681.52148,0.12695,13760,1,0.49254,0.48437,1,0.56890,0.44461,1,0.53072,0.46449,1,0.35396,0.68090,22.68244,1.18370,1,0.60359,0.67478,22.07330,1.19417,1,-0.03882,-0.03972,0.70056,0.00469,1,0.02797,-0.03914,0.71198,0.00453,1,0,0.00000,13
0.53172,0.53567,5681.52148,0.13379,13760,1,0.49231,0.48365,1,0.56698,0.45432,1,0.52965,0.46898,1,0.35406,0.68088,22.69804,1.18521,1,0.60361,0.67481,22.26355,1.17605,1,-0.03709,-0.03801,0.67030,0.00466,1,0.02661,-0.03714,0.67474,0.00452,1,0,0.00000,13
0.53231,0.53309,5681.52148,0.14014,13760,1,0.50989,0.49030,1,0.57956,0.46756,1,0.54472,0.47893,1,0.35414,0.68096,22.91002,1.16709,1,0.60373,0.67492,22.46720,1.14745,1,-0.03709,-0.03801,0.67030,0.00461,1,0.02661,-0.03714,0.67474,0.00450,1,0,0.00000,13
0.53239,0.53150,5681.52148,0.14697,13760,1,0.51550,0.50351,1,0.55245,0.48948,1,0.53397,0.49650,1,0.35420,0.68100,22.82276,1.13849,1,0.60392,0.67501,22.28465,1.11884,1,-0.03709,-0.03801,0.67030,0.00464,1,0.02661,-0.03714,0.67474,0.00451,1,0,0.00000,13
0.53250,0.53071,5681.52148,0.15381,13760,1,0.52065,0.52123,1,0.54973,0.50406,1,0.53519,0.51264,1,0.35419,0.68101,22.81816,1.10198,1,0.60392,0.67501,22.28465,1.09151,1,-0.03677,-0.03773,0.66544,0.00465,1,0.02817,-0.03925,0.71291,0.00451,1,0,0.00000,13
0.53394,0.50321,5681.52148,0.15381,13760,0,0.49828,0.53682,1,0.56117,0.52606,1,0.52972,0.53144,1,0.35432,0.68103,22.88090,1.08360,1,0.60397,0.67500,22.33709,1.09277,1,-0.03677,-0.03773,0.66544,0.00465,1,0.02817,-0.03925,0.71291,0.00452,1,0,0.00000,13
0.52891,0.51789,5681.52148,0.15381,13760,0,0.48351,0.53120,1,0.56424,0.53392,1,0.52387,0.53256,1,0.35438,0.68097,22.86504,1.08486,1,0.60402,0.67506,22.45301,1.09403,1,-0.03677,-0.03773,0.66544,0.00462,1,0.02817,-0.03925,0.71291,0.00454,1,0,0.00000,13
0.52703,0.51980,5681.52148,0.15381,13760,0,0.48031,0.52249,1,0.56627,0.52478,1,0.52329,0.52364,1,0.35447,0.68101,22.78108,1.10299,1,0.60416,0.67518,22.37594,1.11216,1,-0.03871,-0.03993,0.70236,0.00464,1,0.02817,-0.03925,0.71291,0.00456,1,0,0.00000,13
0.52991,0.52370,5681.68213,0.02002,13761,1,0.48793,0.52403,1,0.58913,0.54672,1,0.53853,0.53537,1,0.35467,0.68112,23.01312,1.12902,1,0.60420,0.67519,22.21549,1.12902,1,-0.03871,-0.03993,0.70236,0.00464,1,0.02817,-0.03925,0.71291,0.00457,1,0,0.00000,13
0.52627,0.52587,5681.68213,0.02686,13761,1,0.49251,0.52326,1,0.53091,0.54583,1,0.51171,0.53455,1,0.35468,0.68110,22.80155,1.14588,1,0.60435,0.67523,22.39587,1.14588,1,-0.03871,-0.03993,0.70236,0.00465,1,0.02817,-0.03925,0.71291,0.00452,1,0,0.00000,13
0.52373,0.52706,5681.68213,0.03418,13761,1,0.49125,0.51961,1,0.53081,0.54643,1,0.51103,0.53302,1,0.35474,0.68115,22.79510,1.15379,1,0.60442,0.67528,22.23647,1.14462,1,-0.03748,-0.03872,0.68105,0.00463,1,0.02697,-0.03736,0.67866,0.00458,1,0,0.00000,13
0.52485,0.53121,5681.68213,0.04053,13761,1,0.51777,0.54642,1,0.54537,0.56582,1,0.53157,0.55612,1,0.35486,0.68121,22.89040,1.13566,1,0.60457,0.67530,22.47513,1.12649,1,-0.03748,-0.03872,0.68105,0.00463,1,0.02697,-0.03736,0.67866,0.00456,1,0,0.00000,13
0.52621,0.53633,5681.68213,0.04736,13761,1,0.52353,0.56864,1,0.54791,0.57562,1,0.53572,0.57213,1,0.35498,0.68129,22.76229,1.11754,1,0.60462,0.67541,22.38176,1.10837,1,-0.03748,-0.03872,0.68105,0.00463,1,0.02697,-0.03736,0.67866,0.00454,1,0,0.00000,13
0.52730,0.54121,5681.68213,0.05371,13761,1,0.52602,0.57660,1,0.54615,0.58399,1,0.53609,0.58029,1,0.35506,0.68135,22.80151,1.09941,1,0.60464,0.67541,22.36999,1.09024,1,-0.03675,-0.03816,0.66956,0.00468,1,0.02697,-0.03756,0.67866,0.00454,1,0,0.00000,13
0.52608,0.53992,5681.68213,0.06055,13761,1,0.46995,0.57990,1,0.56011,0.47664,1,0.51503,0.52827,1,0.35511,0.68141,22.94574,1.09024,1,0.60510,0.67538,21.41991,1.09024,1,-0.03675,-0.03816,0.66956,0.00463,1,0.02697,-0.03756,0.67866,0.00460,1,0,0.00000,13
0.52570,0.53882,5681.68213,0.06689,13761,1,0.47504,0.59277,1,0.56890,0.46301,1,0.52197,0.52789,1,0.35515,0.68145,22.90884,1.09024,1,0.60519,0.67539,21.18987,1.09024,1,-0.03675,-0.03816,0.66956,0.00462,1,0.02697,-0.03756,0.67866,0.00460,1,0,0.00000,13
0.52539,0.53791,5681.68213,0.07373,13761,1,0.47504,0.59277,1,0.56890,0.46301,1,0.52197,0.52789,1,0.35524,0.68147,22.90620,1.09024,1,0.60520,0.67542,21.27402,1.09024,1,-0.03675,-0.03816,0.66956,0.00462,1,0.02697,-0.03756,0.67866,0.00459,1,0,0.00000,13
0.52664,0.53616,5681.68213,0.08057,13761,1,0.49490,0.55642,1,0.58835,0.47390,1,0.54162,0.51516,1,0.35536,0.68165,22.95462,1.09024,1,0.60534,0.67554,21.70249,1.09024,1,-0.03675,-0.03816,0.66956,0.00463,1,0.02697,-0.03756,0.67866,0.00454,1,0,0.00000,13
0.52701,0.53349,5681.68213,0.08740,13761,1,0.50728,0.50186,1,0.55627,0.49568,1,0.53178,0.49877,1,0.35545,0.68170,22.96733,1.09024,1,0.60547,0.67548,21.05964,1.09024,1,-0.03675,-0.03816,0.66956,0.00464,1,0.02697,-0.03756,0.67866,0.00458,1,0,0.00000,13
0.52736,0.53101,5681.68213,0.09375,13761,1,0.50728,0.50186,1,0.55723,0.49072,1,0.53226,0.49629,1,0.35553,0.68175,22.81444,1.09024,1,0.60540,0.67557,21.40135,1.09941,1,-0.03768,-0.03929,0.68839,0.00465,1,0.02868,-0.03971,0.71749,0.00457,1,0,0.00000,13
0.52697,0.52890,5681.68213,0.10059,13761,1,0.51128,0.50445,1,0.53106,0.48990,1,0.52117,0.49718,1,0.35556,0.68178,22.94442,1.09941,1,0.60549,0.67561,21.59783,1.10858,1,-0.03768,-0.03929,0.68839,0.00464,1,0.02868,-0.03971,0.71749,0.00458,1,0,0.00000,13
0.52690,0.52696,5681.68213,0.10693,13761,1,0.51038,0.50674,1,0.54130,0.48522,1,0.52584,0.49598,1,0.35553,0.68179,22.78089,1.10858,1,0.60557,0.67561,21.46758,1.11774,1,-0.03768,-0.03929,0.68839,0.00470,1,0.02868,-0.03971,0.71749,0.00456,1,0,0.00000,13
0.52679,0.52486,5681.68213,0.11377,13761,1,0.50768,0.49778,1,0.54210,0.48040,1,0.52489,0.48909,1,0.35564,0.68178,22.67757,1.12670,1,0.60554,0.67560,21.73345,1.12670,1,-0.03854,-0.04024,0.70500,0.00469,1,0.02734,-0.03780,0.68284,0.00456,1,0,0.00000,13
0.52707,0.52260,5681.68213,0.12061,13761,1,0.51862,0.47984,1,0.54549,0.48423,1,0.53206,0.48203,1,0.35573,0.68177,22.73971,1.13566,1,0.60570,0.67569,21.61087,1.12649,1,-0.03854,-0.04024,0.70500,0.00466,1,0.02734,-0.03780,0.68284,0.00460,1,0,0.00000,13
0.52766,0.52026,5681.68213,0.12695,13761,1,0.52102,0.47619,1,0.55688,0.47531,1,0.53895,0.47575,1,0.35571,0.68174,22.62944,1.13545,1,0.60586,0.67580,21.55441,1.12629,1,-0.03854,-0.04024,0.70500,0.00466,1,0.02734,-0.03780,0.68284,0.00457,1,0,0.00000,13
0.52820,0.51815,5681.68213,0.13379,13761,1,0.52104,0.47629,1,0.55686,0.47543,1,0.53895,0.47586,1,0.35575,0.68176,22.65405,1.13524,1,0.60598,0.67555,21.31036,1.12608,1,-0.03749,-0.03910,0.68590,0.00463,1,0.02734,-0.03780,0.68284,0.00458,1,0,0.00000,13
0.52798,0.51691,5681.68213,0.14062,13761,1,0.49250,0.51334,1,0.55435,0.46838,1,0.52342,0.49086,1,0.35587,0.68153,23.01259,1.12608,1,0.60595,0.67561,21.55343,1.12608,1,-0.03749,-0.03910,0.68590,0.00467,1,0.02734,-0.03780,0.68284,0.00458,1,0,0.00000,13
0.52799,0.51560,5681.68213,0.14648,13761,1,0.49648,0.50846,1,0.55980,0.46526,1,0.52814,0.48686,1,0.35591,0.68150,22.86326,1.12608,1,0.60595,0.67561,21.55343,1.12608,1,-0.03749,-0.03910,0.68590,0.00463,1,0.02734,-0.03780,0.68284,0.00458,1,0,0.00000,13
0.52801,0.51460,5681.68213,0.15381,13761,1,0.49790,0.51280,1,0.55886,0.47020,1,0.52838,0.49150,1,0.35592,0.68144,22.89214,1.11712,1,0.60593,0.67551,21.70382,1.11712,1,-0.03740,-0.03900,0.68506,0.00462,1,0.02734,-0.03780,0.68284,0.00455,1,0,0.00000,13
0.52791,0.51391,5681.68213,0.16064,13761,1,0.47215,0.55150,1,0.57915,0.44331,1,0.52565,0.49740,1,0.35596,0.68131,22.75451,1.10816,1,0.60614,0.67527,21.27432,1.10816,1,-0.03740,-0.03900,0.68506,0.00462,1,0.02734,-0.03780,0.68284,0.00458,1,0,0.00000,13
0.52780,0.51341,5681.68213,0.16699,13761,1,0.47914,0.54893,1,0.57074,0.45282,1,0.52494,0.50088,1,0.35599,0.68129,22.75050,1.09920,1,0.60611,0.67533,21.45331,1.09920,1,-0.03740,-0.03900,0.68506,0.00460,1,0.02734,-0.03780,0.68284,0.00457,1,0,0.00000,13
0.52772,0.51302,5681.68213,0.17334,13761,1,0.48074,0.55304,1,0.57077,0.45270,1,0.52575,0.50287,1,0.35604,0.68122,22.77968,1.09024,1,0.60617,0.67528,21.17640,1.09941,1,-0.03740,-0.03900,0.68506,0.00463,1,0.02792,-0.03847,0.69589,0.00460,1,0,0.00000,13
0.52800,0.51251,5681.68213,0.18018,13761,1,0.48224,0.54898,1,0.58902,0.44859,1,0.53563,0.49878,1,0.35617,0.68114,22.88291,1.09941,1,0.60620,0.67523,21.32021,1.10858,1,-0.03740,-0.03900,0.68506,0.00463,1,0.02792,-0.03847,0.69589,0.00456,1,0,0.00000,13
0.52765,0.51200,5681.68213,0.18799,13761,1,0.48749,0.54357,1,0.54816,0.45171,1,0.51782,0.49764,1,0.35618,0.68115,22.79251,1.10858,1,0.60617,0.67529,21.37866,1.11774,1,-0.03740,-0.03900,0.68506,0.00463,1,0.02792,-0.03847,0.69589,0.00456,1,0,0.00000,13
0.52732,0.51149,5681.68213,0.19434,13761,1,0.48728,0.54298,1,0.54828,0.45099,1,0.51778,0.49699,1,0.35619,0.68110,22.70433,1.10984,1,0.60622,0.67532,21.40816,1.11901,1,-0.03593,-0.03752,0.65910,0.00462,1,0.02821,-0.03873,0.70070,0.00461,1,0,0.00000,13
0.52693,0.51067,5681.68213,0.20117,13761,1,0.49926,0.54098,1,0.53119,0.43057,1,0.51523,0.48577,1,0.35626,0.68107,22.72828,1.11110,1,0.60623,0.67531,21.37549,1.11110,1,-0.03593,-0.03752,0.65910,0.00464,1,0.02821,-0.03873,0.70070,0.00459,1,0,0.00000,13
0.52680,0.51128,5681.68213,0.20850,13761,1,0.50475,0.55288,1,0.54074,0.50808,1,0.52274,0.53048,1,0.35624,0.68110,22.72547,1.10320,1,0.60631,0.67531,21.34272,1.10320,1,-0.03593,-0.03752,0.65910,0.00465,1,0.02821,-0.03873,0.70070,0.00457,1,0,0.00000,13
0.52667,0.51194,5681.68213,0.21436,13761,1,0.50475,0.55288,1,0.53991,0.51288,1,0.52233,0.53288,1,0.35624,0.68108,22.66795,1.10320,1,0.60629,0.67534,21.43704,1.09403,1,-0.03732,-0.03902,0.68554,0.00466,1,0.02720,-0.03727,0.67422,0.00456,1,0,0.00000,13
0.52648,0.51249,5681.68213,0.22119,13761,1,0.50882,0.54712,1,0.53209,0.51434,1,0.52045,0.53073,1,0.35633,0.68109,22.66873,1.10194,1,0.60629,0.67529,21.48238,1.09277,1,-0.03732,-0.03902,0.68554,0.00466,1,0.02720,-0.03727,0.67422,0.00455,1,0,0.00000,13
0.52637,0.51275,5681.68213,0.22803,13761,1,0.51325,0.53028,1,0.53161,0.51245,1,0.52243,0.52137,1,0.35633,0.68110,22.73223,1.10067,1,0.60658,0.67517,20.60790,1.09151,1,-0.03732,-0.03902,0.68554,0.00460,1,0.02720,-0.03727,0.67422,0.00459,1,0,0.00000,13
0.52626,0.51300,5681.68213,0.23438,13761,1,0.51344,0.53088,1,0.53151,0.51312,1,0.52247,0.52200,1,0.35628,0.68104,22.62309,1.09941,1,0.60659,0.67518,20.60755,1.09024,1,-0.03699,-0.03863,0.67955,0.00464,1,0.02720,-0.03727,0.67422,0.00460,1,0,0.00000,13
0.52614,0.51213,5681.68213,0.24219,13761,1,0.51165,0.52793,1,0.53194,0.43359,1,0.52179,0.48076,1,0.35642,0.68093,22.85123,1.09024,1,0.60654,0.67507,20.85775,1.09024,1,-0.03699,-0.03863,0.67955,0.00463,1,0.02720,-0.03727,0.67422,0.00455,1,0,0.00000,13
0.52618,0.51139,5681.68213,0.24805,13761,1,0.52350,0.52277,1,0.53185,0.44490,1,0.52768,0.48384,1,0.35644,0.68097,22.66985,1.09024,1,0.60661,0.67517,20.70387,1.09024,1,-0.03699,-0.03863,0.67955,0.00461,1,0.02720,-0.03727,0.67422,0.00461,1,0,0.00000,13
0.52622,0.51068,5681.68213,0.25439,13761,1,0.52350,0.52277,1,0.53185,0.44490,1,0.52768,0.48384,1,0.35647,0.68094,22.75751,1.09024,1,0.60661,0.67512,20.57968,1.09024,1,-0.03699,-0.03863,0.67955,0.00464,1,0.02720,-0.03727,0.67422,0.00459,1,0,0.00000,13
0.52622,0.51009,5681.68213,0.26123,13761,1,0.51655,0.53926,1,0.53587,0.43508,1,0.52621,0.48717,1,0.35650,0.68094,22.77740,1.09024,1,0.60659,0.67513,20.55690,1.09024,1,-0.03699,-0.03863,0.67955,0.00464,1,0.02720,-0.03727,0.67422,0.00457,1,0,0.00000,13
0.52630,0.50950,5681.68213,0.26807,13761,1,0.51958,0.53170,1,0.53963,0.44015,1,0.52961,0.48593,1,0.35647,0.68095,22.86308,1.09024,1,0.60659,0.67506,20.74537,1.09024,1,-0.03699,-0.03863,0.67955,0.00463,1,0.02720,-0.03727,0.67422,0.00458,1,0,0.00000,13
0.52638,0.50894,5681.68213,0.27490,13761,1,0.51958,0.53170,1,0.53963,0.44015,1,0.52961,0.48593,1,0.35646,0.68096,22.71397,1.09024,1,0.60662,0.67486,20.54745,1.09024,1,-0.03699,-0.03863,0.67955,0.00464,1,0.02720,-0.03727,0.67422,0.00455,1,0,0.00000,13
0.52666,0.50851,5681.68213,0.28125,13761,1,0.53092,0.54199,1,0.54574,0.43839,1,0.53833,0.49019,1,0.35649,0.68086,22.47371,1.09024,1,0.60664,0.67490,20.51514,1.09024,1,-0.03699,-0.03863,0.67955,0.00466,1,0.02720,-0.03727,0.67422,0.00457,1,0,0.00000,13
0.52702,0.50865,5681.68213,0.28809,13761,1,0.51471,0.53339,1,0.57092,0.49608,1,0.54281,0.51474,1,0.35677,0.68093,22.75320,1.09024,1,0.60677,0.67524,21.06604,1.09024,1,-0.03699,-0.03863,0.67955,0.00466,1,0.02720,-0.03727,0.67422,0.00449,1,0,0.00000,13
0.52739,0.50873,5681.68213,0.29492,13761,1,0.51471,0.53339,1,0.57200,0.49113,1,0.54336,0.51226,1,0.35712,0.68096,22.82833,1.09024,1,0.60718,0.67505,20.61549,1.09941,1,-0.03645,-0.03827,0.67325,0.00467,1,0.02889,-0.03942,0.71227,0.00455,1,0,0.00000,13
0.52885,0.50884,5681.68213,0.30127,13761,1,0.54955,0.51403,1,0.63940,0.51405,1,0.59448,0.51404,1,0.35813,0.68088,22.91278,1.09941,1,0.60809,0.67525,20.85256,1.10858,1,-0.03645,-0.03827,0.67325,0.00475,1,0.02889,-0.03942,0.71227,0.00449,1,0,0.00000,13
0.53074,0.50798,5681.68213,0.30762,13761,1,0.60710,0.50415,1,0.62876,0.43233,1,0.61793,0.46824,1,0.35856,0.68076,23.02978,1.10858,1,0.60840,0.67533,20.97388,1.11774,1,-0.03645,-0.03827,0.67325,0.00472,1,0.02889,-0.03942,0.71227,0.00448,1,0,0.00000,13
0.55143,0.48940,5681.68213,0.30762,13761,0,0.60651,0.49950,1,0.62876,0.43233,1,0.61764,0.46592,1,0.35908,0.68071,23.33431,1.11774,1,0.60860,0.67541,21.59562,1.11774,1,-0.03651,-0.03855,0.67811,0.00472,1,0.02889,-0.03942,0.71227,0.00447,1,0,0.00000,13
0.59266,0.49392,5681.68213,0.30762,13761,0,0.63174,0.49024,1,0.63606,0.50664,1,0.63390,0.49844,1,0.35932,0.68060,22.98173,1.11774,1,0.60874,0.67535,22.09978,1.10858,1,-0.03651,-0.03855,0.67811,0.00469,1,0.02889,-0.03942,0.71227,0.00446,1,0,0.00000,13
0.61125,0.48476,5681.68213,0.30762,13761,0,0.62706,0.49072,1,0.66976,0.44213,1,0.64841,0.46642,1,0.35925,0.68061,22.92242,1.10858,1,0.60874,0.67537,22.12103,1.09941,1,-0.03651,-0.03855,0.67811,0.00472,1,0.02889,-0.03942,0.71227,0.00446,1,0,0.00000,13
0.62036,0.48143,5681.99707,0.02002,13762,1,0.62750,0.49550,1,0.66791,0.44743,1,0.64770,0.47147,1,0.35922,0.68051,22.67383,1.09941,1,0.60869,0.67540,21.95483,1.09024,1,-0.03651,-0.03855,0.67811,0.00474,1,0.02889,-0.03942,0.71227,0.00448,1,0,0.00000,13
0.62559,0.47908,5681.99707,0.02686,13762,1,0.62667,0.50526,1,0.66631,0.43405,1,0.64649,0.46966,1,0.35920,0.68061,23.04638,1.09024,1,0.60867,0.67535,21.94821,1.09024,1,-0.03651,-0.03855,0.67811,0.00469,1,0.02889,-0.03942,0.71227,0.00446,1,0,0.00000,13
0.62866,0.47692,5681.99707,0.03369,13762,1,0.62310,0.49577,1,0.66496,0.43643,1,0.64403,0.46610,1,0.35919,0.68061,22.76574,1.09024,1,0.60867,0.67529,22.03354,1.09024,1,-0.03651,-0.03855,0.67811,0.00470,1,0.02889,-0.03942,0.71227,0.00446,1,0,0.00000,13
0.63086,0.47537,5681.99707,0.04004,13762,1,0.62310,0.49577,1,0.66496,0.43643,1,0.64403,0.46610,1,0.35918,0.68065,22.93020,1.09024,1,0.60863,0.67533,21.98836,1.09024,1,-0.03613,-0.03810,0.67115,0.00469,1,0.02889,-0.03942,0.71227,0.00446,1,0,0.00000,13
0.63284,0.47386,5681.99707,0.04590,13762,1,0.62103,0.49560,1,0.67234,0.43105,1,0.64668,0.46333,1,0.35917,0.68048,22.84645,1.09024,1,0.60869,0.67531,22.07396,1.09024,1,-0.03613,-0.03810,0.67115,0.00471,1,0.02889,-0.03942,0.71227,0.00449,1,0,0.00000,13
0.63378,0.47481,5681.99707,0.05371,13762,1,0.61701,0.48448,1,0.66559,0.48020,1,0.64130,0.48234,1,0.35917,0.68048,22.85242,1.09024,1,0.60870,0.67533,22.09718,1.09024,1,-0.03613,-0.03810,0.67115,0.00471,1,0.02889,-0.03942,0.71227,0.00448,1,0,0.00000,13
0.63453,0.47556,5681.99707,0.05957,13762,1,0.61701,0.48448,1,0.66559,0.48020,1,0.64130,0.48234,1,0.35916,0.68047,22.88145,1.09024,1,0.60867,0.67524,22.02773,1.09024,1,-0.03613,-0.03810,0.67115,0.00470,1,0.02889,-0.03942,0.71227,0.00445,1,0,0.00000,13
0.63517,0.47563,5681.99707,0.06641,13762,1,0.61756,0.48228,1,0.66568,0.47030,1,0.64162,0.47629,1,0.35913,0.68043,22.92463,1.09024,1,0.60860,0.67517,21.85138,1.09024,1,-0.03613,-0.03810,0.67115,0.00472,1,0.02889,-0.03942,0.71227,0.00443,1,0,0.00000,13
0.63594,0.47704,5681.99707,0.07275,13762,1,0.62041,0.46928,1,0.66844,0.51586,1,0.64442,0.49257,1,0.35912,0.68045,22.88141,1.09024,1,0.60859,0.67519,21.90088,1.09024,1,-0.03613,-0.03810,0.67115,0.00472,1,0.02889,-0.03942,0.71227,0.00443,1,0,0.00000,13
0.63660,0.47823,5681.99707,0.07959,13762,1,0.62041,0.46928,1,0.66844,0.51586,1,0.64442,0.49257,1,0.35912,0.68043,22.84509,1.09024,1,0.60861,0.67513,21.71141,1.09024,1,-0.03613,-0.03810,0.67115,0.00472,1,0.02889,-0.03942,0.71227,0.00444,1,0,0.00000,13
0.63673,0.48132,5681.99707,0.08643,13762,1,0.61755,0.52683,1,0.65943,0.51603,1,0.63849,0.52143,1,0.35915,0.68033,22.95567,1.09024,1,0.60861,0.67513,21.71141,1.09024,1,-0.03613,-0.03810,0.67115,0.00473,1,0.02889,-0.03942,0.71227,0.00444,1,0,0.00000,13
0.63727,0.48409,5681.99707,0.09326,13762,1,0.61862,0.52948,1,0.67111,0.51615,1,0.64487,0.52282,1,0.35914,0.68036,22.86978,1.09024,1,0.60873,0.67511,21.70010,1.09024,1,-0.03613,-0.03810,0.67115,0.00473,1,0.02889,-0.03942,0.71227,0.00442,1,0,0.00000,13
0.63775,0.48651,5681.99707,0.09961,13762,1,0.61862,0.52948,1,0.67111,0.51615,1,0.64487,0.52282,1,0.35914,0.68026,22.93657,1.09024,1,0.60870,0.67506,21.55583,1.09024,1,-0.03651,-0.03855,0.67811,0.00472,1,0.02889,-0.03942,0.71227,0.00447,1,0,0.00000,13
0.63692,0.48858,5681.99707,0.10645,13762,1,0.62035,0.52616,1,0.62690,0.51746,1,0.62362,0.52181,1,0.35915,0.68024,22.87873,1.09024,1,0.60872,0.67507,21.64175,1.09024,1,-0.03651,-0.03855,0.67811,0.00472,1,0.02889,-0.03942,0.71227,0.00449,1,0,0.00000,13
0.63738,0.49037,5681.99707,0.11328,13762,1,0.62438,0.51566,1,0.66609,0.52600,1,0.64524,0.52083,1,0.35914,0.68021,22.99118,1.09024,1,0.60866,0.67506,21.47763,1.09024,1,-0.03651,-0.03855,0.67811,0.00470,1,0.02889,-0.03942,0.71227,0.00447,1,0,0.00000,13
0.63779,0.49198,5681.99707,0.11963,13762,1,0.62438,0.51566,1,0.66609,0.52600,1,0.64524,0.52083,1,0.35921,0.68023,22.96681,1.09024,1,0.60866,0.67507,21.49317,1.09024,1,-0.03651,-0.03855,0.67811,0.00469,1,0.02889,-0.03942,0.71227,0.00447,1,0,0.00000,13
0.63727,0.49355,5681.99707,0.12646,13762,1,0.62652,0.52554,1,0.62808,0.52134,1,0.62730,0.52344,1,0.35919,0.68023,22.89208,1.09024,1,0.60876,0.67503,21.69665,1.09024,1,-0.03651,-0.03855,0.67811,0.00472,1,0.02889,-0.03942,0.71227,0.00444,1,0,0.00000,13
0.63696,0.49470,5681.99707,0.13330,13762,1,0.62650,0.51464,1,0.63505,0.52069,1,0.63077,0.51766,1,0.35921,0.68025,22.86995,1.09024,1,0.60877,0.67509,21.54465,1.09024,1,-0.03651,-0.03855,0.67811,0.00471,1,0.02889,-0.03942,0.71227,0.00447,1,0,0.00000,13
0.63668,0.49574,5681.99707,0.14062,13762,1,0.62650,0.51464,1,0.63505,0.52069,1,0.63077,0.51766,1,0.35921,0.68025,22.86995,1.09024,1,0.60872,0.67509,21.44875,1.09024,1,-0.03651,-0.03845,0.67811,0.00471,1,0.02889,-0.03942,0.71227,0.00443,1,0,0.00000,13
0.63634,0.49570,5681.99707,0.14746,13762,1,0.62537,0.45666,1,0.63264,0.53269,1,0.62900,0.49467,1,0.35923,0.68028,22.86046,1.09024,1,0.60876,0.67507,21.53678,1.09024,1,-0.03651,-0.03845,0.67811,0.00468,1,0.02889,-0.03942,0.71227,0.00443,1,0,0.00000,13
0.63617,0.49590,5681.99707,0.15332,13762,1,0.62440,0.47742,1,0.64016,0.52383,1,0.63228,0.50063,1,0.35921,0.68028,22.78438,1.09024,1,0.60874,0.67512,21.41593,1.09024,1,-0.03651,-0.03845,0.67811,0.00468,1,0.02889,-0.03942,0.71227,0.00442,1,0,0.00000,13
0.63602,0.49609,5681.99707,0.16016,13762,1,0.62440,0.47742,1,0.64016,0.52383,1,0.63228,0.50063,1,0.35921,0.68033,22.83560,1.09024,1,0.60883,0.67510,21.54146,1.09024,1,-0.03651,-0.03855,0.67811,0.00468,1,0.02889,-0.03942,0.71227,0.00443,1,0,0.00000,13
0.63578,0.49643,5681.99707,0.16699,13762,1,0.62238,0.47684,1,0.63732,0.53317,1,0.62985,0.50501,1,0.35912,0.68039,22.80744,1.09024,1,0.60883,0.67510,21.54146,1.09024,1,-0.03651,-0.03855,0.67811,0.00466,1,0.02889,-0.03942,0.71227,0.00443,1,0,0.00000,13
0.63546,0.49660,5681.99707,0.17334,13762,1,0.61905,0.47676,1,0.63503,0.52504,1,0.62704,0.50090,1,0.35910,0.68036,22.64401,1.09024,1,0.60884,0.67510,21.52018,1.09024,1,-0.03651,-0.03855,0.67811,0.00465,1,0.02889,-0.03942,0.71227,0.00443,1,0,0.00000,13
0.63516,0.49675,5681.99707,0.18018,13762,1,0.61905,0.47676,1,0.63503,0.52504,1,0.62704,0.50090,1,0.35909,0.68036,22.66885,1.09024,1,0.60885,0.67503,21.36000,1.09024,1,-0.03651,-0.03855,0.67811,0.00465,1,0.02889,-0.03942,0.71227,0.00442,1,0,0.00000,13
0.63578,0.49472,5681.99707,0.18799,13762,1,0.64354,0.47272,1,0.66266,0.40263,1,0.65310,0.43768,1,0.35929,0.68038,22.82809,1.09024,1,0.60902,0.67505,21.08154,1.09024,1,-0.03651,-0.03855,0.67811,0.00468,1,0.02889,-0.03942,0.71227,0.00440,1,0,0.00000,13
0.63691,0.49251,5681.99707,0.19385,13762,1,0.62781,0.45330,1,0.71159,0.40410,1,0.66970,0.42870,1,0.35972,0.68028,22.60959,1.09024,1,0.60934,0.67512,21.05225,1.09024,1,-0.03651,-0.03855,0.67811,0.00468,1,0.02889,-0.03942,0.71227,0.00434,1,0,0.00000,13
0.63793,0.49054,5681.99707,0.20068,13762,1,0.62781,0.45330,1,0.70965,0.40907,1,0.66873,0.43119,1,0.36016,0.68021,22.65473,1.09024,1,0.61005,0.67508,20.46844,1.08216,1,-0.03679,-0.03901,0.68716,0.00465,1,0.02687,-0.03608,0.65271,0.00437,1,0,0.00000,13
0.63969,0.48993,5681.99707,0.20752,13762,1,0.65826,0.48153,1,0.73003,0.46066,1,0.69415,0.47109,1,0.36095,0.68003,22.43863,1.08216,1,0.61065,0.67493,20.46080,1.07407,1,-0.03679,-0.03901,0.68716,0.00467,1,0.02687,-0.03608,0.65271,0.00443,1,0,0.00000,13
0.64169,0.48847,5681.99707,0.21436,13762,1,0.67169,0.49064,1,0.73945,0.39319,1,0.70557,0.44191,1,0.36102,0.67991,22.32995,1.07407,1,0.61071,0.67495,20.65277,1.06598,1,-0.03679,-0.03901,0.68716,0.00464,1,0.02687,-0.03608,0.65271,0.00436,1,0,0.00000,13
0.64360,0.48701,5681.99707,0.22168,13762,1,0.67168,0.49016,1,0.74187,0.38748,1,0.70678,0.43882,1,0.36117,0.67977,22.46968,1.07494,1,0.61087,0.67483,20.20708,1.07494,1,-0.03733,-0.03965,0.70029,0.00467,1,0.02797,-0.03749,0.67822,0.00441,1,0,0.00000,13
0.66310,0.46862,5681.99707,0.22168,13762,0,0.69091,0.51459,1,0.73045,0.41735,1,0.71068,0.46597,1,0.36112,0.67959,22.41279,1.08390,1,0.61063,0.67468,20.52624,1.09199,1,-0.03733,-0.03965,0.70029,0.00468,1,0.02797,-0.03749,0.67822,0.00432,1,0,0.00000,13
0.68941,0.47159,5681.99707,0.22168,13762,0,0.71641,0.49165,1,0.71502,0.45749,1,0.71571,0.47457,1,0.36102,0.67947,22.45790,1.10094,1,0.61061,0.67471,20.27370,1.10903,1,-0.03733,-0.03965,0.70029,0.00463,1,0.02797,-0.03749,0.67822,0.00430,1,0,0.00000,13
0.69822,0.47186,5681.99707,0.22168,13762,0,0.71665,0.48731,1,0.71502,0.45749,1,0.71584,0.47240,1,0.36095,0.67938,22.37541,1.10903,1,0.61060,0.67472,20.04854,1.10903,1,-0.03815,-0.04024,0.71253,0.00464,1,0.02743,-0.03668,0.66638,0.00445,1,0,0.00000,13
0.69693,0.46102,5682.22510,0.01953,13763,1,0.69444,0.43325,1,0.69170,0.42372,1,0.69307,0.42848,1,0.36070,0.67918,22.41940,1.10007,1,0.61039,0.67435,20.18785,1.09199,1,-0.03815,-0.04024,0.71253,0.00458,1,0.02743,-0.03668,0.66638,0.00434,1,0,0.00000,13
0.70185,0.46086,5682.22510,0.02637,13763,1,0.68605,0.49540,1,0.75698,0.42503,1,0.72151,0.46021,1,0.36071,0.67912,22.32696,1.08303,1,0.61031,0.67422,20.40220,1.07494,1,-0.03815,-0.04024,0.71253,0.00460,1,0.02743,-0.03668,0.66638,0.00432,1,0,0.00000,13
0.70491,0.46196,5682.22510,0.03320,13763,1,0.68598,0.50455,1,0.75443,0.43042,1,0.72020,0.46749,1,0.36051,0.67878,22.28792,1.06598,1,0.61015,0.67398,20.42908,1.06598,1,-0.03589,-0.03771,0.67033,0.00460,1,0.02832,-0.03809,0.69185,0.00434,1,0,0.00000,13
0.70559,0.46244,5682.22510,0.03955,13763,1,0.69540,0.50176,1,0.72398,0.42887,1,0.70969,0.46532,1,0.36031,0.67842,22.38583,1.06598,1,0.61000,0.67383,20.52276,1.07407,1,-0.03589,-0.03771,0.67033,0.00458,1,0.02832,-0.03809,0.69185,0.00439,1,0,0.00000,13
0.70612,0.46416,5682.22510,0.04688,13763,1,0.70870,0.46581,1,0.71096,0.48659,1,0.70983,0.47620,1,0.36023,0.67839,22.36046,1.07407,1,0.60988,0.67371,20.43145,1.08216,1,-0.03589,-0.03771,0.67033,0.00459,1,0.02832,-0.03809,0.69185,0.00430,1,0,0.00000,13
0.70667,0.46468,5682.22510,0.05322,13763,1,0.70911,0.45605,1,0.71313,0.48170,1,0.71112,0.46888,1,0.36007,0.67810,22.30493,1.09111,1,0.60971,0.67347,20.48310,1.09111,1,-0.03782,-0.03941,0.70347,0.00457,1,0.02696,-0.03625,0.66217,0.00432,1,0,0.00000,13
0.70790,0.45989,5682.22510,0.06006,13763,1,0.67674,0.42819,1,0.76104,0.40530,1,0.71889,0.41675,1,0.35982,0.67768,22.39440,1.10007,1,0.60943,0.67320,20.42301,1.09199,1,-0.03782,-0.03941,0.70347,0.00458,1,0.02696,-0.03625,0.66217,0.00430,1,0,0.00000,13
0.70831,0.45978,5682.22510,0.06689,13763,1,0.69699,0.47962,1,0.72784,0.43779,1,0.71241,0.45871,1,0.35970,0.67762,22.11803,1.10094,1,0.60930,0.67297,20.42852,1.09286,1,-0.03782,-0.03941,0.70347,0.00460,1,0.02696,-0.03625,0.66217,0.00432,1,0,0.00000,13
0.70758,0.45941,5682.22510,0.08105,13763,1,0.69261,0.46774,1,0.70655,0.44299,1,0.69958,0.45537,1,0.35949,0.67724,21.92262,1.10181,1,0.60916,0.67259,19.85031,1.09373,1,-0.03782,-0.03941,0.70347,0.00458,1,0.02696,-0.03625,0.66217,0.00436,1,0,0.00000,13
0.70720,0.45562,5682.22510,0.08740,13763,1,0.67547,0.43172,1,0.72979,0.38855,1,0.70263,0.41013,1,0.35914,0.67702,21.96382,1.09373,1,0.60895,0.67250,20.05161,1.09373,1,-0.03782,-0.03941,0.70347,0.00458,1,0.02696,-0.03625,0.66217,0.00430,1,0,0.00000,13
0.70687,0.45258,5682.22510,0.09375,13763,1,0.67551,0.43699,1,0.72957,0.38909,1,0.70254,0.41304,1,0.35887,0.67657,22.17429,1.08477,1,0.60860,0.67195,20.19710,1.09286,1,-0.03782,-0.03941,0.70347,0.00455,1,0.02717,-0.03663,0.67357,0.00433,1,0,0.00000,13
0.70751,0.45198,5682.22510,0.10059,13763,1,0.70823,0.43413,1,0.72495,0.45304,1,0.71659,0.44358,1,0.35869,0.67625,22.07378,1.08390,1,0.60834,0.67168,19.97535,1.09199,1,-0.03782,-0.03941,0.70347,0.00456,1,0.02717,-0.03663,0.67357,0.00435,1,0,0.00000,13
0.70660,0.45160,5682.22510,0.10693,13763,1,0.68810,0.47182,1,0.69770,0.41983,1,0.69290,0.44583,1,0.35844,0.67606,21.91420,1.08303,1,0.60809,0.67156,20.08086,1.09111,1,-0.03782,-0.03941,0.70347,0.00454,1,0.02717,-0.03663,0.67357,0.00429,1,0,0.00000,13
0.70579,0.45129,5682.22510,0.11475,13763,1,0.68810,0.47230,1,0.69750,0.42036,1,0.69280,0.44633,1,0.35824,0.67584,21.95448,1.08216,1,0.60807,0.67126,19.88639,1.09024,1,-0.03782,-0.03941,0.70347,0.00457,1,0.02734,-0.03698,0.68284,0.00427,1,0,0.00000,13
0.70597,0.44923,5682.22510,0.12012,13763,1,0.68364,0.43686,1,0.73440,0.39167,1,0.70902,0.41427,1,0.35798,0.67573,21.93946,1.09024,1,0.60767,0.67103,20.54055,1.09024,1,-0.03782,-0.03941,0.70347,0.00453,1,0.02734,-0.03698,0.68284,0.00430,1,0,0.00000,13
0.70585,0.44961,5682.22510,0.12744,13763,1,0.69462,0.48670,1,0.71286,0.42620,1,0.70374,0.45645,1,0.35771,0.67561,21.80330,1.09024,1,0.60749,0.67092,20.30848,1.09024,1,-0.03782,-0.03941,0.70347,0.00458,1,0.02734,-0.03698,0.68284,0.00425,1,0,0.00000,13
0.70575,0.44995,5682.22510,0.13379,13763,1,0.69462,0.48670,1,0.71286,0.42620,1,0.70374,0.45645,1,0.35755,0.67553,22.02059,1.09024,1,0.60735,0.67090,19.92890,1.09024,1,-0.03782,-0.03941,0.70347,0.00452,1,0.02704,-0.03661,0.67797,0.00442,1,0,0.00000,13
0.70632,0.44900,5682.22510,0.14014,13763,1,0.69640,0.47343,1,0.73925,0.38631,1,0.71782,0.42987,1,0.35732,0.67534,21.90813,1.09024,1,0.60688,0.67051,20.37770,1.09024,1,-0.03782,-0.03941,0.70347,0.00454,1,0.02704,-0.03661,0.67797,0.00429,1,0,0.00000,13
0.70710,0.44821,5682.22510,0.14697,13763,1,0.71234,0.44259,1,0.73459,0.42084,1,0.72346,0.43172,1,0.35714,0.67531,21.90970,1.09024,1,0.60687,0.67045,20.23202,1.09024,1,-0.03782,-0.03941,0.70347,0.00457,1,0.02704,-0.03661,0.67797,0.00427,1,0,0.00000,13
0.70781,0.44749,5682.22510,0.15381,13763,1,0.71234,0.44259,1,0.73459,0.42084,1,0.72346,0.43172,1,0.35682,0.67517,21.70822,1.09024,1,0.60660,0.67035,20.27953,1.09024,1,-0.03782,-0.03941,0.70347,0.00461,1,0.02683,-0.03649,0.67760,0.00427,1,0,0.00000,13
0.70729,0.44601,5682.22510,0.16016,13763,1,0.68026,0.43072,1,0.71017,0.39299,1,0.69521,0.41186,1,0.35662,0.67511,21.90288,1.09024,1,0.60635,0.67010,20.05654,1.09024,1,-0.03782,-0.03941,0.70347,0.00451,1,0.02683,-0.03649,0.67760,0.00431,1,0,0.00000,13
0.70653,0.44461,5682.22510,0.16650,13763,1,0.67819,0.42627,1,0.69864,0.39600,1,0.68841,0.41113,1,0.35664,0.67512,21.97827,1.09024,1,0.60645,0.67006,19.69986,1.09024,1,-0.03782,-0.03941,0.70347,0.00451,1,0.02683,-0.03649,0.67760,0.00435,1,0,0.00000,13
0.70583,0.44333,5682.22510,0.17334,13763,1,0.67819,0.42627,1,0.69864,0.39600,1,0.68841,0.41113,1,0.35658,0.67505,21.89140,1.09024,1,0.60640,0.67002,19.97668,1.09024,1,-0.03686,-0.03702,0.66972,0.00454,1,0.02661,-0.03633,0.67474,0.00429,1,0,0.00000,13
0.70786,0.44272,5682.22510,0.18066,13763,1,0.74553,0.46693,1,0.77574,0.38715,1,0.76064,0.42704,1,0.35713,0.67487,21.82916,1.09024,1,0.60665,0.67009,20.26641,1.09024,1,-0.03686,-0.03702,0.66972,0.00463,1,0.02661,-0.03633,0.67474,0.00424,1,0,0.00000,13
0.71089,0.44371,5682.22510,0.18701,13763,1,0.76015,0.50104,1,0.82480,0.43952,1,0.79247,0.47028,1,0.35734,0.67472,22.11303,1.09024,1,0.60673,0.67000,20.22340,1.09024,1,-0.03686,-0.03702,0.66972,0.00457,1,0.02661,-0.03633,0.67474,0.00425,1,0,0.00000,13
0.71370,0.44462,5682.22510,0.19336,13763,1,0.76015,0.50104,1,0.82480,0.43952,1,0.79247,0.47028,1,0.35753,0.67453,21.96285,1.09024,1,0.60702,0.66984,20.07061,1.09024,1,-0.03748,-0.03749,0.68105,0.00454,1,0.02661,-0.03613,0.67474,0.00429,1,0,0.00000,13
0.71559,0.44352,5682.22510,0.19971,13763,1,0.73863,0.41628,1,0.80225,0.40664,1,0.77044,0.41146,1,0.35738,0.67411,21.99733,1.09024,1,0.60684,0.66961,20.11037,1.09024,1,-0.03748,-0.03749,0.68105,0.00454,1,0.02661,-0.03613,0.67474,0.00422,1,0,0.00000,13
0.71720,0.44312,5682.22510,0.20703,13763,1,0.75571,0.45366,1,0.77550,0.40891,1,0.76561,0.43128,1,0.35723,0.67390,21.92803,1.09024,1,0.60660,0.66937,20.11058,1.09024,1,-0.03748,-0.03749,0.68105,0.00456,1,0.02661,-0.03613,0.67474,0.00424,1,0,0.00000,13
0.71872,0.44275,5682.22510,0.21387,13763,1,0.75571,0.45366,1,0.77550,0.40891,1,0.76561,0.43128,1,0.35696,0.67364,22.03605,1.09024,1,0.60636,0.66919,20.24190,1.09024,1,-0.03776,-0.03736,0.68245,0.00456,1,0.02615,-0.03563,0.66808,0.00428,1,0,0.00000,13
0.74516,0.42969,5682.22510,0.21387,13763,0,0.73319,0.42573,1,0.81827,0.40843,1,0.77573,0.41708,1,0.35661,0.67313,21.98577,1.09024,1,0.60603,0.66855,20.20598,1.09024,1,-0.03776,-0.03736,0.68245,0.00454,1,0.02615,-0.03563,0.66808,0.00426,1,0,0.00000,13
0.76121,0.42618,5682.22510,0.21387,13763,0,0.76333,0.44521,1,0.79118,0.40015,1,0.77725,0.42268,1,0.35650,0.67297,22.10136,1.09024,1,0.60595,0.66845,20.12660,1.09024,1,-0.03776,-0.03736,0.68245,0.00455,1,0.02615,-0.03563,0.66808,0.00427,1,0,0.00000,13
0.76614,0.42584,5682.22510,0.21387,13763,0,0.76333,0.44521,1,0.78867,0.40511,1,0.77600,0.42516,1,0.35630,0.67251,22.24662,1.09024,1,0.60563,0.66818,20.32445,1.08216,1,-0.03819,-0.03737,0.68633,0.00454,1,0.02550,-0.03475,0.65534,0.00426,1,0,0.00000,13
0.77108,0.42888,5682.44531,0.02002,13764,1,0.75370,0.43108,1,0.81808,0.44486,1,0.78589,0.43797,1,0.35602,0.67212,22.01555,1.08216,1,0.60538,0.66764,20.18980,1.07407,1,-0.03819,-0.03737,0.68633,0.00456,1,0.02550,-0.03475,0.65534,0.00433,1,0,0.00000,13
0.77038,0.43779,5682.44531,0.02734,13764,1,0.74027,0.51534,1,0.79496,0.43150,1,0.76762,0.47342,1,0.35584,0.67183,21.95232,1.07407,1,0.60523,0.66760,20.24376,1.06598,1,-0.03819,-0.03737,0.68633,0.00457,1,0.02550,-0.03475,0.65534,0.00422,1,0,0.00000,13
0.76967,0.44449,5682.44531,0.03516,13764,1,0.73984,0.51962,1,0.79236,0.43635,1,0.76610,0.47799,1,0.35568,0.67159,21.90724,1.06598,1,0.60503,0.66734,20.25114,1.05789,1,-0.03831,-0.03719,0.68674,0.00458,1,0.02557,-0.03492,0.65953,0.00423,1,0,0.00000,13
0.77317,0.44139,5682.44531,0.04004,13764,1,0.77227,0.46289,1,0.81605,0.38276,1,0.79416,0.42282,1,0.35540,0.67136,21.90559,1.05789,1,0.60477,0.66724,20.23920,1.05789,1,-0.03831,-0.03719,0.68674,0.00454,1,0.02557,-0.03492,0.65953,0.00428,1,0,0.00000,13
0.77377,0.44026,5682.44531,0.04883,13764,1,0.75414,0.44412,1,0.80174,0.42057,1,0.77794,0.43235,1,0.35532,0.67115,21.90812,1.05789,1,0.60472,0.66707,20.10091,1.05789,1,-0.03831,-0.03719,0.68674,0.00454,1,0.02557,-0.03492,0.65953,0.00428,1,0,0.00000,13
0.77457,0.43850,5682.44531,0.05322,13764,1,0.75473,0.43867,1,0.80735,0.41013,1,0.78104,0.42440,1,0.35507,0.67095,21.95520,1.06685,1,0.60438,0.66693,20.09870,1.07494,1,-0.03910,-0.03770,0.69807,0.00455,1,0.02607,-0.03571,0.67635,0.00433,1,0,0.00000,13
0.77214,0.44357,5682.44531,0.06055,13764,1,0.73078,0.51204,1,0.76968,0.46647,1,0.75023,0.48926,1,0.35492,0.67086,21.92269,1.08390,1,0.60416,0.66662,20.19341,1.09199,1,-0.03910,-0.03770,0.69807,0.00455,1,0.02607,-0.03571,0.67635,0.00429,1,0,0.00000,13
0.77306,0.44584,5682.44531,0.06787,13764,1,0.78664,0.50750,1,0.77780,0.42955,1,0.78222,0.46852,1,0.35479,0.67079,21.85439,1.10094,1,0.60414,0.66661,20.13955,1.10903,1,-0.03910,-0.03770,0.69807,0.00455,1,0.02607,-0.03571,0.67635,0.00430,1,0,0.00000,13
0.77399,0.44714,5682.44531,0.07422,13764,1,0.78821,0.49846,1,0.78043,0.42437,1,0.78432,0.46141,1,0.35471,0.67082,21.84467,1.11799,1,0.60400,0.66672,20.58455,1.11799,1,-0.03977,-0.03824,0.70811,0.00453,1,0.02550,-0.03503,0.66543,0.00425,1,0,0.00000,13
0.77635,0.44686,5682.44531,0.08301,13764,1,0.77217,0.49222,1,0.83705,0.39468,1,0.80461,0.44345,1,0.35447,0.67067,21.98415,1.11799,1,0.60379,0.66656,20.33206,1.10990,1,-0.03977,-0.03824,0.70811,0.00449,1,0.02550,-0.03503,0.66543,0.00424,1,0,0.00000,13
0.77715,0.44641,5682.44531,0.08838,13764,1,0.75920,0.47646,1,0.81597,0.40486,1,0.78758,0.44066,1,0.35445,0.67069,21.90926,1.10990,1,0.60374,0.66646,20.20585,1.10181,1,-0.03977,-0.03824,0.70811,0.00452,1,0.02550,-0.03503,0.66543,0.00429,1,0,0.00000,13
0.77783,0.44618,5682.44531,0.09424,13764,1,0.75865,0.48091,1,0.81597,0.40486,1,0.78731,0.44289,1,0.35437,0.67063,21.97786,1.10181,1,0.60367,0.66639,20.20878,1.10181,1,-0.03969,-0.03806,0.70483,0.00453,1,0.02620,-0.03608,0.68525,0.00424,1,0,0.00000,13
0.77728,0.44530,5682.44531,0.10107,13764,1,0.74299,0.48883,1,0.79497,0.37547,1,0.76898,0.43215,1,0.35430,0.67058,21.84643,1.10181,1,0.60345,0.66623,20.52393,1.10990,1,-0.03969,-0.03806,0.70483,0.00454,1,0.02620,-0.03608,0.68525,0.00422,1,0,0.00000,13
0.77665,0.44342,5682.44531,0.10791,13764,1,0.74235,0.47991,1,0.79094,0.34667,1,0.76664,0.41329,1,0.35426,0.67053,21.82683,1.10990,1,0.60338,0.66629,20.66041,1.11799,1,-0.03969,-0.03806,0.70483,0.00452,1,0.02620,-0.03608,0.68525,0.00424,1,0,0.00000,13
0.77609,0.44177,5682.44531,0.11426,13764,1,0.74230,0.48039,1,0.79068,0.34723,1,0.76649,0.41381,1,0.35415,0.67044,21.98715,1.10903,1,0.60331,0.66609,20.44499,1.11712,1,-0.03796,-0.03625,0.67323,0.00447,1,0.02620,-0.03608,0.68525,0.00422,1,0,0.00000,13
0.77619,0.44026,5682.44531,0.12061,13764,1,0.76741,0.44801,1,0.78871,0.37791,1,0.77806,0.41296,1,0.35411,0.67036,21.83163,1.10816,1,0.60329,0.66590,20.55330,1.10816,1,-0.03796,-0.03625,0.67323,0.00449,1,0.02620,-0.03608,0.68525,0.00423,1,0,0.00000,13
0.77518,0.43945,5682.44531,0.12793,13764,1,0.73555,0.46273,1,0.77641,0.38550,1,0.75598,0.42411,1,0.35416,0.67026,21.63245,1.09920,1,0.60335,0.66581,20.47179,1.09920,1,-0.03796,-0.03625,0.67323,0.00454,1,0.02620,-0.03608,0.68525,0.00422,1,0,0.00000,13
0.77427,0.43872,5682.44531,0.13428,13764,1,0.73555,0.46273,1,0.77641,0.38550,1,0.75598,0.42411,1,0.35408,0.67029,21.55074,1.09920,1,0.60335,0.66586,20.48796,1.09920,1,-0.03915,-0.03744,0.69531,0.00454,1,0.02570,-0.03524,0.67215,0.00420,1,0,0.00000,13
0.77362,0.43758,5682.44531,0.14062,13764,1,0.72887,0.41611,1,0.79124,0.41137,1,0.76005,0.41374,1,0.35408,0.67021,21.46925,1.10816,1,0.60339,0.66569,20.12273,1.10816,1,-0.03915,-0.03744,0.69531,0.00451,1,0.02570,-0.03524,0.67215,0.00425,1,0,0.00000,13
0.77355,0.43592,5682.44531,0.14746,13764,1,0.74306,0.42246,1,0.80099,0.37612,1,0.77203,0.39929,1,0.35418,0.67015,21.58150,1.11712,1,0.60338,0.66560,20.13768,1.11712,1,-0.03915,-0.03744,0.69531,0.00450,1,0.02570,-0.03524,0.67215,0.00423,1,0,0.00000,13
0.77349,0.43439,5682.44531,0.15430,13764,1,0.74306,0.42246,1,0.80099,0.37612,1,0.77203,0.39929,1,0.35425,0.67021,21.82173,1.11712,1,0.60338,0.66560,20.14378,1.11712,1,-0.03817,-0.03655,0.67878,0.00448,1,0.02620,-0.03587,0.68525,0.00423,1,0,0.00000,13
0.77395,0.43317,5682.44531,0.16113,13764,1,0.75668,0.42181,1,0.81327,0.38570,1,0.78498,0.40376,1,0.35444,0.67012,21.74003,1.10816,1,0.60366,0.66562,20.35301,1.10816,1,-0.03817,-0.03655,0.67878,0.00446,1,0.02620,-0.03587,0.68525,0.00423,1,0,0.00000,13
0.77459,0.43137,5682.44531,0.16748,13764,1,0.78413,0.42686,1,0.79715,0.34604,1,0.79064,0.38645,1,0.35439,0.67014,21.65290,1.09920,1,0.60378,0.66562,20.23293,1.09920,1,-0.03817,-0.03655,0.67878,0.00448,1,0.02620,-0.03587,0.68525,0.00422,1,0,0.00000,13
0.77518,0.42971,5682.44531,0.17480,13764,1,0.78413,0.42686,1,0.79715,0.34604,1,0.79064,0.38645,1,0.35457,0.67010,21.55316,1.09920,1,0.60389,0.66562,20.04642,1.09920,1,-0.03946,-0.03783,0.70256,0.00454,1,0.02636,-0.03600,0.68672,0.00424,1,0,0.00000,13
0.77575,0.42884,5682.44531,0.18213,13764,1,0.76148,0.44330,1,0.82067,0.36733,1,0.79107,0.40531,1,0.35476,0.67020,21.49984,1.10816,1,0.60413,0.66570,20.18020,1.10816,1,-0.03946,-0.03783,0.70256,0.00446,1,0.02636,-0.03600,0.68672,0.00426,1,0,0.00000,13
0.77570,0.42828,5682.44531,0.18750,13764,1,0.73877,0.44586,1,0.80958,0.37961,1,0.77417,0.41274,1,0.35488,0.67028,21.57096,1.11712,1,0.60418,0.66580,20.27479,1.11712,1,-0.03946,-0.03783,0.70256,0.00450,1,0.02636,-0.03600,0.68672,0.00421,1,0,0.00000,13
0.77565,0.42776,5682.44531,0.19434,13764,1,0.73877,0.44586,1,0.80958,0.37961,1,0.77417,0.41274,1,0.35506,0.67029,21.61796,1.11712,1,0.60442,0.66573,20.11302,1.11712,1,-0.03687,-0.03549,0.65910,0.00448,1,0.02607,-0.03561,0.67635,0.00424,1,0,0.00000,13
0.77497,0.42761,5682.44531,0.20117,13764,1,0.73183,0.48193,1,0.77770,0.36385,1,0.75477,0.42289,1,0.35512,0.67042,21.58648,1.10816,1,0.60447,0.66599,20.26406,1.10816,1,-0.03687,-0.03549,0.65910,0.00448,1,0.02607,-0.03561,0.67635,0.00426,1,0,0.00000,13
0.77302,0.42810,5682.44531,0.20801,13764,1,0.69672,0.47474,1,0.72838,0.41217,1,0.71255,0.44345,1,0.35452,0.67075,21.57001,1.09920,1,0.60406,0.66626,19.91557,1.09920,1,-0.03687,-0.03549,0.65910,0.00450,1,0.02607,-0.03561,0.67635,0.00429,1,0,0.00000,13
0.77119,0.42857,5682.44531,0.21436,13764,1,0.69672,0.47474,1,0.72838,0.41217,1,0.71255,0.44345,1,0.35371,0.67108,21.67302,1.09920,1,0.60315,0.66640,20.13024,1.09920,1,-0.03969,-0.03817,0.70483,0.00451,1,0.02620,-0.03608,0.68525,0.00422,1,0,0.00000,13
0.76582,0.42989,5682.44531,0.22168,13764,1,0.54820,0.46001,1,0.62920,0.48748,1,0.58870,0.47374,1,0.35183,0.67194,21.55491,1.10816,1,0.60113,0.66668,20.53957,1.10816,1,-0.03969,-0.03817,0.70483,0.00457,1,0.02620,-0.03608,0.68525,0.00435,1,0,0.00000,13
0.72926,0.41642,5682.44531,0.22168,13764,0,0.47016,0.43265,1,0.53961,0.38088,1,0.50489,0.40677,1,0.35017,0.67196,20.59911,1.11712,1,0.59981,0.66668,20.40387,1.11712,1,-0.03969,-0.03817,0.70483,0.00450,1,0.02620,-0.03608,0.68525,0.00432,1,0,0.00000,13
0.61727,0.41015,5682.44531,0.22168,13764,0,0.47016,0.43265,1,0.54041,0.37510,1,0.50529,0.40388,1,0.34879,0.67256,20.85966,1.11712,1,0.59846,0.66703,20.25296,1.12629,1,-0.03967,-0.03786,0.69436,0.00450,1,0.02596,-0.03703,0.69930,0.00429,1,0,0.00000,13
0.53986,0.41621,5682.44531,0.22168,13764,0,0.35878,0.42530,1,0.41127,0.43137,1,0.38502,0.42833,1,0.34706,0.67313,20.88842,1.11733,1,0.59600,0.66750,20.91078,1.12650,1,-0.03967,-0.03786,0.69436,0.00456,1,0.02596,-0.03703,0.69930,0.00445,1,0,0.00000,13
0.40838,0.43280,5682.44531,0.22168,13764,0,0.30935,0.46051,1,0.36028,0.47188,1,0.33481,0.46620,1,0.34613,0.67354,20.62652,1.11754,1,0.59456,0.66745,20.58258,1.12670,1,-0.03967,-0.03786,0.69436,0.00442,1,0.02596,-0.03703,0.69930,0.00429,1,0,0.00000,13
0.37172,0.45072,5682.44531,0.22168,13764,0,0.30928,0.46041,1,0.36086,0.47686,1,0.33507,0.46863,1,0.34515,0.67388,20.92718,1.11775,1,0.59364,0.66793,21.15030,1.11775,1,0.00000,0.00000,0.00000,0.00440,0,0.02483,-0.03608,0.68149,0.00433,1,0,0.00000,13
0.33119,0.45288,5682.44531,0.22168,13764,0,0.23161,0.47862,1,0.26863,0.43582,1,0.25012,0.45722,1,0.34469,0.67402,20.95843,1.11775,1,0.59274,0.66780,20.24460,1.10858,1,0.00000,0.00000,0.00000,0.00444,0,0.02483,-0.03608,0.68149,0.00424,1,0,0.00000,13
0.28766,0.45990,5682.44531,0.22168,13764,0,0.25771,0.48620,1,0.29789,0.42147,1,0.27780,0.45384,1,0.34478,0.67399,20.72227,1.10858,1,0.59298,0.66786,20.08932,1.09941,1,0.00000,0.00000,0.00000,0.00445,0,0.02483,-0.03608,0.68149,0.00417,1,0,0.00000,13
0.28358,0.45798,5682.44531,0.22168,13764,0,0.26110,0.49066,1,0.29789,0.42147,1,0.27950,0.45606,1,0.34491,0.67408,21.18996,1.09941,1,0.59297,0.66776,19.42138,1.09941,1,-0.03894,-0.03702,0.67625,0.00442,1,0.02554,-0.03725,0.69948,0.00425,1,0,0.00000,13
0.27667,0.44971,5682.44531,0.22168,13764,0,0.25982,0.44215,1,0.26588,0.42421,1,0.26285,0.43318,1,0.34511,0.67418,21.23373,1.09941,1,0.59354,0.66817,20.35264,1.10858,1,-0.03894,-0.03702,0.67625,0.00446,1,0.02554,-0.03725,0.69948,0.00417,1,0,0.00000,13
0.27157,0.44910,5682.71387,0.01953,13765,1,0.22709,0.44252,1,0.28545,0.45201,1,0.25627,0.44726,1,0.34522,0.67416,21.15088,1.10858,1,0.59386,0.66837,20.46404,1.11775,1,-0.03894,-0.03702,0.67625,0.00443,1,0.02554,-0.03725,0.69948,0.00419,1,0,0.00000,13
0.26803,0.44773,5682.71387,0.02686,13765,1,0.22346,0.43777,1,0.28426,0.44668,1,0.25386,0.44223,1,0.34540,0.67430,21.26128,1.11775,1,0.59377,0.66825,19.86002,1.12691,1,-0.03857,-0.03682,0.67154,0.00444,1,0.02665,-0.03854,0.72375,0.00420,1,0,0.00000,13
0.26691,0.44629,5682.71387,0.03320,13765,1,0.23456,0.43563,1,0.28806,0.44256,1,0.26131,0.43909,1,0.34549,0.67410,20.52175,1.12691,1,0.59400,0.66840,19.87131,1.12691,1,-0.03857,-0.03682,0.67154,0.00454,1,0.02665,-0.03854,0.72375,0.00420,1,0,0.00000,13
0.26475,0.45004,5682.71387,0.04004,13765,1,0.24495,0.50021,1,0.25866,0.44488,1,0.25180,0.47255,1,0.34549,0.67410,20.52175,1.12691,1,0.59398,0.66843,19.80158,1.12691,1,-0.03857,-0.03682,0.67154,0.00454,1,0.02665,-0.03854,0.72375,0.00425,1,0,0.00000,13
0.26292,0.45260,5682.71387,0.04785,13765,1,0.24159,0.49604,1,0.25869,0.44500,1,0.25014,0.47052,1,0.34572,0.67419,21.14313,1.13587,1,0.59416,0.66836,19.73709,1.12670,1,-0.04048,-0.03863,0.70562,0.00446,1,0.02467,-0.03546,0.66591,0.00419,1,0,0.00000,13
0.26194,0.45048,5682.71387,0.05273,13765,1,0.21553,0.42288,1,0.29255,0.44424,1,0.25404,0.43356,1,0.34587,0.67419,21.21141,1.13566,1,0.59450,0.66845,20.10904,1.12650,1,-0.04048,-0.03863,0.70562,0.00445,1,0.02467,-0.03546,0.66591,0.00419,1,0,0.00000,13
0.25949,0.44876,5682.71387,0.06006,13765,1,0.18322,0.40938,1,0.29173,0.45716,1,0.23748,0.43327,1,0.34590,0.67421,21.18807,1.13545,1,0.59455,0.66850,19.93645,1.12629,1,-0.04048,-0.03863,0.70562,0.00446,1,0.02467,-0.03546,0.66591,0.00421,1,0,0.00000,13
0.25767,0.44757,5682.71387,0.06689,13765,1,0.18709,0.41421,1,0.29173,0.45716,1,0.23941,0.43569,1,0.34605,0.67427,21.23673,1.12629,1,0.59451,0.66827,19.61996,1.12629,1,-0.03854,-0.03703,0.67445,0.00444,1,0.02596,-0.03724,0.69930,0.00428,1,0,0.00000,13
0.25606,0.44577,5682.71387,0.07324,13765,1,0.19946,0.38471,1,0.27742,0.46710,1,0.23844,0.42591,1,0.34605,0.67432,21.34324,1.11733,1,0.59475,0.66849,20.01208,1.12650,1,-0.03854,-0.03703,0.67445,0.00444,1,0.02596,-0.03724,0.69930,0.00421,1,0,0.00000,13
0.25571,0.44596,5682.71387,0.08008,13765,1,0.21803,0.43370,1,0.28483,0.46273,1,0.25143,0.44822,1,0.34607,0.67424,21.21370,1.11754,1,0.59466,0.66841,19.95379,1.12670,1,-0.03854,-0.03703,0.67445,0.00440,1,0.02596,-0.03724,0.69930,0.00423,1,0,0.00000,13
0.25540,0.44611,5682.71387,0.08740,13765,1,0.21795,0.43359,1,0.28480,0.46261,1,0.25137,0.44810,1,0.34611,0.67434,21.18954,1.11775,1,0.59478,0.66840,19.83013,1.12691,1,-0.03854,-0.03713,0.67445,0.00442,1,0.02632,-0.03761,0.70629,0.00420,1,0,0.00000,13
0.25490,0.44474,5682.71387,0.09375,13765,1,0.22021,0.39793,1,0.27561,0.45324,1,0.24791,0.42559,1,0.34612,0.67434,21.15625,1.12691,1,0.59476,0.66842,19.91943,1.12691,1,-0.03854,-0.03713,0.67445,0.00443,1,0.02632,-0.03761,0.70629,0.00420,1,0,0.00000,13
0.25382,0.44313,5682.71387,0.10010,13765,1,0.20633,0.37431,1,0.26910,0.46352,1,0.23771,0.41892,1,0.34614,0.67436,21.01674,1.12691,1,0.59476,0.66841,19.86073,1.12691,1,-0.03854,-0.03713,0.67445,0.00444,1,0.02632,-0.03761,0.70629,0.00420,1,0,0.00000,13
0.25283,0.44153,5682.71387,0.10693,13765,1,0.20633,0.37431,1,0.26761,0.45757,1,0.23697,0.41594,1,0.34617,0.67437,20.93136,1.12691,1,0.59480,0.66843,19.98539,1.13739,1,-0.03854,-0.03713,0.67445,0.00445,1,0.02718,-0.03892,0.73082,0.00419,1,0,0.00000,13
0.25222,0.44050,5682.71387,0.11377,13765,1,0.20563,0.40111,1,0.27805,0.44477,1,0.24184,0.42294,1,0.34616,0.67437,20.97094,1.13739,1,0.59482,0.66845,20.11666,1.14786,1,-0.03854,-0.03713,0.67445,0.00444,1,0.02718,-0.03892,0.73082,0.00418,1,0,0.00000,13
0.25134,0.43869,5682.71387,0.12061,13765,1,0.19437,0.37134,1,0.27640,0.44094,1,0.23538,0.40614,1,0.34614,0.67437,21.02437,1.14786,1,0.59482,0.66847,20.15206,1.15834,1,-0.03854,-0.03713,0.67445,0.00444,1,0.02718,-0.03892,0.73082,0.00419,1,0,0.00000,13
0.25040,0.43677,5682.71387,0.12793,13765,1,0.19010,0.36558,1,0.27501,0.43495,1,0.23256,0.40026,1,0.34610,0.67448,21.18030,1.15834,1,0.59478,0.66843,19.99809,1.16882,1,-0.03854,-0.03713,0.67445,0.00436,1,0.02718,-0.03892,0.73082,0.00417,1,0,0.00000,13
0.25006,0.43518,5682.71387,0.13428,13765,1,0.21614,0.38134,1,0.27061,0.42549,1,0.24337,0.40341,1,0.34600,0.67460,21.09805,1.16882,1,0.59471,0.66842,19.88431,1.16882,1,-0.03854,-0.03713,0.67445,0.00440,1,0.02718,-0.03892,0.73082,0.00418,1,0,0.00000,13
0.25069,0.43446,5682.71387,0.14062,13765,1,0.21941,0.40214,1,0.30833,0.43658,1,0.26387,0.41936,1,0.34600,0.67460,21.09805,1.16882,1,0.59475,0.66847,19.76201,1.16882,1,-0.03854,-0.03713,0.67445,0.00440,1,0.02718,-0.03892,0.73082,0.00420,1,0,0.00000,13
0.25129,0.43393,5682.71387,0.14746,13765,1,0.21941,0.40214,1,0.30942,0.44254,1,0.26441,0.42234,1,0.34596,0.67457,20.90494,1.16882,1,0.59459,0.66832,19.35144,1.15834,1,-0.03885,-0.03733,0.67814,0.00439,1,0.02596,-0.03724,0.69930,0.00417,1,0,0.00000,13
0.25144,0.43217,5682.71387,0.15430,13765,1,0.20945,0.39956,1,0.30071,0.38379,1,0.25508,0.39167,1,0.34596,0.67469,20.78695,1.15834,1,0.59458,0.66812,19.15030,1.14786,1,-0.03885,-0.03733,0.67814,0.00441,1,0.02596,-0.03724,0.69930,0.00424,1,0,0.00000,13
0.25204,0.43283,5682.71387,0.16064,13765,1,0.22589,0.44711,1,0.30663,0.45022,1,0.26626,0.44866,1,0.34600,0.67471,20.84228,1.14786,1,0.59462,0.66834,19.45386,1.13739,1,-0.03885,-0.03733,0.67814,0.00440,1,0.02596,-0.03724,0.69930,0.00417,1,0,0.00000,13
0.25270,0.43376,5682.71387,0.16748,13765,1,0.22991,0.45232,1,0.30878,0.46146,1,0.26934,0.45689,1,0.34594,0.67477,20.78562,1.13739,1,0.59461,0.66838,19.50755,1.11775,1,-0.03885,-0.03733,0.67814,0.00439,1,0.02467,-0.03546,0.66591,0.00418,1,0,0.00000,13
0.25351,0.43405,5682.71387,0.17432,13765,1,0.24000,0.46514,1,0.30879,0.41806,1,0.27440,0.44160,1,0.34592,0.67483,20.80182,1.11775,1,0.59465,0.66839,19.68941,1.10858,1,-0.03885,-0.03733,0.67814,0.00436,1,0.02467,-0.03546,0.66591,0.00415,1,0,0.00000,13
0.25434,0.43396,5682.71387,0.18066,13765,1,0.24043,0.44680,1,0.31353,0.41650,1,0.27698,0.43165,1,0.34597,0.67476,20.77534,1.10858,1,0.59468,0.66844,19.84499,1.09941,1,-0.03885,-0.03733,0.67814,0.00441,1,0.02467,-0.03546,0.66591,0.00416,1,0,0.00000,13
0.25523,0.43401,5682.71387,0.18750,13765,1,0.24699,0.45562,1,0.31326,0.41490,1,0.28012,0.43526,1,0.34605,0.67481,20.94410,1.09151,1,0.59466,0.66843,19.11614,1.10198,1,-0.03804,-0.03660,0.66491,0.00441,1,0.02718,-0.03892,0.73082,0.00419,1,0,0.00000,13
0.25588,0.43362,5682.71387,0.19434,13765,1,0.23936,0.42465,1,0.30972,0.42028,1,0.27454,0.42247,1,0.34603,0.67497,21.10800,1.09408,1,0.59467,0.66860,19.65290,1.11372,1,-0.03804,-0.03660,0.66491,0.00436,1,0.02718,-0.03892,0.73082,0.00411,1,0,0.00000,13
0.25555,0.43344,5682.71387,0.20068,13765,1,0.21193,0.42864,1,0.27982,0.42754,1,0.24588,0.42809,1,0.34568,0.67502,20.55176,1.10582,1,0.59442,0.66855,19.36882,1.12546,1,-0.03804,-0.03660,0.66491,0.00444,1,0.02718,-0.03892,0.73082,0.00422,1,0,0.00000,13
0.25511,0.43303,5682.71387,0.20801,13765,1,0.20390,0.41828,1,0.27861,0.42203,1,0.24125,0.42016,1,0.34545,0.67518,21.03276,1.12546,1,0.59406,0.66864,19.41482,1.13463,1,-0.03909,-0.03762,0.68059,0.00435,1,0.02620,-0.03790,0.70878,0.00415,1,0,0.00000,13
0.25334,0.43123,5682.71387,0.21436,13765,1,0.14400,0.37550,1,0.24982,0.37169,1,0.19691,0.37359,1,0.34487,0.67544,20.76836,1.14253,1,0.59326,0.66865,18.96815,1.13206,1,-0.03909,-0.03762,0.68059,0.00441,1,0.02620,-0.03790,0.70878,0.00417,1,0,0.00000,13
0.25156,0.42924,5682.71387,0.22070,13765,1,0.14763,0.38088,1,0.23749,0.34679,1,0.19256,0.36384,1,0.34483,0.67547,20.64352,1.13996,1,0.59316,0.66863,18.67679,1.12948,1,-0.03909,-0.03762,0.68059,0.00443,1,0.02620,-0.03790,0.70878,0.00423,1,0,0.00000,13
0.24989,0.42742,5682.71387,0.22705,13765,1,0.14879,0.38228,1,0.23792,0.34852,1,0.19335,0.36540,1,0.34461,0.67558,20.81093,1.13739,1,0.59311,0.66875,19.19920,1.12691,1,-0.03859,-0.03719,0.67189,0.00435,1,0.02665,-0.03876,0.72375,0.00417,1,0,0.00000,13
0.24857,0.42599,5682.71387,0.23389,13765,1,0.15238,0.39371,1,0.25188,0.35812,1,0.20213,0.37592,1,0.34472,0.67550,20.63845,1.12691,1,0.59328,0.66886,19.55133,1.12691,1,-0.03859,-0.03719,0.67189,0.00436,1,0.02665,-0.03876,0.72375,0.00415,1,0,0.00000,13
0.24672,0.42465,5682.71387,0.24072,13765,1,0.15007,0.38727,1,0.21044,0.36524,1,0.18026,0.37625,1,0.34472,0.67556,20.58245,1.12691,1,0.59326,0.66896,19.48942,1.12691,1,-0.03859,-0.03719,0.67189,0.00434,1,0.02665,-0.03876,0.72375,0.00415,1,0,0.00000,13
0.22822,0.40087,5682.71387,0.24072,13765,0,0.15007,0.38727,1,0.21044,0.36524,1,0.18026,0.37625,1,0.34472,0.67556,20.58245,1.12691,1,0.59320,0.66872,19.03820,1.12691,1,-0.03859,-0.03719,0.67189,0.00434,1,0.02665,-0.03876,0.72375,0.00415,1,0,0.00000,13
0.20819,0.39195,5682.71387,0.24072,13765,0,0.15953,0.39342,1,0.21681,0.37263,1,0.18817,0.38303,1,0.34472,0.67556,20.51006,1.12691,1,0.59328,0.66873,18.93710,1.12691,1,-0.03859,-0.03719,0.67189,0.00433,1,0.02665,-0.03876,0.72375,0.00412,1,0,0.00000,13
0.19966,0.38537,5682.71387,0.24072,13765,0,0.15417,0.39400,1,0.21102,0.35041,1,0.18260,0.37220,1,0.34469,0.67551,20.44314,1.12691,1,0.59322,0.66888,18.70944,1.12691,1,-0.03859,-0.03719,0.67189,0.00430,1,0.02665,-0.03876,0.72375,0.00419,1,0,0.00000,13
0.19540,0.38208,5682.96094,0.02051,13766,1,0.15417,0.39400,1,0.21102,0.35041,1,0.18260,0.37220,1,0.34470,0.67548,20.49940,1.12691,1,0.59318,0.66867,18.46501,1.12691,1,-0.03859,-0.03719,0.67189,0.00429,1,0.02665,-0.03876,0.72375,0.00412,1,0,0.00000,13
0.19661,0.38014,5682.96094,0.02734,13766,1,0.14631,0.37252,1,0.25660,0.37228,1,0.20145,0.37240,1,0.34473,0.67540,20.55910,1.12691,1,0.59308,0.66869,18.39585,1.12691,1,-0.03859,-0.03719,0.67189,0.00425,1,0.02665,-0.03876,0.72375,0.00424,1,0,0.00000,13
0.19794,0.37496,5682.96094,0.03467,13766,1,0.15340,0.37671,1,0.25586,0.32137,1,0.20463,0.34904,1,0.34475,0.67544,20.43557,1.12691,1,0.59306,0.66873,18.39972,1.12691,1,-0.03859,-0.03719,0.67189,0.00427,1,0.02665,-0.03876,0.72375,0.00423,1,0,0.00000,13
0.19890,0.37126,5682.96094,0.04053,13766,1,0.15340,0.37671,1,0.25586,0.32137,1,0.20463,0.34904,1,0.34475,0.67544,20.43557,1.12691,1,0.59329,0.66872,18.82963,1.12691,1,-0.03859,-0.03719,0.67189,0.00426,1,0.02665,-0.03870,0.72375,0.00411,1,0,0.00000,13
0.19963,0.36864,5682.96094,0.04688,13766,1,0.15624,0.36796,1,0.25318,0.33270,1,0.20471,0.35033,1,0.34476,0.67541,20.67093,1.12691,1,0.59319,0.66863,18.38578,1.12691,1,-0.03859,-0.03719,0.67189,0.00425,1,0.02665,-0.03870,0.72375,0.00416,1,0,0.00000,13
0.19965,0.36654,5682.96094,0.05420,13766,1,0.15427,0.36343,1,0.24541,0.33598,1,0.19984,0.34970,1,0.34475,0.67538,20.61832,1.12691,1,0.59330,0.66870,18.83799,1.12691,1,-0.03859,-0.03719,0.67189,0.00423,1,0.02665,-0.03870,0.72375,0.00410,1,0,0.00000,13
0.19967,0.36485,5682.96094,0.06055,13766,1,0.15427,0.36343,1,0.24541,0.33598,1,0.19984,0.34970,1,0.34478,0.67537,20.61246,1.12691,1,0.59332,0.66868,19.07766,1.12691,1,-0.03859,-0.03719,0.67189,0.00422,1,0.02665,-0.03870,0.72375,0.00408,1,0,0.00000,13
0.20059,0.36429,5682.96094,0.06738,13766,1,0.16267,0.37983,1,0.25699,0.33745,1,0.20983,0.35864,1,0.34471,0.67534,20.46556,1.12691,1,0.59332,0.66868,19.07766,1.12691,1,-0.03859,-0.03719,0.67189,0.00423,1,0.02665,-0.03870,0.72375,0.00408,1,0,0.00000,13
0.20068,0.36256,5682.96094,0.07422,13766,1,0.14873,0.36460,1,0.25445,0.32257,1,0.20159,0.34358,1,0.34468,0.67532,20.31151,1.12691,1,0.59333,0.66867,18.87751,1.12691,1,-0.03859,-0.03719,0.67189,0.00422,1,0.02665,-0.03870,0.72375,0.00409,1,0,0.00000,13
0.20085,0.36157,5682.96094,0.08203,13766,1,0.14873,0.36460,1,0.25709,0.33457,1,0.20291,0.34959,1,0.34474,0.67533,20.42296,1.12691,1,0.59333,0.66867,18.87751,1.10966,1,-0.03859,-0.03719,0.67189,0.00422,1,0.02418,-0.03512,0.65685,0.00409,1,0,0.00000,13
0.20135,0.36128,5682.96094,0.08740,13766,1,0.15811,0.37344,1,0.25760,0.34166,1,0.20785,0.35755,1,0.34468,0.67533,20.28218,1.10966,1,0.59331,0.66869,18.91339,1.09240,1,-0.03859,-0.03719,0.67189,0.00422,1,0.02418,-0.03512,0.65685,0.00407,1,0,0.00000,13
0.20211,0.36323,5682.96094,0.09424,13766,1,0.16712,0.39127,1,0.25858,0.38993,1,0.21285,0.39060,1,0.34473,0.67536,20.11654,1.09240,1,0.59333,0.66877,19.03451,1.07515,1,-0.03859,-0.03719,0.67189,0.00423,1,0.02418,-0.03512,0.65685,0.00405,1,0,0.00000,13
0.20311,0.36561,5682.96094,0.10059,13766,1,0.17494,0.40095,1,0.26130,0.40141,1,0.21812,0.40118,1,0.34468,0.67542,20.12164,1.07515,1,0.59333,0.66880,19.19069,1.05789,1,-0.03859,-0.03719,0.67189,0.00419,1,0.02418,-0.03512,0.65685,0.00400,1,0,0.00000,13
0.20416,0.36770,5682.96094,0.10693,13766,1,0.21795,0.42303,1,0.22391,0.37932,1,0.22093,0.40118,1,0.34472,0.67543,20.08213,1.05789,1,0.59332,0.66880,19.12124,1.05789,1,-0.03859,-0.03719,0.67189,0.00416,1,0.02418,-0.03512,0.65685,0.00401,1,0,0.00000,13
0.20500,0.37046,5682.96094,0.11377,13766,1,0.21484,0.44076,1,0.22373,0.39403,1,0.21929,0.41739,1,0.34469,0.67542,20.19076,1.05789,1,0.59326,0.66883,19.00324,1.05789,1,-0.03859,-0.03719,0.67189,0.00416,1,0.02418,-0.03512,0.65685,0.00399,1,0,0.00000,13
0.20584,0.37304,5682.96094,0.12109,13766,1,0.21821,0.44505,1,0.22370,0.39391,1,0.22095,0.41948,1,0.34469,0.67544,20.16870,1.04999,1,0.59333,0.66883,19.19245,1.05808,1,-0.03812,-0.03669,0.66283,0.00416,1,0.02461,-0.03582,0.66988,0.00398,1,0,0.00000,13
0.20653,0.37535,5682.96094,0.12744,13766,1,0.20789,0.43127,1,0.23115,0.40710,1,0.21952,0.41918,1,0.34463,0.67551,20.12974,1.05017,1,0.59320,0.66880,18.47854,1.05826,1,-0.03812,-0.03669,0.66283,0.00415,1,0.02461,-0.03582,0.66988,0.00405,1,0,0.00000,13
0.20679,0.37720,5682.96094,0.13379,13766,1,0.19923,0.41964,1,0.22477,0.40896,1,0.21200,0.41430,1,0.34465,0.67557,20.26920,1.05036,1,0.59328,0.66881,18.84005,1.05844,1,-0.03812,-0.03669,0.66283,0.00416,1,0.02461,-0.03582,0.66988,0.00403,1,0,0.00000,13
0.20702,0.37888,5682.96094,0.14111,13766,1,0.19914,0.41954,1,0.22473,0.40884,1,0.21194,0.41419,1,0.34462,0.67560,20.30618,1.05054,1,0.59302,0.66885,18.35288,1.05863,1,-0.03812,-0.03669,0.66283,0.00413,1,0.02461,-0.03582,0.66988,0.00413,1,0,0.00000,13
0.20738,0.38102,5682.96094,0.14697,13766,1,0.21168,0.43914,1,0.21866,0.41715,1,0.21517,0.42815,1,0.34463,0.67565,20.22037,1.05863,1,0.59306,0.66888,18.51954,1.05863,1,-0.03812,-0.03669,0.66283,0.00413,1,0.02461,-0.03582,0.66988,0.00412,1,0,0.00000,13
0.20739,0.38356,5682.96094,0.15430,13766,1,0.20133,0.45373,1,0.21400,0.43023,1,0.20766,0.44198,1,0.34460,0.67564,20.33905,1.05863,1,0.59306,0.66888,18.50987,1.05863,1,-0.03812,-0.03669,0.66283,0.00412,1,0.02461,-0.03582,0.66988,0.00412,1,0,0.00000,13
0.21428,0.41188,5682.96094,0.15430,13766,0,0.19787,0.44955,1,0.21242,0.42517,1,0.20514,0.43736,1,0.34460,0.67564,20.34231,1.06653,1,0.59299,0.66844,18.01231,1.06653,1,-0.03894,-0.03743,0.67625,0.00412,1,0.02508,-0.03655,0.68256,0.00417,1,0,0.00000,13
0.20817,0.42009,5682.96094,0.15430,13766,0,0.19607,0.43097,1,0.20805,0.42562,1,0.20206,0.42829,1,0.34458,0.67559,20.20347,1.07444,1,0.59315,0.66874,18.54013,1.07444,1,-0.03894,-0.03743,0.67625,0.00412,1,0.02508,-0.03655,0.68256,0.00408,1,0,0.00000,13
0.20548,0.41660,5682.96094,0.15430,13766,0,0.19315,0.41537,1,0.20702,0.40388,1,0.20009,0.40963,1,0.34461,0.67560,20.09665,1.08234,1,0.59294,0.66877,17.93172,1.08234,1,-0.03894,-0.03743,0.67625,0.00413,1,0.02508,-0.03655,0.68256,0.00406,1,0,0.00000,13
0.20350,0.41367,5683.12207,0.02002,13767,1,0.18972,0.41104,1,0.20543,0.39873,1,0.19757,0.40489,1,0.34459,0.67562,20.07601,1.09025,1,0.59308,0.66899,18.60866,1.09025,1,-0.03894,-0.03743,0.67625,0.00414,1,0.02508,-0.03655,0.68256,0.00408,1,0,0.00000,13
0.20229,0.41001,5683.12207,0.02686,13767,1,0.17805,0.39995,1,0.21681,0.39075,1,0.19743,0.39535,1,0.34456,0.67558,20.20417,1.09025,1,0.59319,0.66880,18.64775,1.09025,1,-0.03894,-0.03743,0.67625,0.00414,1,0.02508,-0.03655,0.68256,0.00403,1,0,0.00000,13
0.20185,0.40877,5683.12207,0.03320,13767,1,0.19023,0.41156,1,0.20909,0.39356,1,0.19966,0.40256,1,0.34454,0.67559,20.08375,1.09025,1,0.59308,0.66886,18.59037,1.09025,1,-0.03894,-0.03743,0.67625,0.00414,1,0.02508,-0.03655,0.68256,0.00411,1,0,0.00000,13
0.20154,0.40788,5683.12207,0.04053,13767,1,0.19023,0.41156,1,0.20909,0.39356,1,0.19966,0.40256,1,0.34454,0.67559,20.08375,1.09025,1,0.59303,0.66868,18.05167,1.09025,1,-0.03894,-0.03743,0.67625,0.00414,1,0.02508,-0.03655,0.68256,0.00411,1,0,0.00000,13
0.20002,0.40740,5683.12207,0.04688,13767,1,0.17460,0.41495,1,0.20417,0.39306,1,0.18938,0.40400,1,0.34454,0.67557,20.06147,1.09025,1,0.59306,0.66870,18.20362,1.09025,1,-0.03894,-0.03743,0.67625,0.00414,1,0.02508,-0.03655,0.68256,0.00406,1,0,0.00000,13
0.19905,0.40530,5683.12207,0.05371,13767,1,0.17733,0.39855,1,0.20532,0.37843,1,0.19132,0.38849,1,0.34454,0.67557,20.06147,1.09025,1,0.59305,0.66879,18.21836,1.09025,1,-0.03894,-0.03743,0.67625,0.00414,1,0.02508,-0.03655,0.68256,0.00402,1,0,0.00000,13
0.19828,0.40361,5683.12207,0.06152,13767,1,0.17733,0.39855,1,0.20532,0.37843,1,0.19132,0.38849,1,0.34450,0.67551,19.84579,1.09025,1,0.59299,0.66889,18.34370,1.09025,1,0.00000,0.00000,0.00000,0.00414,0,0.02508,-0.03655,0.68256,0.00409,1,0,0.00000,13
0.19925,0.40294,5683.12207,0.06689,13767,1,0.22028,0.40079,1,0.19758,0.39155,1,0.20893,0.39617,1,0.34449,0.67545,19.96884,1.09025,1,0.59305,0.66877,18.46594,1.09025,1,0.00000,0.00000,0.00000,0.00414,0,0.02508,-0.03655,0.68256,0.00401,1,0,0.00000,13
0.20008,0.40556,5683.12207,0.07422,13767,1,0.21588,0.40745,1,0.20272,0.46125,1,0.20930,0.43435,1,0.34449,0.67538,20.07837,1.09025,1,0.59284,0.66886,18.22927,1.09025,1,0.00000,0.00000,0.00000,0.00412,0,0.02508,-0.03655,0.68256,0.00408,1,0,0.00000,13
0.20072,0.40756,5683.12207,0.08057,13767,1,0.21588,0.40745,1,0.20084,0.45582,1,0.20836,0.43163,1,0.34444,0.67536,20.01659,1.09025,1,0.59284,0.66889,18.30103,1.09941,1,0.00000,0.00000,0.00000,0.00411,0,0.02556,-0.03727,0.69702,0.00408,1,0,0.00000,13
0.20029,0.40589,5683.12207,0.08691,13767,1,0.20101,0.39937,1,0.18850,0.36907,1,0.19476,0.38422,1,0.34440,0.67544,19.57622,1.09941,1,0.59291,0.66855,18.41455,1.10858,1,0.00000,0.00000,0.00000,0.00414,0,0.02556,-0.03727,0.69702,0.00398,1,0,0.00000,13
0.19949,0.40360,5683.12207,0.09375,13767,1,0.19778,0.40140,1,0.17864,0.34150,1,0.18821,0.37145,1,0.34437,0.67538,19.47786,1.10858,1,0.59267,0.66868,18.21697,1.11775,1,0.00000,0.00000,0.00000,0.00412,0,0.02556,-0.03727,0.69702,0.00408,1,0,0.00000,13
0.19866,0.40143,5683.12207,0.10059,13767,1,0.19393,0.39639,1,0.17864,0.34150,1,0.18629,0.36895,1,0.34440,0.67540,19.54811,1.11775,1,0.59284,0.66872,18.47356,1.11775,1,0.00000,0.00000,0.00000,0.00413,0,0.02508,-0.03655,0.68256,0.00405,1,0,0.00000,13
0.20029,0.39721,5683.12207,0.10742,13767,1,0.19316,0.37683,1,0.25951,0.28250,1,0.22633,0.32967,1,0.34492,0.67531,20.02455,1.11775,1,0.59340,0.66864,18.40898,1.10858,1,0.00000,0.00000,0.00000,0.00412,0,0.02508,-0.03655,0.68256,0.00404,1,0,0.00000,13
0.20438,0.39588,5683.12207,0.11426,13767,1,0.23463,0.39194,1,0.31325,0.35453,1,0.27394,0.37323,1,0.34564,0.67526,19.67467,1.10858,1,0.59449,0.66839,18.57827,1.09941,1,0.00000,0.00000,0.00000,0.00415,0,0.02508,-0.03655,0.68256,0.00381,1,0,0.00000,13
0.20814,0.39482,5683.12207,0.12109,13767,1,0.23819,0.39707,1,0.31325,0.35453,1,0.27572,0.37580,1,0.34688,0.67502,19.63685,1.09941,1,0.59590,0.66838,18.76786,1.09941,1,-0.03864,-0.03758,0.67981,0.00412,1,0.02618,-0.03732,0.69698,0.00384,1,0,0.00000,13
0.21732,0.39372,5683.12207,0.12891,13767,1,0.37749,0.38176,1,0.40619,0.36370,1,0.39184,0.37273,1,0.34871,0.67444,19.33297,1.09941,1,0.59811,0.66870,18.60175,1.10858,1,-0.03864,-0.03758,0.67981,0.00412,1,0.02618,-0.03732,0.69698,0.00402,1,0,0.00000,13
0.22833,0.39136,5683.12207,0.13672,13767,1,0.40733,0.36222,1,0.48942,0.32623,1,0.44838,0.34422,1,0.34947,0.67431,19.10191,1.10858,1,0.59871,0.66865,18.37247,1.11775,1,-0.03864,-0.03758,0.67981,0.00413,1,0.02618,-0.03732,0.69698,0.00396,1,0,0.00000,13
0.27163,0.37673,5683.12207,0.13672,13767,0,0.40516,0.35668,1,0.48983,0.31997,1,0.44750,0.33832,1,0.35035,0.67403,19.10083,1.11775,1,0.59969,0.66860,18.50691,1.12691,1,-0.03817,-0.03737,0.67878,0.00419,1,0.02652,-0.03736,0.69760,0.00401,1,0,0.00000,13
0.36287,0.35675,5683.12207,0.13672,13767,0,0.44263,0.33900,1,0.46559,0.33455,1,0.45411,0.33678,1,0.35062,0.67390,19.07985,1.12691,1,0.59976,0.66838,18.08220,1.12691,1,-0.03817,-0.03737,0.67878,0.00425,1,0.02652,-0.03736,0.69760,0.00398,1,0,0.00000,13
0.39519,0.34609,5683.12207,0.13672,13767,0,0.45648,0.34169,1,0.46321,0.30781,1,0.45984,0.32475,1,0.35040,0.67403,19.02911,1.12691,1,0.59944,0.66801,17.82108,1.12691,1,-0.03817,-0.03737,0.67878,0.00411,1,0.02652,-0.03736,0.69760,0.00386,1,0,0.00000,13
0.45793,0.32876,5683.12207,0.13672,13767,0,0.45648,0.34169,1,0.46321,0.30781,1,0.45984,0.32475,1,0.35032,0.67400,19.06327,1.12691,1,0.59967,0.66834,17.90721,1.12691,1,-0.03817,-0.03737,0.67878,0.00410,1,0.02652,-0.03736,0.69760,0.00400,1,0,0.00000,13
0.44955,0.32576,5683.12207,0.13672,13767,0,0.43313,0.33108,1,0.44921,0.31445,1,0.44117,0.32276,1,0.35033,0.67398,19.29893,1.12691,1,0.59943,0.66807,17.85209,1.12691,1,-0.03817,-0.03737,0.67878,0.00411,1,0.02652,-0.03736,0.69760,0.00392,1,0,0.00000,13
0.44840,0.32926,5683.12207,0.13672,13767,0,0.43836,0.33940,1,0.45386,0.33312,1,0.44611,0.33626,1,0.35029,0.67400,19.15303,1.12691,1,0.59947,0.66812,17.77118,1.12691,1,-0.03817,-0.03737,0.67878,0.00408,1,0.02652,-0.03736,0.69760,0.00389,1,0,0.00000,13
0.44783,0.33101,5683.28418,0.01855,13768,1,0.43836,0.33940,1,0.45386,0.33312,1,0.44611,0.33626,1,0.35030,0.67395,19.15662,1.12691,1,0.59959,0.66829,17.96984,1.12691,1,-0.03817,-0.03737,0.67878,0.00411,1,0.02652,-0.03736,0.69760,0.00393,1,0,0.00000,13
0.44896,0.32892,5683.28418,0.02539,13768,1,0.42681,0.34889,1,0.48017,0.29219,1,0.45349,0.32054,1,0.35025,0.67400,19.14577,1.12691,1,0.59955,0.66827,17.94444,1.12691,1,-0.03817,-0.03737,0.67878,0.00414,1,0.02652,-0.03736,0.69760,0.00393,1,0,0.00000,13
0.44989,0.32695,5683.28418,0.03174,13768,1,0.42534,0.33372,1,0.48373,0.30054,1,0.45453,0.31713,1,0.35025,0.67405,19.34272,1.12691,1,0.59950,0.66819,17.97428,1.12691,1,-0.03817,-0.03737,0.67878,0.00411,1,0.02652,-0.03736,0.69760,0.00397,1,0,0.00000,13
0.45042,0.32516,5683.28418,0.03906,13768,1,0.42339,0.32816,1,0.48372,0.30069,1,0.45356,0.31442,1,0.35014,0.67401,18.92288,1.13587,1,0.59943,0.66819,17.75142,1.12670,1,-0.03940,-0.03842,0.69783,0.00423,1,0.02608,-0.03681,0.68736,0.00399,1,0,0.00000,13
0.44905,0.32488,5683.28418,0.04541,13768,1,0.39844,0.31828,1,0.48049,0.32760,1,0.43946,0.32294,1,0.35006,0.67416,19.04559,1.13566,1,0.59949,0.66805,17.57500,1.12650,1,-0.03940,-0.03842,0.69783,0.00412,1,0.02608,-0.03681,0.68736,0.00402,1,0,0.00000,13
0.44869,0.32705,5683.28418,0.05225,13768,1,0.41982,0.36685,1,0.47176,0.32182,1,0.44579,0.34433,1,0.35001,0.67402,18.83253,1.13546,1,0.59927,0.66776,17.52598,1.12629,1,-0.03940,-0.03842,0.69783,0.00413,1,0.02608,-0.03681,0.68736,0.00384,1,0,0.00000,13
0.44848,0.32936,5683.28418,0.05859,13768,1,0.42184,0.37224,1,0.47149,0.32807,1,0.44667,0.35016,1,0.34996,0.67394,18.58022,1.12629,1,0.59911,0.66790,17.97992,1.11712,1,-0.03797,-0.03703,0.67166,0.00416,1,0.02608,-0.03681,0.68736,0.00380,1,0,0.00000,13
0.44927,0.33043,5683.28418,0.06592,13768,1,0.43904,0.36569,1,0.47525,0.31671,1,0.45715,0.34120,1,0.34986,0.67400,18.52277,1.10816,1,0.59950,0.66829,17.86249,1.10816,1,-0.03797,-0.03703,0.67166,0.00415,1,0.02608,-0.03681,0.68736,0.00403,1,0,0.00000,13
0.44940,0.33337,5683.28418,0.07275,13768,1,0.43922,0.38657,1,0.46232,0.34485,1,0.45077,0.36571,1,0.34977,0.67407,18.59760,1.09921,1,0.59950,0.66829,17.86249,1.09921,1,-0.03797,-0.03703,0.67166,0.00411,1,0.02608,-0.03681,0.68736,0.00403,1,0,0.00000,13
0.44957,0.33630,5683.28418,0.07910,13768,1,0.44112,0.39189,1,0.46212,0.35093,1,0.45162,0.37141,1,0.34973,0.67405,18.68140,1.09025,1,0.59942,0.66834,18.04249,1.09025,1,-0.03840,-0.03760,0.67924,0.00411,1,0.02608,-0.03681,0.68736,0.00399,1,0,0.00000,13
0.44954,0.33854,5683.28418,0.08594,13768,1,0.43665,0.39037,1,0.46184,0.34512,1,0.44925,0.36775,1,0.34965,0.67419,18.66616,1.09025,1,0.59903,0.66789,18.21842,1.09025,1,-0.03840,-0.03760,0.67924,0.00418,1,0.02608,-0.03681,0.68736,0.00376,1,0,0.00000,13
0.44895,0.34003,5683.28418,0.09326,13768,1,0.43411,0.38774,1,0.44722,0.33403,1,0.44066,0.36089,1,0.34969,0.67415,18.71033,1.09025,1,0.59926,0.66831,18.03694,1.09025,1,-0.03840,-0.03760,0.67924,0.00405,1,0.02608,-0.03681,0.68736,0.00392,1,0,0.00000,13
0.44843,0.34134,5683.28418,0.09912,13768,1,0.43411,0.38774,1,0.44722,0.33403,1,0.44066,0.36089,1,0.34973,0.67425,18.72795,1.09025,1,0.59927,0.66830,18.07263,1.09025,1,-0.03840,-0.03760,0.67924,0.00408,1,0.02608,-0.03681,0.68736,0.00392,1,0,0.00000,13
0.44805,0.34125,5683.28418,0.10645,13768,1,0.43665,0.34101,1,0.44719,0.33865,1,0.44192,0.33983,1,0.34973,0.67437,18.99496,1.09025,1,0.59900,0.66795,18.15646,1.09025,1,-0.03840,-0.03760,0.67924,0.00410,1,0.02608,-0.03681,0.68736,0.00375,1,0,0.00000,13
0.44758,0.34106,5683.28418,0.11279,13768,1,0.42548,0.33116,1,0.45372,0.34449,1,0.43960,0.33783,1,0.34966,0.67441,18.94741,1.09025,1,0.59927,0.66820,18.17688,1.09025,1,-0.03840,-0.03760,0.67924,0.00408,1,0.02608,-0.03681,0.68736,0.00388,1,0,0.00000,13
0.44716,0.34089,5683.28418,0.12158,13768,1,0.42548,0.33116,1,0.45372,0.34449,1,0.43960,0.33783,1,0.34969,0.67439,19.03084,1.09025,1,0.59930,0.66835,18.12795,1.09025,1,-0.03840,-0.03760,0.67924,0.00407,1,0.02608,-0.03681,0.68736,0.00390,1,0,0.00000,13
0.44715,0.34129,5683.28418,0.13525,13768,1,0.43340,0.33929,1,0.46048,0.35874,1,0.44694,0.34901,1,0.34968,0.67448,19.00962,1.09025,1,0.59925,0.66835,18.13931,1.09025,1,-0.03840,-0.03760,0.67924,0.00410,1,0.02608,-0.03681,0.68736,0.00389,1,0,0.00000,13
0.44739,0.34140,5683.28418,0.15039,13768,1,0.43936,0.33939,1,0.46481,0.34767,1,0.45208,0.34353,1,0.34968,0.67448,19.00962,1.09025,1,0.59928,0.66838,17.92338,1.09025,1,-0.03840,-0.03760,0.67924,0.00410,1,0.02608,-0.03681,0.68736,0.00391,1,0,0.00000,13
0.44694,0.34094,5683.28418,0.15625,13768,1,0.42086,0.32119,1,0.45431,0.34133,1,0.43758,0.33126,1,0.34973,0.67442,19.11360,1.09025,1,0.59925,0.66837,18.32384,1.09025,1,-0.03840,-0.03760,0.67924,0.00404,1,0.02608,-0.03681,0.68736,0.00387,1,0,0.00000,13
0.44653,0.34052,5683.28418,0.16650,13768,1,0.42086,0.32119,1,0.45431,0.34133,1,0.43758,0.33126,1,0.34969,0.67432,18.97186,1.09025,1,0.59912,0.66796,18.02341,1.09025,1,-0.03840,-0.03760,0.67924,0.00403,1,0.02608,-0.03681,0.68736,0.00370,1,0,0.00000,13
0.44678,0.34069,5683.28418,0.17529,13768,1,0.43040,0.33716,1,0.47464,0.35198,1,0.45252,0.34457,1,0.34971,0.67444,18.96518,1.09025,1,0.59952,0.66807,17.23364,1.09025,1,-0.03840,-0.03760,0.67924,0.00411,1,0.02608,-0.03681,0.68736,0.00398,1,0,0.00000,13
0.44701,0.34095,5683.28418,0.18018,13768,1,0.43040,0.33716,1,0.47437,0.35745,1,0.45239,0.34731,1,0.34972,0.67431,19.03666,1.09025,1,0.59932,0.66824,17.83112,1.08216,1,-0.03840,-0.03760,0.67924,0.00403,1,0.02463,-0.03484,0.65056,0.00394,1,0,0.00000,13
0.44711,0.34193,5683.28418,0.18750,13768,1,0.43332,0.35884,1,0.46632,0.37382,1,0.44982,0.36633,1,0.34970,0.67442,19.03058,1.08216,1,0.59934,0.66833,17.92197,1.07407,1,-0.03840,-0.03760,0.67924,0.00407,1,0.02463,-0.03484,0.65056,0.00389,1,0,0.00000,13
0.44735,0.34244,5683.28418,0.19287,13768,1,0.44095,0.32712,1,0.46590,0.38414,1,0.45343,0.35563,1,0.34977,0.67445,19.07458,1.07407,1,0.59929,0.66835,17.66830,1.06598,1,-0.03840,-0.03760,0.67924,0.00404,1,0.02463,-0.03484,0.65056,0.00389,1,0,0.00000,13
0.44760,0.34300,5683.28418,0.19971,13768,1,0.44268,0.33246,1,0.46590,0.38414,1,0.45429,0.35830,1,0.34967,0.67424,18.74747,1.06598,1,0.59929,0.66838,17.69733,1.06598,1,-0.03840,-0.03760,0.67924,0.00405,1,0.02545,-0.03611,0.67332,0.00389,1,0,0.00000,13
0.44765,0.34234,5683.28418,0.20654,13768,1,0.43936,0.34955,1,0.45897,0.29806,1,0.44917,0.32381,1,0.34965,0.67426,18.76789,1.06598,1,0.59925,0.66838,17.57081,1.07407,1,-0.03840,-0.03760,0.67924,0.00404,1,0.02545,-0.03611,0.67332,0.00388,1,0,0.00000,13
0.44771,0.34174,5683.28418,0.21240,13768,1,0.43905,0.35161,1,0.45971,0.29704,1,0.44938,0.32433,1,0.34972,0.67432,18.83205,1.07407,1,0.59900,0.66813,17.71210,1.08216,1,-0.03840,-0.03760,0.67924,0.00409,1,0.02545,-0.03611,0.67332,0.00370,1,0,0.00000,13
0.44774,0.34100,5683.28418,0.21924,13768,1,0.43730,0.34646,1,0.45987,0.29110,1,0.44859,0.31878,1,0.34976,0.67436,19.06328,1.08216,1,0.59910,0.66813,17.47708,1.09025,1,-0.03840,-0.03760,0.67924,0.00407,1,0.02605,-0.03702,0.68931,0.00378,1,0,0.00000,13
0.44785,0.34079,5683.28418,0.22607,13768,1,0.43287,0.34393,1,0.46999,0.32441,1,0.45143,0.33417,1,0.34971,0.67436,19.21822,1.09025,1,0.59930,0.66836,17.41766,1.09025,1,-0.03840,-0.03760,0.67924,0.00405,1,0.02605,-0.03702,0.68931,0.00390,1,0,0.00000,13
0.44780,0.33959,5683.28418,0.23291,13768,1,0.43272,0.31625,1,0.45928,0.28608,1,0.44600,0.30116,1,0.34966,0.67426,18.78185,1.09025,1,0.59908,0.66808,17.45007,1.09025,1,-0.03840,-0.03760,0.67924,0.00404,1,0.02605,-0.03702,0.68931,0.00376,1,0,0.00000,13
0.44774,0.33846,5683.28418,0.24023,13768,1,0.43272,0.31625,1,0.45928,0.28608,1,0.44600,0.30116,1,0.34974,0.67439,19.15691,1.09025,1,0.59912,0.66812,17.48620,1.09025,1,-0.03840,-0.03760,0.67924,0.00404,1,0.02605,-0.03702,0.68931,0.00378,1,0,0.00000,13
0.44758,0.33810,5683.28418,0.24609,13768,1,0.42911,0.34166,1,0.45493,0.31015,1,0.44202,0.32590,1,0.34969,0.67439,19.03084,1.09025,1,0.59913,0.66813,17.46851,1.09025,1,-0.03840,-0.03760,0.67924,0.00407,1,0.02605,-0.03702,0.68931,0.00377,1,0,0.00000,13
0.44750,0.33759,5683.28418,0.25293,13768,1,0.43372,0.33510,1,0.45603,0.30446,1,0.44487,0.31978,1,0.34972,0.67431,19.03666,1.09025,1,0.59910,0.66815,17.41835,1.09025,1,-0.03840,-0.03760,0.67924,0.00403,1,0.02605,-0.03702,0.68931,0.00378,1,0,0.00000,13
0.44743,0.33711,5683.28418,0.26025,13768,1,0.43372,0.33510,1,0.45603,0.30446,1,0.44487,0.31978,1,0.34969,0.67438,19.00944,1.09025,1,0.59930,0.66799,17.10263,1.09025,1,-0.03840,-0.03760,0.67924,0.00403,1,0.02605,-0.03702,0.68931,0.00378,1,0,0.00000,13
0.44783,0.33646,5683.28418,0.26611,13768,1,0.42849,0.34280,1,0.49627,0.28257,1,0.46238,0.31268,1,0.34968,0.67445,18.96992,1.09025,1,0.59927,0.66796,17.12011,1.09025,1,-0.03840,-0.03760,0.67924,0.00409,1,0.02605,-0.03702,0.68931,0.00376,1,0,0.00000,13
0.44807,0.33594,5683.28418,0.27295,13768,1,0.42291,0.32869,1,0.49139,0.30309,1,0.45715,0.31589,1,0.34969,0.67432,18.97186,1.09025,1,0.59916,0.66814,17.51995,1.09025,1,-0.03840,-0.03760,0.67924,0.00403,1,0.02605,-0.03702,0.68931,0.00376,1,0,0.00000,13
0.44829,0.33544,5683.28418,0.27930,13768,1,0.42291,0.32869,1,0.49139,0.30309,1,0.45715,0.31589,1,0.34970,0.67430,18.95005,1.09025,1,0.59901,0.66813,17.91027,1.09025,1,-0.03840,-0.03760,0.67924,0.00404,1,0.02605,-0.03702,0.68931,0.00372,1,0,0.00000,13
0.44872,0.33471,5683.28418,0.28662,13768,1,0.45511,0.33046,1,0.47652,0.28053,1,0.46581,0.30550,1,0.34970,0.67430,18.95005,1.09025,1,0.59899,0.66799,18.05522,1.09025,1,-0.03840,-0.03760,0.67924,0.00404,1,0.02605,-0.03702,0.68931,0.00375,1,0,0.00000,13
0.44901,0.33435,5683.28418,0.29297,13768,1,0.44637,0.34648,1,0.47514,0.29323,1,0.46076,0.31985,1,0.34965,0.67442,18.95659,1.09025,1,0.59895,0.66809,18.00228,1.09025,1,-0.03840,-0.03760,0.67924,0.00408,1,0.02605,-0.03702,0.68931,0.00377,1,0,0.00000,13
0.44928,0.33401,5683.28418,0.30029,13768,1,0.44637,0.34648,1,0.47514,0.29323,1,0.46076,0.31985,1,0.34953,0.67454,18.90519,1.09025,1,0.59891,0.66812,18.10667,1.09025,1,-0.03871,-0.03780,0.68293,0.00416,1,0.02605,-0.03702,0.68931,0.00370,1,0,0.00000,13
0.44943,0.33419,5683.28418,0.30713,13768,1,0.44685,0.33110,1,0.46501,0.35252,1,0.45593,0.34181,1,0.34954,0.67447,18.98643,1.09025,1,0.59895,0.66789,17.82637,1.09025,1,-0.03871,-0.03780,0.68293,0.00417,1,0.02605,-0.03702,0.68931,0.00367,1,0,0.00000,13
0.44951,0.33430,5683.28418,0.31348,13768,1,0.43885,0.32677,1,0.46718,0.35141,1,0.45302,0.33909,1,0.34953,0.67449,19.00814,1.09025,1,0.59870,0.66791,17.58806,1.09025,1,-0.03871,-0.03780,0.68293,0.00416,1,0.02605,-0.03702,0.68931,0.00376,1,0,0.00000,13
0.44957,0.33428,5683.28418,0.31982,13768,1,0.43695,0.32095,1,0.46742,0.34534,1,0.45219,0.33314,1,0.34951,0.67437,19.11607,1.09921,1,0.59874,0.66772,17.69461,1.09921,1,-0.04002,-0.03902,0.70502,0.00409,1,0.02592,-0.03678,0.68595,0.00374,1,0,0.00000,13
0.44948,0.33383,5683.28418,0.32764,13768,1,0.43735,0.31788,1,0.45377,0.30921,1,0.44556,0.31354,1,0.34948,0.67432,19.10959,1.10816,1,0.59876,0.66774,17.55426,1.10816,1,-0.04002,-0.03902,0.70502,0.00409,1,0.02592,-0.03678,0.68595,0.00367,1,0,0.00000,13
0.44969,0.33386,5683.28418,0.33350,13768,1,0.46647,0.37098,1,0.45201,0.29917,1,0.45924,0.33508,1,0.34945,0.67431,19.08893,1.11712,1,0.59878,0.66763,17.90953,1.11712,1,-0.04002,-0.03902,0.70502,0.00409,1,0.02592,-0.03678,0.68595,0.00365,1,0,0.00000,13
0.44970,0.33387,5683.28418,0.34033,13768,1,0.46481,0.36560,1,0.45213,0.29281,1,0.45847,0.32921,1,0.34931,0.67427,18.72086,1.12608,1,0.59876,0.66762,17.66126,1.12608,1,-0.04038,-0.03932,0.71141,0.00420,1,0.02564,-0.03647,0.68112,0.00367,1,0,0.00000,13
0.45043,0.33340,5683.28418,0.34717,13768,1,0.46158,0.34288,1,0.49108,0.25720,1,0.47633,0.30004,1,0.34942,0.67412,18.85958,1.12608,1,0.59857,0.66762,17.86463,1.12608,1,-0.04038,-0.03932,0.71141,0.00409,1,0.02564,-0.03647,0.68112,0.00371,1,0,0.00000,13
0.45080,0.33243,5683.28418,0.35400,13768,1,0.44587,0.32627,1,0.48196,0.25318,1,0.46392,0.28972,1,0.34934,0.67411,18.73862,1.12608,1,0.59861,0.66771,17.87253,1.12608,1,-0.04038,-0.03932,0.71141,0.00408,1,0.02564,-0.03647,0.68112,0.00374,1,0,0.00000,13
0.45119,0.33159,5683.28418,0.36035,13768,1,0.44766,0.33193,1,0.48162,0.25983,1,0.46464,0.29588,1,0.34907,0.67395,18.50772,1.11712,1,0.59861,0.66771,17.80636,1.11712,1,-0.03838,-0.03718,0.67535,0.00406,1,0.02568,-0.03648,0.68214,0.00375,1,0,0.00000,13
0.45130,0.33156,5683.28418,0.36719,13768,1,0.44312,0.36729,1,0.47418,0.27156,1,0.45865,0.31942,1,0.34900,0.67376,18.79794,1.10816,1,0.59857,0.66732,17.50659,1.10816,1,-0.03838,-0.03718,0.67535,0.00407,1,0.02568,-0.03648,0.68214,0.00378,1,0,0.00000,13
0.45108,0.33205,5683.28418,0.37451,13768,1,0.45308,0.35446,1,0.43529,0.32709,1,0.44418,0.34077,1,0.34890,0.67369,18.91070,1.09921,1,0.59831,0.66702,17.06825,1.09921,1,-0.03838,-0.03718,0.67535,0.00406,1,0.02568,-0.03648,0.68214,0.00375,1,0,0.00000,13
0.45090,0.33273,5683.28418,0.38135,13768,1,0.45486,0.36004,1,0.43530,0.33333,1,0.44508,0.34669,1,0.34857,0.67367,19.40154,1.09025,1,0.59785,0.66707,17.55425,1.09025,1,-0.03854,-0.03713,0.67445,0.00405,1,0.02545,-0.03639,0.68146,0.00382,1,0,0.00000,13
0.44979,0.33240,5683.28418,0.38721,13768,1,0.35867,0.33257,1,0.41369,0.28207,1,0.38618,0.30732,1,0.34757,0.67355,18.85872,1.09025,1,0.59677,0.66673,17.61565,1.09025,1,-0.03854,-0.03713,0.67445,0.00402,1,0.02545,-0.03639,0.68146,0.00372,1,0,0.00000,13
0.44847,0.33209,5683.28418,0.39453,13768,1,0.36509,0.32067,1,0.39987,0.33797,1,0.38248,0.32932,1,0.34735,0.67353,18.74306,1.09025,1,0.59632,0.66662,17.15756,1.09025,1,-0.03854,-0.03713,0.67445,0.00411,1,0.02545,-0.03639,0.68146,0.00372,1,0,0.00000,13
0.44713,0.33159,5683.28418,0.40088,13768,1,0.36509,0.32067,1,0.39958,0.33160,1,0.38234,0.32613,1,0.34686,0.67341,19.07459,1.09025,1,0.59608,0.66674,17.91185,1.09941,1,-0.03859,-0.03699,0.67189,0.00407,1,0.02599,-0.03743,0.70295,0.00380,1,0,0.00000,13
0.44563,0.33069,5683.28418,0.40771,13768,1,0.36494,0.33806,1,0.40519,0.25830,1,0.38506,0.29818,1,0.34665,0.67315,18.78484,1.09941,1,0.59581,0.66642,18.20814,1.10858,1,-0.03859,-0.03699,0.67189,0.00412,1,0.02599,-0.03743,0.70295,0.00371,1,0,0.00000,13
0.44409,0.33015,5683.28418,0.41406,13768,1,0.35048,0.35432,1,0.40337,0.32521,1,0.37693,0.33976,1,0.34670,0.67301,19.19067,1.10858,1,0.59561,0.66649,18.28905,1.11775,1,-0.03859,-0.03699,0.67189,0.00403,1,0.02599,-0.03743,0.70295,0.00375,1,0,0.00000,13
0.44251,0.32937,5683.28418,0.42139,13768,1,0.34786,0.34879,1,0.40312,0.31889,1,0.37549,0.33384,1,0.34662,0.67283,19.30219,1.11775,1,0.59585,0.66649,18.16989,1.12691,1,-0.03859,-0.03679,0.67189,0.00403,1,0.02599,-0.03733,0.70295,0.00376,1,0,0.00000,13
0.41049,0.31689,5683.28418,0.42139,13768,0,0.33119,0.29960,1,0.39055,0.25162,1,0.36087,0.27561,1,0.34656,0.67250,18.93371,1.12691,1,0.59559,0.66580,17.22618,1.12691,1,-0.03859,-0.03679,0.67189,0.00409,1,0.02599,-0.03733,0.70295,0.00387,1,0,0.00000,13
0.38440,0.28485,5683.28418,0.42139,13768,0,0.33811,0.28771,1,0.37853,0.21792,1,0.35832,0.25282,1,0.34644,0.67247,18.87574,1.12691,1,0.59539,0.66578,17.20449,1.12691,1,-0.03859,-0.03679,0.67189,0.00412,1,0.02599,-0.03733,0.70295,0.00386,1,0,0.00000,13
0.37528,0.27324,5683.28418,0.42139,13768,0,0.33551,0.28192,1,0.37854,0.21809,1,0.35702,0.25000,1,0.34630,0.67243,19.36177,1.13587,1,0.59540,0.66580,17.84795,1.12671,1,-0.04052,-0.03837,0.70275,0.00408,1,0.02508,-0.03614,0.68256,0.00381,1,0,0.00000,13
0.37610,0.27472,5683.71191,0.01953,13769,1,0.36507,0.30467,1,0.39206,0.25369,1,0.37856,0.27918,1,0.34604,0.67220,19.26558,1.13566,1,0.59511,0.66565,18.26578,1.12650,1,-0.04052,-0.03837,0.70275,0.00400,1,0.02508,-0.03614,0.68256,0.00375,1,0,0.00000,13
0.37461,0.27672,5683.71191,0.02637,13769,1,0.35767,0.28069,1,0.37970,0.28871,1,0.36869,0.28470,1,0.34597,0.67210,19.05259,1.13546,1,0.59505,0.66549,18.08663,1.12629,1,-0.04052,-0.03837,0.70275,0.00402,1,0.02508,-0.03614,0.68256,0.00378,1,0,0.00000,13
0.37383,0.27855,5683.71191,0.03369,13769,1,0.36016,0.28665,1,0.37970,0.28871,1,0.36993,0.28768,1,0.34587,0.67186,19.17796,1.12629,1,0.59523,0.66502,18.12355,1.12629,1,0.00000,0.00000,0.00000,0.00403,0,0.02637,-0.03787,0.71927,0.00378,1,0,0.00000,13
0.37363,0.27835,5683.71191,0.03906,13769,1,0.35920,0.33661,1,0.38568,0.21773,1,0.37244,0.27717,1,0.34573,0.67176,19.05534,1.11733,1,0.59479,0.66476,17.94469,1.12650,1,0.00000,0.00000,0.00000,0.00409,0,0.02637,-0.03787,0.71927,0.00376,1,0,0.00000,13
0.37344,0.28209,5683.71191,0.04785,13769,1,0.35211,0.31924,1,0.39198,0.29724,1,0.37204,0.30824,1,0.34562,0.67169,18.66527,1.11754,1,0.59468,0.66463,17.80799,1.12671,1,0.00000,0.00000,0.00000,0.00410,0,0.02637,-0.03787,0.71927,0.00383,1,0,0.00000,13
0.37330,0.28534,5683.71191,0.05518,13769,1,0.35205,0.31911,1,0.39231,0.30360,1,0.37218,0.31135,1,0.34539,0.67166,18.87194,1.11775,1,0.59454,0.66455,17.89274,1.11775,1,-0.03929,-0.03687,0.67707,0.00401,1,0.02483,-0.03588,0.68149,0.00381,1,0,0.00000,13
0.37366,0.28405,5683.71191,0.06055,13769,1,0.35703,0.31071,1,0.39680,0.23419,1,0.37692,0.27245,1,0.34524,0.67159,18.88927,1.11775,1,0.59450,0.66452,18.08103,1.10858,1,-0.03929,-0.03687,0.67707,0.00405,1,0.02483,-0.03588,0.68149,0.00379,1,0,0.00000,13
0.37295,0.28358,5683.71191,0.06787,13769,1,0.35016,0.29739,1,0.38161,0.26031,1,0.36589,0.27885,1,0.34503,0.67165,18.91146,1.10858,1,0.59429,0.66443,18.02942,1.09941,1,-0.03929,-0.03687,0.67707,0.00412,1,0.02483,-0.03588,0.68149,0.00377,1,0,0.00000,13
0.37247,0.28343,5683.71191,0.07373,13769,1,0.35278,0.30336,1,0.38161,0.26031,1,0.36719,0.28184,1,0.34496,0.67147,18.77721,1.09941,1,0.59435,0.66471,18.44167,1.09941,1,-0.03929,-0.03687,0.67707,0.00408,1,0.02516,-0.03643,0.69186,0.00379,1,0,0.00000,13
0.37382,0.28221,5683.71191,0.08154,13769,1,0.35420,0.31959,1,0.42588,0.21553,1,0.39004,0.26756,1,0.34478,0.67153,19.16848,1.09941,1,0.59384,0.66420,18.09097,1.10858,1,-0.03929,-0.03687,0.67707,0.00410,1,0.02516,-0.03643,0.69186,0.00381,1,0,0.00000,13
0.37496,0.28289,5683.71191,0.08691,13769,1,0.36744,0.29642,1,0.41190,0.28695,1,0.38967,0.29168,1,0.34476,0.67151,19.20330,1.10858,1,0.59383,0.66389,17.31796,1.11775,1,-0.03929,-0.03687,0.67707,0.00407,1,0.02516,-0.03643,0.69186,0.00392,1,0,0.00000,13
0.37585,0.28327,5683.71191,0.09424,13769,1,0.36496,0.29043,1,0.41190,0.28695,1,0.38843,0.28869,1,0.34449,0.67153,18.85580,1.11775,1,0.59374,0.66377,17.46274,1.11775,1,-0.04036,-0.03767,0.69190,0.00408,1,0.02441,-0.03536,0.67551,0.00386,1,0,0.00000,13
0.37456,0.28526,5683.71191,0.10059,13769,1,0.33640,0.30711,1,0.37381,0.32286,1,0.35510,0.31499,1,0.34427,0.67159,19.22353,1.11775,1,0.59350,0.66376,17.98189,1.10858,1,-0.04036,-0.03767,0.69190,0.00407,1,0.02441,-0.03536,0.67551,0.00381,1,0,0.00000,13
0.37389,0.28657,5683.71191,0.10742,13769,1,0.36103,0.31625,1,0.36537,0.29883,1,0.36320,0.30754,1,0.34421,0.67163,19.08491,1.10858,1,0.59341,0.66372,18.07065,1.09941,1,-0.04036,-0.03767,0.69190,0.00410,1,0.02441,-0.03536,0.67551,0.00377,1,0,0.00000,13
0.37330,0.28774,5683.71191,0.11426,13769,1,0.36108,0.31639,1,0.36539,0.29899,1,0.36323,0.30769,1,0.34396,0.67151,19.10750,1.10837,1,0.59311,0.66374,18.02525,1.09921,1,-0.04093,-0.03806,0.69891,0.00408,1,0.02409,-0.03518,0.67211,0.00382,1,0,0.00000,13
0.37444,0.28859,5683.71191,0.12061,13769,1,0.38116,0.33219,1,0.40875,0.27551,1,0.39495,0.30385,1,0.34375,0.67161,19.04589,1.10816,1,0.59289,0.66346,17.93424,1.10816,1,-0.04093,-0.03806,0.69891,0.00407,1,0.02409,-0.03518,0.67211,0.00382,1,0,0.00000,13
0.37425,0.28876,5683.71191,0.12744,13769,1,0.35354,0.31956,1,0.38766,0.26461,1,0.37060,0.29208,1,0.34364,0.67170,18.94785,1.11712,1,0.59288,0.66360,18.16123,1.11712,1,-0.04093,-0.03806,0.69891,0.00412,1,0.02409,-0.03518,0.67211,0.00378,1,0,0.00000,13
0.37413,0.28918,5683.71191,0.13379,13769,1,0.35576,0.32453,1,0.38799,0.27050,1,0.37187,0.29751,1,0.34349,0.67175,19.21954,1.10922,1,0.59274,0.66352,18.55227,1.10922,1,-0.03885,-0.03603,0.66176,0.00405,1,0.02409,-0.03518,0.67211,0.00376,1,0,0.00000,13
0.37413,0.28976,5683.71191,0.14062,13769,1,0.35077,0.34146,1,0.39734,0.26262,1,0.37405,0.30204,1,0.34325,0.67175,19.34475,1.09236,1,0.59263,0.66358,18.40241,1.09236,1,-0.03885,-0.03603,0.66176,0.00404,1,0.02409,-0.03518,0.67211,0.00380,1,0,0.00000,13
0.37548,0.29089,5683.71191,0.14746,13769,1,0.38724,0.35733,1,0.42300,0.27416,1,0.40512,0.31574,1,0.34314,0.67175,19.05830,1.07549,1,0.59228,0.66356,18.08192,1.07549,1,-0.03885,-0.03603,0.66176,0.00407,1,0.02409,-0.03518,0.67211,0.00382,1,0,0.00000,13
0.37676,0.29219,5683.71191,0.15381,13769,1,0.38958,0.36293,1,0.42311,0.28099,1,0.40635,0.32196,1,0.34288,0.67171,18.85693,1.06653,1,0.59225,0.66350,18.21962,1.06653,1,-0.03975,-0.03672,0.67446,0.00410,1,0.02403,-0.03540,0.67622,0.00389,1,0,0.00000,13
0.37644,0.29148,5683.71191,0.16064,13769,1,0.34881,0.28897,1,0.38845,0.25987,1,0.36863,0.27442,1,0.34273,0.67180,19.19754,1.07444,1,0.59180,0.66354,18.48192,1.07444,1,-0.03975,-0.03672,0.67446,0.00406,1,0.02403,-0.03540,0.67622,0.00374,1,0,0.00000,13
0.37595,0.29188,5683.71191,0.16748,13769,1,0.34679,0.29143,1,0.38079,0.31271,1,0.36379,0.30207,1,0.34263,0.67186,19.19927,1.08234,1,0.59186,0.66353,18.45618,1.08234,1,-0.03975,-0.03672,0.67446,0.00408,1,0.02403,-0.03540,0.67622,0.00375,1,0,0.00000,13
0.37544,0.29193,5683.71191,0.17334,13769,1,0.34446,0.28613,1,0.37996,0.30033,1,0.36221,0.29323,1,0.34258,0.67190,19.16256,1.09025,1,0.59187,0.66304,17.62480,1.09941,1,-0.03975,-0.03672,0.67446,0.00409,1,0.02486,-0.03670,0.70100,0.00377,1,0,0.00000,13
0.37555,0.29113,5683.71191,0.18115,13769,1,0.35922,0.34048,1,0.39765,0.19861,1,0.37843,0.26955,1,0.34243,0.67184,19.49855,1.09941,1,0.59183,0.66290,17.17196,1.10858,1,-0.03975,-0.03672,0.67446,0.00405,1,0.02486,-0.03670,0.70100,0.00384,1,0,0.00000,13
0.37567,0.29050,5683.71191,0.18652,13769,1,0.35993,0.35116,1,0.39837,0.19406,1,0.37915,0.27261,1,0.34245,0.67180,19.25929,1.10858,1,0.59187,0.66296,17.25099,1.11775,1,-0.03975,-0.03672,0.67446,0.00408,1,0.02486,-0.03670,0.70100,0.00385,1,0,0.00000,13
0.37574,0.28968,5683.71191,0.19434,13769,1,0.35738,0.34560,1,0.39808,0.18666,1,0.37773,0.26613,1,0.34248,0.67182,18.96944,1.11775,1,0.59174,0.66300,17.76404,1.12691,1,-0.04009,-0.03695,0.67856,0.00409,1,0.02483,-0.03681,0.70316,0.00381,1,0,0.00000,13
0.37592,0.28815,5683.71191,0.20264,13769,1,0.36599,0.29679,1,0.39673,0.18731,1,0.38136,0.24205,1,0.34253,0.67201,19.26420,1.12691,1,0.59177,0.66288,17.60033,1.12691,1,-0.04009,-0.03695,0.67856,0.00405,1,0.02483,-0.03681,0.70316,0.00377,1,0,0.00000,13
0.37609,0.28703,5683.71191,0.20703,13769,1,0.35208,0.30880,1,0.41045,0.19589,1,0.38126,0.25235,1,0.34253,0.67204,19.26698,1.12691,1,0.59168,0.66293,17.14598,1.12691,1,-0.04009,-0.03695,0.67856,0.00404,1,0.02483,-0.03681,0.70316,0.00380,1,0,0.00000,13
0.37628,0.28615,5683.71191,0.21387,13769,1,0.35428,0.31379,1,0.41062,0.20220,1,0.38245,0.25800,1,0.34255,0.67204,19.33811,1.11901,1,0.59167,0.66290,17.28005,1.11901,1,-0.03875,-0.03596,0.65673,0.00408,1,0.02486,-0.03670,0.70100,0.00375,1,0,0.00000,13
0.37585,0.28469,5683.71191,0.22070,13769,1,0.33598,0.26338,1,0.38718,0.20981,1,0.36158,0.23660,1,0.34263,0.67213,19.37123,1.11111,1,0.59193,0.66315,17.39367,1.11111,1,-0.03875,-0.03596,0.65673,0.00408,1,0.02486,-0.03670,0.70100,0.00380,1,0,0.00000,13
0.37614,0.28379,5683.71191,0.22754,13769,1,0.35567,0.30812,1,0.41638,0.19786,1,0.38603,0.25299,1,0.34267,0.67234,19.06832,1.10320,1,0.59202,0.66315,17.71049,1.10320,1,-0.03875,-0.03596,0.65673,0.00403,1,0.02486,-0.03670,0.70100,0.00384,1,0,0.00000,13
0.37642,0.28303,5683.71191,0.23389,13769,1,0.35567,0.30812,1,0.41654,0.20531,1,0.38610,0.25672,1,0.34273,0.67244,19.37799,1.10320,1,0.59209,0.66290,17.47464,1.09403,1,-0.03975,-0.03693,0.67446,0.00403,1,0.02388,-0.03512,0.67178,0.00378,1,0,0.00000,13
0.37725,0.28351,5683.71191,0.24072,13769,1,0.38278,0.32229,1,0.43184,0.27880,1,0.40731,0.30054,1,0.34290,0.67250,19.02683,1.10194,1,0.59226,0.66298,17.51583,1.09277,1,-0.03975,-0.03693,0.67446,0.00404,1,0.02388,-0.03512,0.67178,0.00378,1,0,0.00000,13
0.37741,0.28324,5683.71191,0.24756,13769,1,0.35458,0.27961,1,0.41183,0.26706,1,0.38320,0.27333,1,0.34296,0.67255,18.89016,1.10068,1,0.59224,0.66292,17.35294,1.09151,1,-0.03975,-0.03693,0.67446,0.00401,1,0.02388,-0.03512,0.67178,0.00381,1,0,0.00000,13
0.37756,0.28292,5683.71191,0.25391,13769,1,0.35494,0.28045,1,0.41166,0.26106,1,0.38330,0.27076,1,0.34318,0.67274,19.15889,1.09941,1,0.59256,0.66292,17.75636,1.09941,1,-0.04045,-0.03782,0.68985,0.00404,1,0.02478,-0.03622,0.69289,0.00373,1,0,0.00000,13
0.37758,0.28218,5683.71191,0.26025,13769,1,0.35831,0.25783,1,0.39836,0.24894,1,0.37833,0.25338,1,0.34342,0.67296,19.23415,1.09941,1,0.59296,0.66296,17.73977,1.10858,1,-0.04045,-0.03782,0.68985,0.00404,1,0.02478,-0.03622,0.69289,0.00380,1,0,0.00000,13
0.37762,0.28174,5683.71191,0.26807,13769,1,0.36835,0.28191,1,0.38993,0.24637,1,0.37914,0.26414,1,0.34357,0.67298,19.27246,1.10858,1,0.59307,0.66305,17.67114,1.11775,1,-0.04045,-0.03782,0.68985,0.00402,1,0.02478,-0.03622,0.69289,0.00382,1,0,0.00000,13
0.37762,0.28117,5683.71191,0.27393,13769,1,0.36589,0.27580,1,0.38958,0.23939,1,0.37773,0.25760,1,0.34379,0.67326,19.11395,1.11775,1,0.59309,0.66272,17.16380,1.12691,1,-0.03998,-0.03754,0.68191,0.00405,1,0.02553,-0.03700,0.70777,0.00381,1,0,0.00000,13
0.37774,0.27972,5683.71191,0.28125,13769,1,0.36253,0.29442,1,0.40279,0.14359,1,0.38266,0.21900,1,0.34404,0.67336,19.10415,1.12691,1,0.59338,0.66293,18.28444,1.12691,1,-0.03998,-0.03754,0.68191,0.00409,1,0.02553,-0.03700,0.70777,0.00376,1,0,0.00000,13
0.37797,0.27831,5683.71191,0.28760,13769,1,0.34815,0.27047,1,0.42782,0.16508,1,0.38798,0.21777,1,0.34426,0.67353,19.30271,1.12691,1,0.59379,0.66308,17.90878,1.12691,1,-0.03998,-0.03754,0.68191,0.00409,1,0.02553,-0.03700,0.70777,0.00381,1,0,0.00000,13
0.38345,0.25231,5683.71191,0.28760,13769,0,0.34815,0.27047,1,0.42794,0.17930,1,0.38804,0.22488,1,0.34474,0.67345,18.99866,1.12691,1,0.59420,0.66295,17.40105,1.10966,1,-0.03968,-0.03769,0.68374,0.00410,1,0.02396,-0.03439,0.65605,0.00369,1,0,0.00000,13
0.42832,0.25726,5683.71191,0.28760,13769,0,0.43363,0.26984,1,0.51274,0.25457,1,0.47319,0.26220,1,0.34614,0.67352,19.03370,1.10966,1,0.59572,0.66375,18.49362,1.09241,1,-0.03968,-0.03769,0.68374,0.00402,1,0.02396,-0.03439,0.65605,0.00373,1,0,0.00000,13
0.45510,0.27134,5683.71191,0.28760,13769,0,0.51527,0.28821,1,0.50205,0.31081,1,0.50866,0.29951,1,0.34728,0.67331,18.76859,1.09241,1,0.59702,0.66424,18.07634,1.07515,1,-0.03968,-0.03769,0.68374,0.00410,1,0.02396,-0.03439,0.65605,0.00392,1,0,0.00000,13
0.49716,0.29018,5683.71191,0.28760,13769,0,0.51777,0.30019,1,0.50152,0.31744,1,0.50964,0.30881,1,0.34890,0.67328,18.65530,1.07515,1,0.59858,0.66400,18.13248,1.06598,1,-0.03838,-0.03718,0.67535,0.00409,1,0.02542,-0.03540,0.67523,0.00390,1,0,0.00000,13
0.55846,0.29179,5683.71191,0.28760,13769,0,0.60077,0.33199,1,0.63876,0.25481,1,0.61976,0.29340,1,0.35136,0.67257,18.55276,1.06598,1,0.60055,0.66405,18.09579,1.07407,1,-0.03838,-0.03718,0.67535,0.00415,1,0.02542,-0.03540,0.67523,0.00377,1,0,0.00000,13
0.58511,0.29922,5683.71191,0.28760,13769,0,0.62492,0.35134,1,0.65187,0.27684,1,0.63839,0.31409,1,0.35219,0.67235,18.01892,1.07407,1,0.60111,0.66451,18.08760,1.08216,1,-0.03838,-0.03718,0.67535,0.00407,1,0.02542,-0.03540,0.67523,0.00383,1,0,0.00000,13
0.63286,0.30208,5683.71191,0.28760,13769,0,0.62407,0.33998,1,0.65678,0.25751,1,0.64042,0.29874,1,0.35271,0.67274,18.88621,1.09112,1,0.60196,0.66405,18.17579,1.10837,1,-0.03946,-0.03868,0.70256,0.00413,1,0.02701,-0.03707,0.70503,0.00380,1,0,0.00000,13
0.62777,0.27537,5683.71191,0.28760,13769,0,0.58936,0.27578,1,0.65600,0.22154,1,0.62268,0.24866,1,0.35328,0.67236,18.55950,1.11733,1,0.60254,0.66429,18.19687,1.12650,1,-0.03946,-0.03868,0.70256,0.00407,1,0.02701,-0.03707,0.70503,0.00381,1,0,0.00000,13
0.62908,0.26573,5683.71191,0.28760,13769,0,0.60260,0.28166,1,0.66081,0.21123,1,0.63170,0.24644,1,0.35343,0.67238,18.72111,1.13546,1,0.60271,0.66427,18.10724,1.14462,1,-0.03946,-0.03868,0.70256,0.00405,1,0.02701,-0.03707,0.70503,0.00381,1,0,0.00000,13
0.62966,0.26012,5684.04639,0.02002,13770,1,0.60199,0.27536,1,0.66081,0.21123,1,0.63140,0.24329,1,0.35357,0.67230,18.32186,1.14462,1,0.60274,0.66427,18.22046,1.14462,1,-0.03687,-0.03628,0.65910,0.00398,1,0.02656,-0.03623,0.68905,0.00385,1,0,0.00000,13
0.63311,0.25172,5684.04639,0.02734,13770,1,0.62288,0.27872,1,0.67097,0.15753,1,0.64693,0.21813,1,0.35377,0.67244,18.62959,1.13567,1,0.60299,0.66430,18.19414,1.12650,1,-0.03687,-0.03628,0.65910,0.00399,1,0.02656,-0.03623,0.68905,0.00401,1,0,0.00000,13
0.63182,0.25066,5684.04639,0.03320,13770,1,0.61007,0.30431,1,0.64067,0.18642,1,0.62537,0.24536,1,0.35371,0.67244,18.45431,1.11754,1,0.60316,0.66449,18.16701,1.10837,1,-0.03687,-0.03628,0.65910,0.00407,1,0.02656,-0.03623,0.68905,0.00396,1,0,0.00000,13
0.63076,0.25182,5684.04639,0.04004,13770,1,0.61117,0.31663,1,0.63754,0.20095,1,0.62436,0.25879,1,0.35376,0.67286,18.72064,1.09942,1,0.60341,0.66437,18.35972,1.09025,1,-0.03831,-0.03781,0.68674,0.00410,1,0.02612,-0.03541,0.67262,0.00381,1,0,0.00000,13
0.63130,0.25607,5684.04639,0.04736,13770,1,0.60158,0.31968,1,0.66855,0.25190,1,0.63506,0.28579,1,0.35415,0.67264,18.53262,1.09025,1,0.60368,0.66457,18.22212,1.09025,1,-0.03831,-0.03781,0.68674,0.00407,1,0.02612,-0.03541,0.67262,0.00386,1,0,0.00000,13
0.63266,0.26004,5684.04639,0.05322,13770,1,0.60187,0.32871,1,0.68520,0.25483,1,0.64354,0.29177,1,0.35400,0.67294,18.70008,1.09025,1,0.60382,0.66456,17.87134,1.09025,1,-0.03831,-0.03781,0.68674,0.00414,1,0.02612,-0.03541,0.67262,0.00387,1,0,0.00000,13
0.63374,0.26321,5684.04639,0.06055,13770,1,0.60187,0.32871,1,0.68520,0.25483,1,0.64354,0.29177,1,0.35424,0.67262,17.91503,1.09025,1,0.60389,0.66459,17.43902,1.09025,1,-0.03819,-0.03789,0.68633,0.00415,1,0.02612,-0.03546,0.67262,0.00390,1,0,0.00000,13
0.63505,0.26322,5684.04639,0.06641,13770,1,0.61420,0.33126,1,0.68208,0.19542,1,0.64814,0.26334,1,0.35448,0.67299,19.02711,1.09025,1,0.60390,0.66523,18.60754,1.09025,1,-0.03819,-0.03789,0.68633,0.00399,1,0.02612,-0.03546,0.67262,0.00384,1,0,0.00000,13
0.63416,0.26201,5684.04639,0.07373,13770,1,0.62237,0.28147,1,0.62621,0.21596,1,0.62429,0.24872,1,0.35417,0.67334,19.00353,1.09025,1,0.60404,0.66584,18.77307,1.09025,1,-0.03819,-0.03789,0.68633,0.00416,1,0.02612,-0.03546,0.67262,0.00392,1,0,0.00000,13
0.63335,0.26124,5684.04639,0.08008,13770,1,0.62237,0.28147,1,0.62489,0.22235,1,0.62363,0.25191,1,0.35432,0.67323,18.60036,1.09025,1,0.60398,0.66558,18.30707,1.08216,1,-0.03819,-0.03799,0.68633,0.00404,1,0.02572,-0.03486,0.65841,0.00389,1,0,0.00000,13
0.63315,0.26363,5684.04639,0.08691,13770,1,0.62799,0.32282,1,0.63317,0.26666,1,0.63058,0.29474,1,0.35422,0.67357,18.44962,1.08216,1,0.60384,0.66596,18.82305,1.07407,1,-0.03819,-0.03799,0.68633,0.00419,1,0.02572,-0.03486,0.65841,0.00378,1,0,0.00000,13
0.63300,0.26552,5684.04639,0.09375,13770,1,0.62452,0.34466,1,0.63717,0.23919,1,0.63085,0.29192,1,0.35425,0.67361,18.63652,1.07407,1,0.60413,0.66657,18.71898,1.06598,1,-0.03819,-0.03799,0.68633,0.00416,1,0.02572,-0.03486,0.65841,0.00392,1,0,0.00000,13
0.63283,0.26753,5684.04639,0.10059,13770,1,0.62493,0.35010,1,0.63574,0.24554,1,0.63034,0.29782,1,0.35445,0.67376,18.63387,1.06598,1,0.60426,0.66643,18.17188,1.05790,1,-0.03708,-0.03704,0.66641,0.00398,1,0.02572,-0.03506,0.65841,0.00386,1,0,0.00000,13
0.63219,0.27013,5684.04639,0.10693,13770,1,0.61584,0.29923,1,0.62811,0.32418,1,0.62197,0.31171,1,0.35407,0.67431,18.78985,1.05790,1,0.60406,0.66689,18.64306,1.05790,1,-0.03708,-0.03704,0.66641,0.00415,1,0.02572,-0.03506,0.65841,0.00387,1,0,0.00000,13
0.63266,0.27068,5684.04639,0.11377,13770,1,0.61933,0.34669,1,0.66180,0.21345,1,0.64057,0.28007,1,0.35412,0.67454,18.73289,1.05790,1,0.60402,0.66745,19.16632,1.05790,1,-0.03708,-0.03704,0.66641,0.00418,1,0.02572,-0.03506,0.65841,0.00388,1,0,0.00000,13
0.63311,0.27101,5684.04639,0.12061,13770,1,0.61933,0.34669,1,0.66341,0.20687,1,0.64137,0.27678,1,0.35435,0.67459,18.41393,1.05790,1,0.60402,0.66738,18.44305,1.06598,1,-0.03819,-0.03830,0.68633,0.00416,1,0.02675,-0.03674,0.68612,0.00392,1,0,0.00000,13
0.63280,0.27032,5684.04639,0.12744,13770,1,0.59777,0.28031,1,0.65584,0.23424,1,0.62681,0.25728,1,0.35406,0.67532,19.40507,1.06598,1,0.60379,0.66780,18.92063,1.07407,1,-0.03819,-0.03830,0.68633,0.00414,1,0.02675,-0.03674,0.68612,0.00388,1,0,0.00000,13
0.63356,0.26934,5684.04639,0.13379,13770,1,0.61900,0.31877,1,0.67871,0.18058,1,0.64885,0.24967,1,0.35395,0.67547,19.19822,1.07407,1,0.60391,0.66831,19.04230,1.08216,1,-0.03819,-0.03830,0.68633,0.00416,1,0.02675,-0.03674,0.68612,0.00400,1,0,0.00000,13
0.63432,0.26785,5684.04639,0.14062,13770,1,0.61805,0.30691,1,0.68228,0.16656,1,0.65017,0.23674,1,0.35398,0.67526,18.97799,1.09112,1,0.60384,0.66820,18.29887,1.09921,1,-0.03906,-0.03912,0.69913,0.00417,1,0.02612,-0.03622,0.67262,0.00392,1,0,0.00000,13
0.63518,0.26791,5684.04639,0.14893,13770,1,0.63414,0.29998,1,0.67416,0.23819,1,0.65415,0.26909,1,0.35361,0.67624,19.47518,1.10817,1,0.60367,0.66845,18.15007,1.10817,1,-0.03906,-0.03912,0.69913,0.00420,1,0.02612,-0.03622,0.67262,0.00391,1,0,0.00000,13
0.63550,0.26593,5684.04639,0.15381,13770,1,0.62277,0.25076,1,0.66269,0.19019,1,0.64273,0.22048,1,0.35334,0.67617,19.05253,1.11712,1,0.60357,0.66876,18.89086,1.11712,1,-0.03906,-0.03912,0.69913,0.00418,1,0.02612,-0.03622,0.67262,0.00382,1,0,0.00000,13
0.63575,0.26424,5684.04639,0.16309,13770,1,0.62277,0.25076,1,0.66115,0.19658,1,0.64196,0.22367,1,0.35357,0.67602,18.55864,1.11712,1,0.60354,0.66902,18.80948,1.10904,1,-0.03687,-0.03707,0.65910,0.00412,1,0.02490,-0.03474,0.64245,0.00384,1,0,0.00000,13
0.63508,0.26315,5684.04639,0.16992,13770,1,0.60799,0.30050,1,0.62856,0.17130,1,0.61828,0.23590,1,0.35313,0.67653,18.78068,1.10008,1,0.60340,0.66905,18.55121,1.09199,1,-0.03687,-0.03707,0.65910,0.00417,1,0.02490,-0.03474,0.64245,0.00392,1,0,0.00000,13
0.63530,0.26351,5684.04639,0.17578,13770,1,0.61720,0.34036,1,0.66480,0.20529,1,0.64100,0.27283,1,0.35304,0.67650,18.90557,1.08303,1,0.60334,0.66925,18.71004,1.07494,1,-0.03687,-0.03707,0.65910,0.00419,1,0.02490,-0.03474,0.64245,0.00386,1,0,0.00000,13
0.63552,0.26404,5684.04639,0.18164,13770,1,0.61817,0.35178,1,0.66484,0.20513,1,0.64150,0.27845,1,0.35305,0.67637,18.50863,1.06598,1,0.60317,0.66923,18.49263,1.07515,1,-0.03837,-0.03838,0.68233,0.00418,1,0.02723,-0.03818,0.70503,0.00388,1,0,0.00000,13
0.63621,0.26424,5684.04639,0.18799,13770,1,0.63107,0.31953,1,0.67984,0.22009,1,0.65546,0.26981,1,0.35260,0.67698,19.34558,1.07515,1,0.60306,0.66927,17.88576,1.09241,1,-0.03837,-0.03838,0.68233,0.00415,1,0.02723,-0.03818,0.70503,0.00395,1,0,0.00000,13
0.63614,0.26305,5684.04639,0.19482,13770,1,0.60534,0.23952,1,0.66293,0.21767,1,0.63414,0.22860,1,0.35248,0.67706,18.66928,1.09241,1,0.60297,0.66932,18.06384,1.10966,1,-0.03837,-0.03838,0.68233,0.00418,1,0.02723,-0.03818,0.70503,0.00392,1,0,0.00000,13
0.63606,0.26173,5684.04639,0.20117,13770,1,0.60420,0.22654,1,0.66293,0.21767,1,0.63357,0.22210,1,0.35266,0.67690,19.00108,1.10966,1,0.60249,0.66924,18.14995,1.10966,1,-0.03837,-0.03859,0.68233,0.00410,1,0.02536,-0.03570,0.65935,0.00396,1,0,0.00000,13
0.63600,0.26124,5684.04639,0.20801,13770,1,0.59390,0.25035,1,0.67483,0.24164,1,0.63436,0.24599,1,0.35241,0.67729,19.16600,1.10966,1,0.60245,0.66921,18.53492,1.09241,1,-0.03837,-0.03859,0.68233,0.00424,1,0.02536,-0.03570,0.65935,0.00384,1,0,0.00000,13
0.63543,0.26137,5684.04639,0.21484,13770,1,0.59929,0.27233,1,0.63475,0.25851,1,0.61702,0.26542,1,0.35267,0.67706,19.13070,1.09241,1,0.60253,0.66921,18.57525,1.07515,1,-0.03837,-0.03859,0.68233,0.00411,1,0.02536,-0.03570,0.65935,0.00381,1,0,0.00000,13
0.63486,0.26186,5684.04639,0.22119,13770,1,0.60053,0.28480,1,0.63175,0.27165,1,0.61614,0.27822,1,0.35277,0.67695,18.70249,1.07515,1,0.60269,0.66960,18.25056,1.05790,1,-0.03837,-0.03859,0.68233,0.00409,1,0.02536,-0.03575,0.65934,0.00393,1,0,0.00000,13
0.63613,0.26160,5684.04639,0.22803,13770,1,0.67318,0.27908,1,0.68523,0.22646,1,0.67921,0.25277,1,0.35343,0.67701,18.73015,1.05790,1,0.60335,0.66949,18.21527,1.05790,1,-0.03837,-0.03859,0.68233,0.00408,1,0.02536,-0.03575,0.65934,0.00380,1,0,0.00000,13
0.63769,0.26140,5684.04639,0.23486,13770,1,0.67678,0.30713,1,0.70766,0.20165,1,0.69222,0.25439,1,0.35361,0.67691,18.57699,1.05790,1,0.60365,0.66975,18.18036,1.05790,1,-0.03837,-0.03859,0.68233,0.00404,1,0.02536,-0.03575,0.65934,0.00384,1,0,0.00000,13
0.63925,0.26072,5684.04639,0.24170,13770,1,0.67670,0.29318,1,0.71421,0.17930,1,0.69546,0.23624,1,0.35407,0.67707,19.26049,1.07709,1,0.60371,0.66962,18.42623,1.08518,1,-0.04112,-0.04146,0.73318,0.00406,1,0.02656,-0.03736,0.68905,0.00384,1,0,0.00000,13
0.64093,0.25917,5684.04639,0.24805,13770,1,0.67632,0.24029,1,0.72975,0.16292,1,0.70304,0.20160,1,0.35401,0.67711,19.51010,1.10438,1,0.60372,0.66970,18.62147,1.11247,1,-0.04112,-0.04146,0.73318,0.00404,1,0.02656,-0.03736,0.68905,0.00380,1,0,0.00000,13
0.64289,0.25667,5684.04639,0.25439,13770,1,0.70726,0.20889,1,0.72746,0.11441,1,0.71736,0.16165,1,0.35389,0.67701,19.33954,1.13166,1,0.60374,0.66972,18.41680,1.13975,1,-0.04112,-0.04146,0.73318,0.00400,1,0.02656,-0.03736,0.68905,0.00385,1,0,0.00000,13
0.66636,0.23100,5684.04639,0.25439,13770,0,0.70743,0.20265,1,0.72939,0.10767,1,0.71841,0.15516,1,0.35396,0.67687,18.99039,1.13975,1,0.60375,0.66968,18.39939,1.14784,1,-0.03837,-0.03859,0.68233,0.00402,1,0.02656,-0.03736,0.68905,0.00394,1,0,0.00000,13
0.69435,0.20401,5684.04639,0.25439,13770,0,0.69449,0.22265,1,0.75019,0.13138,1,0.72234,0.17701,1,0.35394,0.67689,19.06508,1.12864,1,0.60364,0.66942,18.49805,1.12864,1,-0.03837,-0.03859,0.68233,0.00403,1,0.02656,-0.03736,0.68905,0.00391,1,0,0.00000,13
0.70236,0.19403,5684.04639,0.25439,13770,0,0.69201,0.23838,1,0.74474,0.10977,1,0.71837,0.17408,1,0.35374,0.67689,18.94811,1.10945,1,0.60367,0.66946,18.45294,1.10945,1,-0.03837,-0.03859,0.68233,0.00405,1,0.02656,-0.03736,0.68905,0.00393,1,0,0.00000,13
0.70546,0.19379,5684.31006,0.01807,13771,1,0.69184,0.25293,1,0.73767,0.13323,1,0.71475,0.19308,1,0.35365,0.67687,18.82780,1.09025,1,0.60343,0.66921,18.26325,1.08216,1,-0.03837,-0.03859,0.68233,0.00404,1,0.02536,-0.03570,0.65935,0.00393,1,0,0.00000,13
0.70890,0.20437,5684.31006,0.02490,13771,1,0.68498,0.28942,1,0.76039,0.20392,1,0.72268,0.24667,1,0.35366,0.67639,18.01802,1.08216,1,0.60365,0.66913,17.87217,1.07407,1,-0.03837,-0.03859,0.68233,0.00416,1,0.02536,-0.03570,0.65935,0.00393,1,0,0.00000,13
0.71138,0.21014,5684.31006,0.03125,13771,1,0.68060,0.28806,1,0.76689,0.18993,1,0.72374,0.23899,1,0.35362,0.67637,17.82928,1.07407,1,0.60366,0.66908,18.07571,1.06598,1,-0.03837,-0.03859,0.68233,0.00418,1,0.02536,-0.03570,0.65935,0.00394,1,0,0.00000,13
0.71298,0.21516,5684.31006,0.03906,13771,1,0.68060,0.29399,1,0.76454,0.19656,1,0.72257,0.24528,1,0.35366,0.67632,18.06818,1.06598,1,0.60363,0.66912,18.25916,1.05790,1,-0.03817,-0.03823,0.67870,0.00413,1,0.02536,-0.03560,0.65934,0.00393,1,0,0.00000,13
0.71166,0.21798,5684.31006,0.04492,13771,1,0.68252,0.29456,1,0.72241,0.18097,1,0.70247,0.23777,1,0.35357,0.67630,18.24947,1.05790,1,0.60363,0.66899,18.21258,1.05790,1,-0.03817,-0.03823,0.67870,0.00411,1,0.02536,-0.03560,0.65934,0.00391,1,0,0.00000,13
0.71043,0.22676,5684.31006,0.05176,13771,1,0.67509,0.32610,1,0.72613,0.26787,1,0.70061,0.29699,1,0.35363,0.67634,18.09623,1.05790,1,0.60371,0.66899,18.43981,1.05790,1,-0.03817,-0.03823,0.67870,0.00413,1,0.02536,-0.03560,0.65934,0.00396,1,0,0.00000,13
0.70945,0.23378,5684.31006,0.05811,13771,1,0.67509,0.32610,1,0.72613,0.26787,1,0.70061,0.29699,1,0.35357,0.67600,18.20459,1.05790,1,0.60364,0.66866,17.95490,1.05790,1,-0.03837,-0.03838,0.68233,0.00409,1,0.02536,-0.03560,0.65934,0.00392,1,0,0.00000,13
0.70925,0.23588,5684.31006,0.06445,13771,1,0.68107,0.30703,1,0.73335,0.20672,1,0.70721,0.25688,1,0.35364,0.67595,18.20072,1.05790,1,0.60359,0.66864,18.20927,1.05790,1,-0.03837,-0.03838,0.68233,0.00402,1,0.02536,-0.03560,0.65934,0.00387,1,0,0.00000,13
0.70917,0.23685,5684.31006,0.07178,13771,1,0.68194,0.29931,1,0.73478,0.19567,1,0.70836,0.24749,1,0.35364,0.67603,18.43412,1.05790,1,0.60355,0.66865,18.12139,1.05790,1,-0.03837,-0.03838,0.68233,0.00401,1,0.02536,-0.03560,0.65934,0.00382,1,0,0.00000,13
0.70911,0.23767,5684.31006,0.07812,13771,1,0.68194,0.29931,1,0.73478,0.19567,1,0.70836,0.24749,1,0.35359,0.67586,18.31170,1.05790,1,0.60375,0.66870,18.39939,1.05790,1,-0.03837,-0.03838,0.68233,0.00402,1,0.02536,-0.03556,0.65935,0.00393,1,0,0.00000,13
0.70930,0.23796,5684.31006,0.08447,13771,1,0.68981,0.29707,1,0.73364,0.18648,1,0.71172,0.24177,1,0.35365,0.67587,18.50333,1.05790,1,0.60359,0.66854,18.52187,1.05790,1,-0.03837,-0.03838,0.68233,0.00403,1,0.02536,-0.03556,0.65935,0.00393,1,0,0.00000,13
0.70929,0.23726,5684.31006,0.09131,13771,1,0.68174,0.27894,1,0.73669,0.17575,1,0.70922,0.22734,1,0.35371,0.67595,18.63449,1.05790,1,0.60363,0.66861,18.56544,1.05790,1,-0.03837,-0.03838,0.68233,0.00403,1,0.02536,-0.03556,0.65935,0.00393,1,0,0.00000,13
0.70935,0.23642,5684.31006,0.09814,13771,1,0.68174,0.27894,1,0.73884,0.16895,1,0.71029,0.22394,1,0.35358,0.67585,18.74566,1.05790,1,0.60364,0.66864,18.73103,1.06598,1,-0.03837,-0.03838,0.68233,0.00390,1,0.02656,-0.03716,0.68905,0.00391,1,0,0.00000,13
0.70887,0.23703,5684.31006,0.10498,13771,1,0.69375,0.26582,1,0.70833,0.22769,1,0.70104,0.24676,1,0.35372,0.67564,18.10704,1.06598,1,0.60363,0.66862,18.78171,1.07407,1,-0.03837,-0.03838,0.68233,0.00406,1,0.02656,-0.03716,0.68905,0.00397,1,0,0.00000,13
0.70830,0.23615,5684.31006,0.11133,13771,1,0.68431,0.22894,1,0.71316,0.21324,1,0.69874,0.22109,1,0.35367,0.67546,18.07143,1.07407,1,0.60373,0.66851,19.03565,1.08216,1,-0.03837,-0.03838,0.68233,0.00401,1,0.02656,-0.03716,0.68905,0.00398,1,0,0.00000,13
0.70791,0.23483,5684.31006,0.11816,13771,1,0.68433,0.22255,1,0.71730,0.19960,1,0.70082,0.21107,1,0.35384,0.67530,17.85869,1.08216,1,0.60375,0.66845,18.91118,1.09942,1,-0.03836,-0.03827,0.68219,0.00402,1,0.02723,-0.03797,0.70503,0.00387,1,0,0.00000,13
0.70875,0.23451,5684.31006,0.12500,13771,1,0.70753,0.26866,1,0.74205,0.18831,1,0.72479,0.22849,1,0.35372,0.67515,17.64788,1.09942,1,0.60381,0.66849,19.05530,1.10858,1,-0.03836,-0.03827,0.68219,0.00401,1,0.02723,-0.03797,0.70503,0.00388,1,0,0.00000,13
0.70901,0.23386,5684.31006,0.13330,13771,1,0.70086,0.24250,1,0.72763,0.19913,1,0.71424,0.22081,1,0.35409,0.67532,18.51385,1.10858,1,0.60408,0.66821,18.59023,1.11775,1,-0.03836,-0.03827,0.68219,0.00410,1,0.02723,-0.03797,0.70503,0.00389,1,0,0.00000,13
0.70926,0.23311,5684.31006,0.13916,13771,1,0.70101,0.23557,1,0.72763,0.19913,1,0.71432,0.21735,1,0.35443,0.67540,18.46971,1.11775,1,0.60446,0.66840,18.65329,1.11775,1,-0.03687,-0.03698,0.65910,0.00414,1,0.02612,-0.03622,0.67262,0.00401,1,0,0.00000,13
0.71227,0.23303,5684.31006,0.14551,13771,1,0.76938,0.27042,1,0.78757,0.19231,1,0.77847,0.23136,1,0.35547,0.67515,18.97303,1.11775,1,0.60530,0.66841,18.92944,1.10858,1,-0.03687,-0.03698,0.65910,0.00424,1,0.02612,-0.03622,0.67262,0.00405,1,0,0.00000,13
0.71654,0.23283,5684.31006,0.15479,13771,1,0.78801,0.25513,1,0.84189,0.20131,1,0.81495,0.22822,1,0.35596,0.67501,18.70129,1.10858,1,0.60561,0.66846,18.65622,1.09942,1,-0.03687,-0.03698,0.65910,0.00417,1,0.02612,-0.03622,0.67262,0.00404,1,0,0.00000,13
0.72040,0.23293,5684.31006,0.16016,13771,1,0.78717,0.26210,1,0.83872,0.20845,1,0.81294,0.23527,1,0.35662,0.67512,19.18123,1.09942,1,0.60602,0.66840,19.01211,1.09025,1,-0.03819,-0.03840,0.68633,0.00413,1,0.02673,-0.03677,0.68286,0.00393,1,0,0.00000,13
0.72399,0.23252,5684.31006,0.16797,13771,1,0.78456,0.26599,1,0.84317,0.17874,1,0.81386,0.22236,1,0.35676,0.67490,19.19996,1.09025,1,0.60618,0.66847,18.91812,1.09025,1,-0.03819,-0.03840,0.68633,0.00417,1,0.02673,-0.03677,0.68286,0.00393,1,0,0.00000,13
0.72643,0.23224,5684.31006,0.17188,13771,1,0.77330,0.25825,1,0.80627,0.19149,1,0.78978,0.22487,1,0.35683,0.67485,19.04005,1.09025,1,0.60621,0.66846,18.96654,1.09025,1,-0.03819,-0.03840,0.68633,0.00416,1,0.02673,-0.03677,0.68286,0.00393,1,0,0.00000,13
0.75460,0.22574,5684.31006,0.17188,13771,0,0.77330,0.25825,1,0.80918,0.18419,1,0.79124,0.22122,1,0.35673,0.67484,19.24261,1.09025,1,0.60625,0.66847,19.18628,1.09942,1,-0.03819,-0.03840,0.68633,0.00416,1,0.02810,-0.03859,0.71661,0.00396,1,0,0.00000,13
0.78436,0.22002,5684.31006,0.17188,13771,0,0.77819,0.24784,1,0.85005,0.18078,1,0.81412,0.21431,1,0.35670,0.67484,19.10874,1.09942,1,0.60655,0.66813,18.56266,1.10858,1,-0.03819,-0.03840,0.68633,0.00414,1,0.02810,-0.03859,0.71661,0.00395,1,0,0.00000,13
0.78970,0.21289,5684.31006,0.17188,13771,0,0.77674,0.22488,1,0.82404,0.17238,1,0.80039,0.19863,1,0.35678,0.67483,19.15028,1.10858,1,0.60642,0.66823,18.40926,1.11775,1,-0.03819,-0.03840,0.68633,0.00413,1,0.02810,-0.03859,0.71661,0.00403,1,0,0.00000,13
0.79247,0.20843,5684.48877,0.02051,13772,1,0.77748,0.21767,1,0.82404,0.17238,1,0.80076,0.19502,1,0.35684,0.67494,20.11763,1.11775,1,0.60648,0.66829,18.70781,1.11775,1,-0.03708,-0.03724,0.66641,0.00413,1,0.02682,-0.03675,0.68250,0.00403,1,0,0.00000,13
0.79098,0.20359,5684.48877,0.02783,13772,1,0.77758,0.19359,1,0.79251,0.17495,1,0.78505,0.18427,1,0.35680,0.67481,19.60208,1.11775,1,0.60660,0.66829,19.18030,1.10858,1,-0.03708,-0.03724,0.66641,0.00413,1,0.02682,-0.03675,0.68250,0.00398,1,0,0.00000,13
0.78933,0.20160,5684.48877,0.03418,13772,1,0.78432,0.19180,1,0.77778,0.19144,1,0.78105,0.19162,1,0.35678,0.67481,19.64868,1.10858,1,0.60661,0.66841,19.04072,1.09942,1,-0.03708,-0.03724,0.66641,0.00411,1,0.02682,-0.03675,0.68250,0.00403,1,0,0.00000,13
0.78797,0.20066,5684.48877,0.04004,13772,1,0.78430,0.19197,1,0.77537,0.19801,1,0.77984,0.19499,1,0.35675,0.67458,19.39078,1.10838,1,0.60669,0.66840,18.94771,1.09112,1,-0.03907,-0.03940,0.70515,0.00415,1,0.02599,-0.03555,0.66020,0.00402,1,0,0.00000,13
0.78766,0.20252,5684.48877,0.04688,13772,1,0.77449,0.26244,1,0.79644,0.16865,1,0.78547,0.21554,1,0.35666,0.67426,18.67106,1.10008,1,0.60657,0.66817,19.15643,1.09199,1,-0.03907,-0.03940,0.70515,0.00417,1,0.02599,-0.03555,0.66020,0.00394,1,0,0.00000,13
0.78827,0.20372,5684.48877,0.05420,13772,1,0.78315,0.25801,1,0.80310,0.16866,1,0.79313,0.21333,1,0.35680,0.67431,18.74037,1.10095,1,0.60667,0.66831,19.16293,1.09286,1,-0.03907,-0.03940,0.70515,0.00425,1,0.02599,-0.03555,0.66020,0.00401,1,0,0.00000,13
0.78890,0.20428,5684.48877,0.06055,13772,1,0.78323,0.25735,1,0.80591,0.16136,1,0.79457,0.20935,1,0.35688,0.67429,18.73063,1.10182,1,0.60672,0.66839,19.27128,1.10182,1,-0.03907,-0.03929,0.70515,0.00424,1,0.02661,-0.03633,0.67474,0.00398,1,0,0.00000,13
0.79025,0.20293,5684.48877,0.06738,13772,1,0.78597,0.24751,1,0.82170,0.13142,1,0.80383,0.18946,1,0.35674,0.67422,18.73296,1.10182,1,0.60664,0.66849,19.45640,1.10991,1,-0.03907,-0.03929,0.70515,0.00412,1,0.02661,-0.03633,0.67474,0.00397,1,0,0.00000,13
0.79133,0.20342,5684.48877,0.07373,13772,1,0.78171,0.25612,1,0.82470,0.16130,1,0.80320,0.20871,1,0.35670,0.67425,18.65297,1.10991,1,0.60667,0.66860,19.58109,1.11800,1,-0.03907,-0.03929,0.70515,0.00419,1,0.02661,-0.03633,0.67474,0.00400,1,0,0.00000,13
0.79235,0.20359,5684.48877,0.08057,13772,1,0.78163,0.25678,1,0.82739,0.15465,1,0.80451,0.20571,1,0.35656,0.67478,19.56601,1.10904,1,0.60667,0.66872,19.19956,1.12629,1,-0.03819,-0.03840,0.68633,0.00412,1,0.02737,-0.03764,0.69800,0.00400,1,0,0.00000,13
0.78829,0.20557,5684.48877,0.08740,13772,1,0.71309,0.24615,1,0.75793,0.21631,1,0.73551,0.23123,1,0.35616,0.67590,19.73987,1.11733,1,0.60572,0.66932,18.91559,1.12650,1,-0.03819,-0.03840,0.68633,0.00416,1,0.02737,-0.03764,0.69800,0.00397,1,0,0.00000,13
0.78239,0.21171,5684.48877,0.09375,13772,1,0.66027,0.30251,1,0.73941,0.29287,1,0.69984,0.29769,1,0.35500,0.67718,20.31381,1.11754,1,0.60465,0.67065,19.25924,1.12671,1,-0.03819,-0.03840,0.68633,0.00431,1,0.02737,-0.03764,0.69800,0.00405,1,0,0.00000,13
0.77716,0.21727,5684.48877,0.10156,13772,1,0.66026,0.30237,1,0.73713,0.29904,1,0.69870,0.30070,1,0.35388,0.67828,20.02856,1.11775,1,0.60303,0.67168,19.19064,1.11775,1,-0.03817,-0.03853,0.67870,0.00425,1,0.02564,-0.03670,0.67309,0.00398,1,0,0.00000,13
0.76498,0.23348,5684.48877,0.10693,13772,1,0.53268,0.48182,1,0.60758,0.50378,1,0.57013,0.49280,1,0.35141,0.68040,19.77684,1.11775,1,0.60102,0.67325,18.97153,1.10858,1,-0.03817,-0.03853,0.67870,0.00429,1,0.02564,-0.03670,0.67309,0.00414,1,0,0.00000,13
0.73032,0.27730,5684.48877,0.10693,13772,0,0.46755,0.61016,1,0.52279,0.52606,1,0.49517,0.56811,1,0.35012,0.68143,19.11372,1.10858,1,0.59904,0.67436,20.08541,1.09942,1,-0.03817,-0.03853,0.67870,0.00436,1,0.02564,-0.03670,0.67309,0.00409,1,0,0.00000,13
0.61285,0.42583,5684.48877,0.10693,13772,0,0.46927,0.61384,1,0.52149,0.53488,1,0.49538,0.57436,1,0.34895,0.68269,19.89874,1.09942,1,0.59804,0.67488,18.75552,1.08216,1,-0.03854,-0.03875,0.67445,0.00438,1,0.02446,-0.03642,0.66161,0.00416,1,0,0.00000,13
0.55810,0.49087,5684.48877,0.10693,13772,0,0.42961,0.59632,1,0.46755,0.64555,1,0.44858,0.62094,1,0.34765,0.68338,19.69970,1.08216,1,0.59660,0.67555,19.65073,1.07407,1,-0.03854,-0.03875,0.67445,0.00432,1,0.02446,-0.03642,0.66161,0.00406,1,0,0.00000,13
0.45762,0.60567,5684.48877,0.10693,13772,0,0.40579,0.61561,1,0.45199,0.62779,1,0.42889,0.62170,1,0.34743,0.68341,20.10134,1.07407,1,0.59639,0.67549,19.52262,1.06599,1,-0.03854,-0.03875,0.67445,0.00432,1,0.02446,-0.03642,0.66161,0.00407,1,0,0.00000,13
0.44373,0.61538,5684.48877,0.10693,13772,0,0.40781,0.61889,1,0.45187,0.63131,1,0.42984,0.62510,1,0.34690,0.68352,19.75759,1.06599,1,0.59624,0.67561,19.10312,1.05790,1,-0.03859,-0.03860,0.67189,0.00431,1,0.02395,-0.03605,0.65312,0.00407,1,0,0.00000,13
0.43754,0.62255,5684.48877,0.10693,13772,0,0.39230,0.61572,1,0.45803,0.65805,1,0.42517,0.63689,1,0.34683,0.68350,20.00041,1.05790,1,0.59634,0.67552,18.97162,1.05790,1,-0.03859,-0.03860,0.67189,0.00432,1,0.02395,-0.03605,0.65312,0.00404,1,0,0.00000,13
0.43953,0.62810,5684.62354,0.01904,13773,1,0.45063,0.65641,1,0.44032,0.63308,1,0.44548,0.64474,1,0.34673,0.68371,19.97736,1.05790,1,0.59629,0.67554,18.61428,1.05790,1,-0.03859,-0.03860,0.67189,0.00432,1,0.02395,-0.03605,0.65312,0.00410,1,0,0.00000,13
0.44053,0.63035,5684.62354,0.02588,13773,1,0.44872,0.65302,1,0.44038,0.62567,1,0.44455,0.63935,1,0.34666,0.68363,20.02483,1.06686,1,0.59607,0.67562,19.21922,1.07494,1,-0.04052,-0.04032,0.70275,0.00430,1,0.02509,-0.03780,0.68576,0.00405,1,0,0.00000,13
0.43759,0.63042,5684.62354,0.03320,13773,1,0.41826,0.63273,1,0.42754,0.62878,1,0.42290,0.63075,1,0.34638,0.68375,19.78087,1.08390,1,0.59599,0.67561,19.32152,1.09199,1,-0.04052,-0.04032,0.70275,0.00428,1,0.02509,-0.03780,0.68576,0.00403,1,0,0.00000,13
0.43407,0.63133,5684.62354,0.04102,13773,1,0.40488,0.65152,1,0.42105,0.62207,1,0.41297,0.63680,1,0.34628,0.68378,19.67213,1.10095,1,0.59600,0.67557,19.30280,1.10904,1,-0.04052,-0.04032,0.70275,0.00429,1,0.02509,-0.03780,0.68576,0.00406,1,0,0.00000,13
0.43130,0.63137,5684.62354,0.04590,13773,1,0.40290,0.64857,1,0.42081,0.61474,1,0.41185,0.63166,1,0.34606,0.68374,19.41438,1.10904,1,0.59590,0.67552,19.24286,1.12629,1,0.00000,0.00000,0.00000,0.00427,0,0.02555,-0.03852,0.69978,0.00403,1,0,0.00000,13
0.43138,0.63001,5684.62354,0.05322,13773,1,0.37781,0.64144,1,0.48634,0.59679,1,0.43207,0.61912,1,0.34596,0.68388,19.57577,1.11733,1,0.59568,0.67543,19.26271,1.12650,1,0.00000,0.00000,0.00000,0.00433,0,0.02555,-0.03852,0.69978,0.00410,1,0,0.00000,13
0.43283,0.62908,5684.62354,0.05957,13773,1,0.41191,0.64527,1,0.47977,0.59618,1,0.44584,0.62073,1,0.34589,0.68388,19.42900,1.11754,1,0.59566,0.67535,19.09392,1.12671,1,0.00000,0.00000,0.00000,0.00429,0,0.02555,-0.03852,0.69978,0.00409,1,0,0.00000,13
0.43391,0.62817,5684.62354,0.06641,13773,1,0.40975,0.64193,1,0.47977,0.59618,1,0.44476,0.61906,1,0.34592,0.68384,20.00100,1.12671,1,0.59572,0.67539,18.83749,1.12671,1,-0.04031,-0.04001,0.69547,0.00426,1,0.02459,-0.03720,0.67491,0.00413,1,0,0.00000,13
0.43445,0.62696,5684.62354,0.07275,13773,1,0.41750,0.63496,1,0.46319,0.59246,1,0.44035,0.61371,1,0.34567,0.68386,19.73238,1.13567,1,0.59560,0.67530,19.03363,1.12650,1,-0.04031,-0.04001,0.69547,0.00430,1,0.02459,-0.03720,0.67491,0.00408,1,0,0.00000,13
0.43478,0.62480,5684.62354,0.07959,13773,1,0.40925,0.62128,1,0.46815,0.57649,1,0.43870,0.59889,1,0.34563,0.68395,19.60559,1.13546,1,0.59557,0.67531,19.13633,1.12629,1,-0.04031,-0.04001,0.69547,0.00428,1,0.02459,-0.03720,0.67491,0.00405,1,0,0.00000,13
0.43507,0.62281,5684.62354,0.08740,13773,1,0.40930,0.62136,1,0.46840,0.57240,1,0.43885,0.59688,1,0.34549,0.68386,19.55993,1.13525,1,0.59554,0.67523,18.77860,1.13525,1,-0.04031,-0.04001,0.69547,0.00428,1,0.02516,-0.03809,0.69185,0.00410,1,0,0.00000,13
0.43412,0.62017,5684.62354,0.09277,13773,1,0.39266,0.61586,1,0.44912,0.55048,1,0.42089,0.58317,1,0.34535,0.68394,19.57670,1.13525,1,0.59558,0.67524,18.77826,1.14442,1,-0.04031,-0.04001,0.69547,0.00422,1,0.02516,-0.03809,0.69185,0.00405,1,0,0.00000,13
0.43307,0.61820,5684.62354,0.10010,13773,1,0.38474,0.62550,1,0.44998,0.55200,1,0.41736,0.58875,1,0.34548,0.68383,19.72731,1.14442,1,0.59550,0.67520,18.90333,1.15358,1,-0.04031,-0.04001,0.69547,0.00426,1,0.02516,-0.03809,0.69185,0.00402,1,0,0.00000,13
0.43209,0.61624,5684.62354,0.10645,13773,1,0.38242,0.62210,1,0.45009,0.54771,1,0.41625,0.58491,1,0.34536,0.68383,19.65847,1.15358,1,0.59531,0.67489,18.75774,1.16275,1,-0.04031,-0.04001,0.69547,0.00426,1,0.02580,-0.03901,0.70957,0.00403,1,0,0.00000,13
0.43076,0.61392,5684.62354,0.11279,13773,1,0.37723,0.60831,1,0.43914,0.54063,1,0.40818,0.57447,1,0.34538,0.68371,19.72471,1.16275,1,0.59543,0.67505,18.57864,1.16275,1,-0.04031,-0.04001,0.69547,0.00434,1,0.02580,-0.03901,0.70957,0.00404,1,0,0.00000,13
0.42960,0.61178,5684.62354,0.12158,13773,1,0.38558,0.60808,1,0.43182,0.53839,1,0.40870,0.57323,1,0.34533,0.68372,19.51376,1.16275,1,0.59513,0.67478,18.84583,1.16275,1,-0.04031,-0.04001,0.69547,0.00428,1,0.02580,-0.03901,0.70957,0.00409,1,0,0.00000,13
0.42861,0.61005,5684.62354,0.12695,13773,1,0.38780,0.61147,1,0.43185,0.54266,1,0.40983,0.57706,1,0.34532,0.68376,19.56395,1.15379,1,0.59504,0.67499,19.21531,1.15379,1,-0.03968,-0.03928,0.68374,0.00424,1,0.02516,-0.03798,0.69185,0.00412,1,0,0.00000,13
0.42786,0.60743,5684.62354,0.13525,13773,1,0.38425,0.58519,1,0.44175,0.52510,1,0.41300,0.55515,1,0.34532,0.68361,19.63289,1.14483,1,0.59510,0.67501,19.18167,1.14483,1,-0.03968,-0.03928,0.68374,0.00430,1,0.02516,-0.03798,0.69185,0.00413,1,0,0.00000,13
0.42730,0.60596,5684.62354,0.14111,13773,1,0.38160,0.60249,1,0.44927,0.54770,1,0.41543,0.57510,1,0.34529,0.68374,19.64901,1.13588,1,0.59510,0.67502,19.50621,1.13588,1,-0.03968,-0.03928,0.68374,0.00423,1,0.02516,-0.03798,0.69185,0.00402,1,0,0.00000,13
0.42683,0.60497,5684.62354,0.14648,13773,1,0.38390,0.60600,1,0.44899,0.56026,1,0.41645,0.58313,1,0.34531,0.68351,19.37701,1.12692,1,0.59531,0.67489,19.32342,1.10966,1,-0.03988,-0.03943,0.68718,0.00432,1,0.02416,-0.03648,0.66449,0.00404,1,0,0.00000,13
0.42656,0.60474,5684.62354,0.15332,13773,1,0.38964,0.58755,1,0.45126,0.61123,1,0.42045,0.59939,1,0.34535,0.68349,19.49321,1.10966,1,0.59538,0.67488,19.31420,1.09241,1,-0.03988,-0.03943,0.68718,0.00432,1,0.02416,-0.03648,0.66449,0.00407,1,0,0.00000,13
0.42666,0.60484,5684.62354,0.16016,13773,1,0.40335,0.60336,1,0.45473,0.61122,1,0.42904,0.60729,1,0.34538,0.68342,19.70010,1.09241,1,0.59546,0.67491,19.24034,1.07515,1,-0.03988,-0.03943,0.68718,0.00429,1,0.02416,-0.03648,0.66449,0.00405,1,0,0.00000,13
0.42683,0.60507,5684.62354,0.16699,13773,1,0.40763,0.61041,1,0.45473,0.61122,1,0.43118,0.61082,1,0.34553,0.68344,19.78210,1.07515,1,0.59557,0.67495,19.33472,1.07515,1,-0.03988,-0.03943,0.68718,0.00437,1,0.02555,-0.03842,0.69979,0.00399,1,0,0.00000,13
0.42759,0.60439,5684.62354,0.17334,13773,1,0.41946,0.58667,1,0.47472,0.58685,1,0.44709,0.58676,1,0.34560,0.68356,20.05089,1.07515,1,0.59564,0.67503,19.21055,1.09241,1,-0.03988,-0.03943,0.68718,0.00434,1,0.02555,-0.03842,0.69979,0.00407,1,0,0.00000,13
0.42776,0.60366,5684.62354,0.18066,13773,1,0.42089,0.58596,1,0.44415,0.58196,1,0.43252,0.58396,1,0.34568,0.68333,20.00487,1.09241,1,0.59570,0.67469,18.90521,1.10966,1,-0.03988,-0.03943,0.68718,0.00424,1,0.02555,-0.03842,0.69979,0.00402,1,0,0.00000,13
0.42782,0.60258,5684.62354,0.18750,13773,1,0.41481,0.57485,1,0.44432,0.56990,1,0.42957,0.57237,1,0.34578,0.68338,20.26425,1.11862,1,0.59534,0.67515,19.90106,1.13588,1,-0.04063,-0.04022,0.70104,0.00425,1,0.02515,-0.03761,0.68604,0.00406,1,0,0.00000,13
0.42809,0.60193,5684.62354,0.19336,13773,1,0.42002,0.56104,1,0.45135,0.60468,1,0.43569,0.58286,1,0.34580,0.68336,20.26201,1.14483,1,0.59540,0.67520,19.96205,1.14483,1,-0.04063,-0.04022,0.70104,0.00426,1,0.02515,-0.03761,0.68604,0.00407,1,0,0.00000,13
0.42774,0.60209,5684.62354,0.20020,13773,1,0.41686,0.63055,1,0.41814,0.58357,1,0.41750,0.60706,1,0.34579,0.68338,20.26647,1.15379,1,0.59542,0.67527,20.20936,1.15379,1,-0.04063,-0.04022,0.70104,0.00424,1,0.02515,-0.03761,0.68604,0.00402,1,0,0.00000,13
0.42739,0.60213,5684.62354,0.20654,13773,1,0.41486,0.62727,1,0.41800,0.57961,1,0.41643,0.60344,1,0.34580,0.68336,20.25346,1.16275,1,0.59543,0.67529,20.15582,1.16275,1,-0.04063,-0.04022,0.70104,0.00426,1,0.02637,-0.03949,0.71927,0.00407,1,0,0.00000,13
0.42677,0.60109,5684.62354,0.21338,13773,1,0.38624,0.60183,1,0.42731,0.53371,1,0.40677,0.56777,1,0.34591,0.68327,20.24465,1.16275,1,0.59543,0.67525,20.30407,1.16275,1,-0.04063,-0.04022,0.70104,0.00434,1,0.02637,-0.03949,0.71927,0.00406,1,0,0.00000,13
0.42646,0.59998,5684.62354,0.22021,13773,1,0.39771,0.60577,1,0.43478,0.52088,1,0.41624,0.56333,1,0.34594,0.68328,20.37236,1.16275,1,0.59556,0.67530,20.00229,1.16275,1,-0.04063,-0.04022,0.70104,0.00432,1,0.02637,-0.03949,0.71927,0.00407,1,0,0.00000,13
0.42616,0.59893,5684.62354,0.22705,13773,1,0.39771,0.60577,1,0.43478,0.52088,1,0.41624,0.56333,1,0.34594,0.68328,20.37236,1.16275,1,0.59559,0.67525,20.14790,1.16275,1,-0.04059,-0.04028,0.70204,0.00432,1,0.02637,-0.03949,0.71927,0.00408,1,0,0.00000,13
0.42615,0.59875,5684.62354,0.23389,13773,1,0.40475,0.62101,1,0.44638,0.56370,1,0.42556,0.59235,1,0.34592,0.68330,20.24889,1.16275,1,0.59578,0.67539,20.10200,1.16275,1,-0.04059,-0.04028,0.70204,0.00434,1,0.02637,-0.03949,0.71927,0.00414,1,0,0.00000,13
0.42596,0.59824,5684.62354,0.24023,13773,1,0.39774,0.60908,1,0.44070,0.55070,1,0.41922,0.57989,1,0.34595,0.68331,20.38938,1.16275,1,0.59564,0.67531,20.16536,1.16275,1,-0.04059,-0.04028,0.70204,0.00433,1,0.02637,-0.03949,0.71927,0.00405,1,0,0.00000,13
0.42583,0.59805,5684.62354,0.24658,13773,1,0.40175,0.61547,1,0.44059,0.56660,1,0.42117,0.59103,1,0.34602,0.68334,20.22981,1.14589,1,0.59561,0.67545,20.23163,1.12863,1,-0.03847,-0.03818,0.66539,0.00432,1,0.02637,-0.03949,0.71927,0.00406,1,0,0.00000,13
0.42571,0.59856,5684.62354,0.25391,13773,1,0.40808,0.65439,1,0.43411,0.58157,1,0.42110,0.61798,1,0.34588,0.68351,20.14559,1.11177,1,0.59553,0.67548,20.30657,1.09452,1,-0.03847,-0.03818,0.66539,0.00426,1,0.02637,-0.03949,0.71927,0.00406,1,0,0.00000,13
0.42561,0.59941,5684.62354,0.26025,13773,1,0.41654,0.65716,1,0.42637,0.60754,1,0.42145,0.63235,1,0.34591,0.68342,20.24012,1.07765,1,0.59554,0.67541,20.28214,1.06040,1,-0.03847,-0.03818,0.66539,0.00425,1,0.02637,-0.03949,0.71927,0.00401,1,0,0.00000,13
0.42558,0.60043,5684.62354,0.26709,13773,1,0.42284,0.66682,1,0.42654,0.61584,1,0.42469,0.64133,1,0.34599,0.68322,20.17318,1.05144,1,0.59558,0.67525,19.97401,1.04227,1,-0.03903,-0.03869,0.67427,0.00427,1,0.02637,-0.03949,0.71927,0.00408,1,0,0.00000,13
0.42539,0.59945,5684.62354,0.27344,13773,1,0.39578,0.58805,1,0.43935,0.53075,1,0.41756,0.55940,1,0.34591,0.68296,19.74021,1.05018,1,0.59569,0.67502,20.18674,1.05827,1,-0.03903,-0.03869,0.67427,0.00429,1,0.02637,-0.03949,0.71927,0.00403,1,0,0.00000,13
0.42616,0.59880,5684.62354,0.28027,13773,1,0.43085,0.58229,1,0.48588,0.56011,1,0.45836,0.57120,1,0.34595,0.68283,19.56911,1.06617,1,0.59568,0.67480,20.02913,1.07426,1,-0.03903,-0.03869,0.67427,0.00434,1,0.02637,-0.03949,0.71927,0.00405,1,0,0.00000,13
0.42686,0.59795,5684.62354,0.28711,13773,1,0.42719,0.57527,1,0.48699,0.54770,1,0.45709,0.56148,1,0.34605,0.68261,19.82594,1.08216,1,0.59599,0.67423,19.05909,1.09942,1,-0.03936,-0.03886,0.67994,0.00424,1,0.02592,-0.03892,0.70993,0.00410,1,0,0.00000,13
0.42758,0.59615,5684.62354,0.29346,13773,1,0.45658,0.55396,1,0.46170,0.47974,1,0.45914,0.51685,1,0.34607,0.68249,19.90091,1.09942,1,0.59583,0.67390,19.04662,1.10859,1,-0.03936,-0.03886,0.67994,0.00426,1,0.02592,-0.03892,0.70993,0.00408,1,0,0.00000,13
0.42812,0.59497,5684.62354,0.30176,13773,1,0.43638,0.57590,1,0.46801,0.50794,1,0.45219,0.54192,1,0.34599,0.68257,20.01985,1.10859,1,0.59575,0.67384,19.03709,1.11775,1,-0.03936,-0.03886,0.67994,0.00428,1,0.02592,-0.03892,0.70993,0.00403,1,0,0.00000,13
0.42859,0.59366,5684.62354,0.30713,13773,1,0.43249,0.56814,1,0.46849,0.49849,1,0.45049,0.53332,1,0.34535,0.68244,19.04047,1.12671,1,0.59555,0.67364,18.53192,1.13588,1,-0.04086,-0.04039,0.70306,0.00433,1,0.02545,-0.03841,0.70259,0.00409,1,0,0.00000,13
0.42883,0.59184,5684.62354,0.31396,13773,1,0.41247,0.49724,1,0.46735,0.51567,1,0.43991,0.50645,1,0.34515,0.68275,19.82658,1.14484,1,0.59492,0.67332,18.78309,1.14484,1,-0.04086,-0.04039,0.70306,0.00425,1,0.02545,-0.03841,0.70259,0.00409,1,0,0.00000,13
0.44154,0.56498,5684.62354,0.31396,13773,0,0.45355,0.50018,1,0.49710,0.51261,1,0.47533,0.50639,1,0.34481,0.68278,19.73422,1.15379,1,0.59471,0.67282,18.34653,1.15379,1,-0.04086,-0.04039,0.70306,0.00429,1,0.02545,-0.03841,0.70259,0.00403,1,0,0.00000,13
0.45790,0.53566,5684.62354,0.31396,13773,0,0.45184,0.49593,1,0.49669,0.51676,1,0.47426,0.50634,1,0.34439,0.68272,19.84296,1.16275,1,0.59415,0.67282,18.67041,1.14550,1,-0.04178,-0.04089,0.71166,0.00423,1,0.02372,-0.03611,0.66309,0.00409,1,0,0.00000,13
0.45357,0.51838,5684.62354,0.31396,13773,0,0.43460,0.50737,1,0.45519,0.46027,1,0.44490,0.48382,1,0.34367,0.68278,19.76867,1.14550,1,0.59332,0.67241,18.96086,1.12824,1,-0.04178,-0.04089,0.71166,0.00424,1,0.02372,-0.03611,0.66309,0.00409,1,0,0.00000,13
0.45649,0.52130,5684.94434,0.02002,13774,1,0.45224,0.49773,1,0.47830,0.56240,1,0.46527,0.53006,1,0.34334,0.68282,20.05003,1.12824,1,0.59281,0.67218,19.07401,1.11099,1,-0.04178,-0.04089,0.71166,0.00423,1,0.02372,-0.03611,0.66309,0.00401,1,0,0.00000,13
0.45839,0.52334,5684.94434,0.02686,13774,1,0.45362,0.50115,1,0.47834,0.56189,1,0.46598,0.53152,1,0.34278,0.68268,19.75001,1.12123,1,0.59247,0.67227,18.53783,1.11206,1,-0.04292,-0.04152,0.72272,0.00424,1,0.02385,-0.03696,0.68258,0.00427,1,0,0.00000,13
0.45311,0.51555,5684.94434,0.03467,13774,1,0.40262,0.48266,1,0.45083,0.47053,1,0.42672,0.47659,1,0.34197,0.68263,19.71586,1.12230,1,0.59149,0.67165,18.94481,1.13039,1,-0.04292,-0.04152,0.72272,0.00419,1,0.02385,-0.03696,0.68258,0.00405,1,0,0.00000,13
0.45299,0.50671,5684.94434,0.04053,13774,1,0.42442,0.47593,1,0.48010,0.43137,1,0.45226,0.45365,1,0.34151,0.68255,19.45019,1.14062,1,0.59060,0.67167,19.86676,1.14871,1,-0.04292,-0.04152,0.72272,0.00425,1,0.02385,-0.03696,0.68258,0.00399,1,0,0.00000,13
0.45293,0.49981,5684.94434,0.04688,13774,1,0.42461,0.47636,1,0.48040,0.42662,1,0.45250,0.45149,1,0.34075,0.68249,19.43647,1.13975,1,0.59029,0.67117,18.71242,1.15701,1,-0.04111,-0.03917,0.68355,0.00423,1,0.02413,-0.03792,0.70425,0.00406,1,0,0.00000,13
0.45293,0.50260,5684.94434,0.05371,13774,1,0.44433,0.56238,1,0.46157,0.48745,1,0.45295,0.52491,1,0.33997,0.68232,19.62473,1.13781,1,0.58932,0.67069,18.68667,1.14698,1,-0.04111,-0.03917,0.68355,0.00424,1,0.02413,-0.03792,0.70425,0.00409,1,0,0.00000,13
0.45353,0.50215,5684.94434,0.06055,13774,1,0.44952,0.55545,1,0.46834,0.44072,1,0.45893,0.49809,1,0.33963,0.68231,19.71036,1.12778,1,0.58893,0.67072,19.01940,1.13695,1,-0.04111,-0.03917,0.68355,0.00420,1,0.02413,-0.03792,0.70425,0.00409,1,0,0.00000,13
0.45402,0.50206,5684.94434,0.06689,13774,1,0.44973,0.55593,1,0.46807,0.44657,1,0.45890,0.50125,1,0.33889,0.68221,19.30387,1.12671,1,0.58837,0.67045,18.58201,1.12671,1,-0.04291,-0.04033,0.70565,0.00421,1,0.02285,-0.03680,0.68330,0.00407,1,0,0.00000,13
0.45479,0.50588,5684.94434,0.07373,13774,1,0.42549,0.54982,1,0.50116,0.54591,1,0.46333,0.54786,1,0.33824,0.68228,19.57571,1.13567,1,0.58760,0.67015,18.49804,1.12650,1,-0.04291,-0.04033,0.70565,0.00422,1,0.02285,-0.03680,0.68330,0.00403,1,0,0.00000,13
0.45426,0.50759,5684.94434,0.08057,13774,1,0.44404,0.53646,1,0.45160,0.51964,1,0.44782,0.52805,1,0.33770,0.68214,19.10172,1.13546,1,0.58705,0.66984,18.82137,1.12629,1,-0.04291,-0.04033,0.70565,0.00433,1,0.02285,-0.03680,0.68330,0.00404,1,0,0.00000,13
0.45386,0.50920,5684.94434,0.08691,13774,1,0.44590,0.54060,1,0.45160,0.51964,1,0.44875,0.53012,1,0.33730,0.68209,19.79335,1.12629,1,0.58650,0.66976,18.41764,1.12629,1,-0.04116,-0.03835,0.67104,0.00422,1,0.02281,-0.03733,0.69617,0.00401,1,0,0.00000,13
0.45523,0.50971,5684.94434,0.09424,13774,1,0.44345,0.55474,1,0.50510,0.47917,1,0.47427,0.51695,1,0.33662,0.68221,19.48727,1.11734,1,0.58598,0.66971,19.04216,1.12650,1,-0.04116,-0.03835,0.67104,0.00426,1,0.02281,-0.03733,0.69617,0.00400,1,0,0.00000,13
0.45487,0.51021,5684.94434,0.10059,13774,1,0.43357,0.55767,1,0.46548,0.47763,1,0.44953,0.51765,1,0.33647,0.68219,19.85018,1.11754,1,0.58550,0.66964,18.76591,1.12671,1,-0.04116,-0.03835,0.67104,0.00418,1,0.02281,-0.03733,0.69617,0.00405,1,0,0.00000,13
0.45455,0.51079,5684.94434,0.10693,13774,1,0.43352,0.55758,1,0.46526,0.48250,1,0.44939,0.52004,1,0.33597,0.68230,19.53284,1.11775,1,0.58527,0.66951,18.57515,1.11775,1,-0.04156,-0.03835,0.67095,0.00426,1,0.02228,-0.03696,0.69111,0.00402,1,0,0.00000,13
0.45361,0.50862,5684.94434,0.11523,13774,1,0.40556,0.50834,1,0.46966,0.43532,1,0.43761,0.47183,1,0.33549,0.68235,19.54594,1.11775,1,0.58470,0.66910,18.47654,1.10859,1,-0.04156,-0.03835,0.67095,0.00427,1,0.02228,-0.03696,0.69111,0.00400,1,0,0.00000,13
0.45454,0.50962,5684.94434,0.12012,13774,1,0.41847,0.54366,1,0.52433,0.51136,1,0.47140,0.52751,1,0.33526,0.68242,19.35720,1.10859,1,0.58452,0.66915,18.53473,1.09942,1,-0.04156,-0.03835,0.67095,0.00425,1,0.02228,-0.03696,0.69111,0.00403,1,0,0.00000,13
0.45542,0.51074,5684.94434,0.12646,13774,1,0.42058,0.54782,1,0.52362,0.51616,1,0.47210,0.53199,1,0.33512,0.68257,19.86329,1.09942,1,0.58429,0.66896,18.12957,1.09025,1,-0.04257,-0.03930,0.68399,0.00422,1,0.02166,-0.03626,0.67814,0.00407,1,0,0.00000,13
0.45526,0.51152,5684.94434,0.13330,13774,1,0.41881,0.50217,1,0.48526,0.55241,1,0.45203,0.52729,1,0.33486,0.68245,19.75793,1.09025,1,0.58394,0.66898,18.50323,1.09025,1,-0.04257,-0.03930,0.68399,0.00422,1,0.02166,-0.03626,0.67814,0.00408,1,0,0.00000,13
0.45518,0.51310,5684.94434,0.14014,13774,1,0.44178,0.53024,1,0.46543,0.56214,1,0.45360,0.54619,1,0.33462,0.68247,18.96835,1.09025,1,0.58385,0.66900,18.34317,1.09025,1,-0.04257,-0.03930,0.68399,0.00422,1,0.02166,-0.03626,0.67814,0.00405,1,0,0.00000,13
0.45508,0.51435,5684.94434,0.14795,13774,1,0.43987,0.52599,1,0.46565,0.55779,1,0.45276,0.54189,1,0.33447,0.68276,19.11704,1.09921,1,0.58385,0.66910,18.35542,1.09921,1,-0.04391,-0.04049,0.70475,0.00423,1,0.02161,-0.03614,0.67669,0.00407,1,0,0.00000,13
0.45654,0.51449,5684.94434,0.15479,13774,1,0.46215,0.54638,1,0.51838,0.48892,1,0.49027,0.51765,1,0.33501,0.68302,19.81126,1.10817,1,0.58415,0.66916,18.45256,1.10817,1,-0.04391,-0.04049,0.70475,0.00413,1,0.02161,-0.03614,0.67669,0.00407,1,0,0.00000,13
0.45952,0.51389,5684.94434,0.16016,13774,1,0.49800,0.55967,1,0.56399,0.43917,1,0.53100,0.49942,1,0.33511,0.68290,19.09800,1.11713,1,0.58459,0.66927,18.25915,1.11713,1,-0.04391,-0.04049,0.70475,0.00417,1,0.02161,-0.03614,0.67669,0.00422,1,0,0.00000,13
0.46228,0.51305,5684.94434,0.16748,13774,1,0.49657,0.55569,1,0.56597,0.42870,1,0.53127,0.49220,1,0.33564,0.68301,19.57217,1.12609,1,0.58482,0.66915,18.63662,1.13525,1,-0.04403,-0.04069,0.70827,0.00420,1,0.02244,-0.03748,0.70084,0.00404,1,0,0.00000,13
0.46370,0.51110,5684.94434,0.17383,13774,1,0.48297,0.49374,1,0.51817,0.42672,1,0.50057,0.46023,1,0.33577,0.68310,19.14813,1.13525,1,0.58491,0.66932,19.08894,1.14442,1,-0.04403,-0.04069,0.70827,0.00421,1,0.02244,-0.03748,0.70084,0.00404,1,0,0.00000,13
0.46531,0.50937,5684.94434,0.18066,13774,1,0.48037,0.50663,1,0.53737,0.41884,1,0.50887,0.46274,1,0.33578,0.68310,19.15908,1.14442,1,0.58490,0.66944,18.98984,1.15359,1,-0.04403,-0.04069,0.70827,0.00424,1,0.02244,-0.03748,0.70084,0.00406,1,0,0.00000,13
0.46680,0.50759,5684.94434,0.18896,13774,1,0.47882,0.50227,1,0.53813,0.41354,1,0.50848,0.45790,1,0.33578,0.68310,19.15908,1.15359,1,0.58494,0.66947,18.72666,1.16275,1,-0.04350,-0.04026,0.69980,0.00424,1,0.02244,-0.03748,0.70084,0.00410,1,0,0.00000,13
0.46804,0.50532,5684.94434,0.19580,13774,1,0.50263,0.46521,1,0.50517,0.41339,1,0.50390,0.43930,1,0.33577,0.68328,19.58065,1.16275,1,0.58494,0.66950,18.75596,1.16275,1,-0.04350,-0.04026,0.69980,0.00415,1,0.02244,-0.03748,0.70084,0.00410,1,0,0.00000,13
0.49284,0.49394,5684.94434,0.19580,13774,0,0.51582,0.47870,1,0.50254,0.42240,1,0.50918,0.45055,1,0.33576,0.68337,19.21538,1.16275,1,0.58521,0.66964,18.35984,1.16275,1,-0.04350,-0.04026,0.69980,0.00415,1,0.02244,-0.03748,0.70084,0.00405,1,0,0.00000,13
0.50101,0.47225,5684.94434,0.19580,13774,0,0.51582,0.47870,1,0.50254,0.42240,1,0.50918,0.45055,1,0.33586,0.68349,19.20012,1.16275,1,0.58520,0.66962,18.37970,1.16275,1,-0.04403,-0.04090,0.70827,0.00416,1,0.02244,-0.03748,0.70084,0.00401,1,0,0.00000,13
0.50639,0.46974,5684.94434,0.19580,13774,0,0.52130,0.50698,1,0.51303,0.42247,1,0.51716,0.46473,1,0.33597,0.68366,19.66217,1.16275,1,0.58516,0.66950,18.15431,1.16275,1,-0.04403,-0.04090,0.70827,0.00413,1,0.02244,-0.03748,0.70084,0.00410,1,0,0.00000,13
0.50971,0.47262,5685.14746,0.01807,13775,1,0.52630,0.50524,1,0.51298,0.45729,1,0.51964,0.48127,1,0.33594,0.68374,19.61447,1.16275,1,0.58518,0.66966,18.32595,1.16275,1,-0.04403,-0.04090,0.70827,0.00415,1,0.02244,-0.03748,0.70084,0.00405,1,0,0.00000,13
0.51159,0.47529,5685.14746,0.02441,13775,1,0.52630,0.50524,1,0.51190,0.46665,1,0.51910,0.48595,1,0.33594,0.68374,19.65385,1.16275,1,0.58514,0.66970,18.91607,1.14550,1,-0.04403,-0.04090,0.70827,0.00414,1,0.02052,-0.03412,0.63799,0.00402,1,0,0.00000,13
0.51494,0.48091,5685.14746,0.03125,13775,1,0.53182,0.54070,1,0.53162,0.47730,1,0.53172,0.50900,1,0.33599,0.68381,19.53877,1.14550,1,0.58516,0.66973,18.76985,1.12824,1,-0.04403,-0.04090,0.70827,0.00415,1,0.02052,-0.03412,0.63799,0.00402,1,0,0.00000,13
0.51407,0.48477,5685.14746,0.03809,13775,1,0.49109,0.54056,1,0.52658,0.47534,1,0.50884,0.50795,1,0.33600,0.68379,19.37854,1.12824,1,0.58527,0.66970,18.43582,1.11099,1,-0.04403,-0.04090,0.70827,0.00414,1,0.02052,-0.03412,0.63799,0.00407,1,0,0.00000,13
0.51360,0.48904,5685.14746,0.04492,13775,1,0.49538,0.55250,1,0.52518,0.48532,1,0.51028,0.51891,1,0.33604,0.68384,19.21054,1.10203,1,0.58534,0.66964,18.44128,1.09286,1,-0.04156,-0.03875,0.67095,0.00417,1,0.02165,-0.03595,0.67141,0.00404,1,0,0.00000,13
0.51408,0.49516,5685.14746,0.05127,13775,1,0.46939,0.56776,1,0.56657,0.52053,1,0.51798,0.54414,1,0.33607,0.68382,18.84211,1.08390,1,0.58551,0.66980,18.53249,1.09199,1,-0.04156,-0.03875,0.67095,0.00423,1,0.02165,-0.03595,0.67141,0.00403,1,0,0.00000,13
0.51529,0.49681,5685.14746,0.05859,13775,1,0.48768,0.50954,1,0.56467,0.51375,1,0.52618,0.51164,1,0.33611,0.68371,18.80095,1.08303,1,0.58556,0.66978,18.42833,1.09112,1,-0.04156,-0.03875,0.67095,0.00421,1,0.02165,-0.03595,0.67141,0.00403,1,0,0.00000,13
0.51633,0.49798,5685.14746,0.06494,13775,1,0.48783,0.50998,1,0.56561,0.50940,1,0.52672,0.50969,1,0.33628,0.68398,18.94743,1.08216,1,0.58560,0.66969,18.20694,1.09942,1,-0.04156,-0.03875,0.67095,0.00420,1,0.02283,-0.03783,0.70644,0.00402,1,0,0.00000,13
0.51709,0.50253,5685.14746,0.07129,13775,1,0.51272,0.58351,1,0.53819,0.52167,1,0.52546,0.55259,1,0.33616,0.68387,18.34450,1.09942,1,0.58569,0.66974,18.59887,1.10859,1,-0.04156,-0.03875,0.67095,0.00424,1,0.02283,-0.03783,0.70644,0.00403,1,0,0.00000,13
0.51703,0.50629,5685.14746,0.07812,13775,1,0.51794,0.57036,1,0.51470,0.53247,1,0.51632,0.55142,1,0.33629,0.68396,18.30435,1.10859,1,0.58586,0.66973,18.15590,1.11775,1,-0.04156,-0.03875,0.67095,0.00425,1,0.02283,-0.03783,0.70644,0.00405,1,0,0.00000,13
0.51691,0.50907,5685.14746,0.08496,13775,1,0.51534,0.56239,1,0.51530,0.52802,1,0.51532,0.54520,1,0.33663,0.68407,19.44947,1.12671,1,0.58598,0.66990,18.02455,1.12671,1,-0.04344,-0.04060,0.70214,0.00407,1,0.02195,-0.03612,0.67450,0.00416,1,0,0.00000,13
0.51640,0.50815,5685.14746,0.09131,13775,1,0.47723,0.51718,1,0.54130,0.47351,1,0.50926,0.49534,1,0.33680,0.68408,19.10448,1.13567,1,0.58605,0.67005,18.13606,1.12650,1,-0.04344,-0.04060,0.70214,0.00411,1,0.02195,-0.03612,0.67450,0.00406,1,0,0.00000,13
0.51639,0.50657,5685.14746,0.09766,13775,1,0.48658,0.49819,1,0.54590,0.46732,1,0.51624,0.48275,1,0.33683,0.68404,19.26730,1.13546,1,0.58622,0.67000,18.13626,1.12629,1,-0.04344,-0.04060,0.70214,0.00406,1,0.02195,-0.03612,0.67450,0.00407,1,0,0.00000,13
0.51643,0.50530,5685.14746,0.10498,13775,1,0.48810,0.50266,1,0.54590,0.46732,1,0.51700,0.48499,1,0.33701,0.68378,18.53786,1.12629,1,0.58633,0.67008,18.55919,1.12629,1,-0.04176,-0.03923,0.67756,0.00410,1,0.02251,-0.03706,0.69016,0.00398,1,0,0.00000,13
0.51762,0.50322,5685.14746,0.11279,13775,1,0.52051,0.50544,1,0.55521,0.43045,1,0.53786,0.46795,1,0.33716,0.68383,18.70097,1.11734,1,0.58674,0.67014,17.93579,1.12650,1,-0.04176,-0.03923,0.67756,0.00413,1,0.02251,-0.03706,0.69016,0.00399,1,0,0.00000,13
0.51763,0.50072,5685.14746,0.11816,13775,1,0.50041,0.49910,1,0.53541,0.41237,1,0.51791,0.45573,1,0.33750,0.68394,19.22969,1.11754,1,0.58677,0.67021,18.21425,1.12671,1,-0.04176,-0.03923,0.67756,0.00410,1,0.02251,-0.03706,0.69016,0.00398,1,0,0.00000,13
0.51763,0.49861,5685.14746,0.12500,13775,1,0.50037,0.49899,1,0.53466,0.41773,1,0.51752,0.45836,1,0.33765,0.68409,19.18058,1.11775,1,0.58686,0.67007,18.13040,1.11775,1,-0.04127,-0.03890,0.67279,0.00412,1,0.02231,-0.03658,0.67934,0.00393,1,0,0.00000,13
0.51789,0.49812,5685.14746,0.13184,13775,1,0.51187,0.50944,1,0.53426,0.46751,1,0.52307,0.48847,1,0.33777,0.68384,18.59097,1.11775,1,0.58741,0.67022,18.00206,1.10859,1,-0.04127,-0.03890,0.67279,0.00427,1,0.02231,-0.03658,0.67934,0.00398,1,0,0.00000,13
0.51832,0.49878,5685.14746,0.13818,13775,1,0.53037,0.55591,1,0.52459,0.46921,1,0.52748,0.51256,1,0.33790,0.68362,18.73350,1.10859,1,0.58743,0.67048,18.21601,1.09942,1,-0.04127,-0.03890,0.67279,0.00415,1,0.02231,-0.03658,0.67934,0.00399,1,0,0.00000,13
0.51873,0.49958,5685.14746,0.14648,13775,1,0.53158,0.56007,1,0.52389,0.47436,1,0.52774,0.51722,1,0.33839,0.68389,19.10430,1.09942,1,0.58781,0.67045,18.16475,1.09025,1,-0.04150,-0.03927,0.68000,0.00411,1,0.02250,-0.03657,0.67902,0.00405,1,0,0.00000,13
0.51893,0.50026,5685.14746,0.15137,13775,1,0.50580,0.54622,1,0.54116,0.48579,1,0.52348,0.51600,1,0.33860,0.68374,19.03879,1.09025,1,0.58791,0.67035,18.17196,1.09025,1,-0.04150,-0.03927,0.68000,0.00413,1,0.02250,-0.03657,0.67902,0.00400,1,0,0.00000,13
0.51950,0.50113,5685.14746,0.15820,13775,1,0.52712,0.57618,1,0.53932,0.46773,1,0.53322,0.52196,1,0.33873,0.68374,19.09768,1.09025,1,0.58816,0.67046,18.18593,1.09025,1,-0.04150,-0.03927,0.68000,0.00411,1,0.02250,-0.03657,0.67902,0.00401,1,0,0.00000,13
0.52003,0.50193,5685.14746,0.16504,13775,1,0.52712,0.57618,1,0.53932,0.46773,1,0.53322,0.52196,1,0.33911,0.68366,18.97668,1.09025,1,0.58849,0.67063,18.55801,1.09025,1,-0.04100,-0.03889,0.67337,0.00417,1,0.02285,-0.03680,0.68330,0.00394,1,0,0.00000,13
0.52006,0.50214,5685.14746,0.17188,13775,1,0.50301,0.53495,1,0.53848,0.48000,1,0.52075,0.50747,1,0.33930,0.68368,18.96691,1.09025,1,0.58888,0.67056,17.94499,1.09025,1,-0.04100,-0.03889,0.67337,0.00409,1,0.02285,-0.03680,0.68330,0.00394,1,0,0.00000,13
0.52018,0.50246,5685.14746,0.17822,13775,1,0.51790,0.51883,1,0.52894,0.50349,1,0.52342,0.51116,1,0.33937,0.68354,18.95510,1.09025,1,0.58897,0.67057,18.12119,1.09025,1,-0.04100,-0.03889,0.67337,0.00399,1,0.02285,-0.03680,0.68330,0.00397,1,0,0.00000,13
0.52029,0.50252,5685.14746,0.18555,13775,1,0.51660,0.51441,1,0.53041,0.49379,1,0.52351,0.50410,1,0.33987,0.68352,18.86706,1.09921,1,0.58936,0.67049,18.19371,1.10838,1,-0.04241,-0.04048,0.70091,0.00415,1,0.02384,-0.03801,0.70485,0.00395,1,0,0.00000,13
0.52037,0.50162,5685.14746,0.19189,13775,1,0.50397,0.49666,1,0.54114,0.45458,1,0.52255,0.47562,1,0.34019,0.68347,19.20249,1.11734,1,0.58963,0.67046,17.91255,1.12650,1,-0.04241,-0.04048,0.70091,0.00404,1,0.02384,-0.03801,0.70485,0.00388,1,0,0.00000,13
0.52046,0.50036,5685.14746,0.19873,13775,1,0.51673,0.46018,1,0.52971,0.46468,1,0.52322,0.46243,1,0.34021,0.68335,18.73676,1.13546,1,0.58974,0.67058,18.06465,1.14463,1,-0.04241,-0.04048,0.70091,0.00411,1,0.02384,-0.03801,0.70485,0.00398,1,0,0.00000,13
0.52054,0.49902,5685.14746,0.20508,13775,1,0.51544,0.45539,1,0.53043,0.45969,1,0.52294,0.45754,1,0.34065,0.68325,18.96205,1.14463,1,0.59005,0.67060,18.63438,1.15380,1,-0.04111,-0.03948,0.68355,0.00413,1,0.02401,-0.03796,0.70388,0.00392,1,0,0.00000,13
0.52041,0.49811,5685.14746,0.21387,13775,1,0.49114,0.50061,1,0.54174,0.43718,1,0.51644,0.46889,1,0.34089,0.68320,19.10695,1.14484,1,0.59025,0.67041,18.19306,1.14484,1,-0.04111,-0.03948,0.68355,0.00407,1,0.02401,-0.03796,0.70388,0.00390,1,0,0.00000,13
0.51997,0.49737,5685.14746,0.21973,13775,1,0.48076,0.49789,1,0.53016,0.44859,1,0.50546,0.47324,1,0.34103,0.68317,18.89972,1.13588,1,0.59057,0.67036,18.08227,1.13588,1,-0.04111,-0.03948,0.68355,0.00413,1,0.02401,-0.03796,0.70388,0.00410,1,0,0.00000,13
0.51957,0.49682,5685.14746,0.22607,13775,1,0.48229,0.50225,1,0.52945,0.45363,1,0.50587,0.47794,1,0.34138,0.68297,18.97444,1.12692,1,0.59071,0.67042,18.31073,1.12692,1,-0.04092,-0.03929,0.68218,0.00411,1,0.02374,-0.03719,0.68972,0.00393,1,0,0.00000,13
0.51928,0.49598,5685.14746,0.23193,13775,1,0.48340,0.46127,1,0.53493,0.47178,1,0.50917,0.46652,1,0.34171,0.68273,19.08125,1.12692,1,0.59105,0.67036,17.98861,1.12692,1,-0.04092,-0.03929,0.68218,0.00411,1,0.02374,-0.03719,0.68972,0.00393,1,0,0.00000,13
0.51853,0.49540,5685.14746,0.23877,13775,1,0.46604,0.51442,1,0.51725,0.43493,1,0.49164,0.47468,1,0.34172,0.68272,19.09649,1.12692,1,0.59128,0.67040,18.16642,1.12692,1,-0.04092,-0.03929,0.68218,0.00413,1,0.02374,-0.03719,0.68972,0.00392,1,0,0.00000,13
0.51780,0.49480,5685.14746,0.24707,13775,1,0.46438,0.51016,1,0.51723,0.43505,1,0.49081,0.47261,1,0.34171,0.68274,18.60228,1.13588,1,0.59145,0.67046,18.13544,1.12671,1,-0.04220,-0.04057,0.70615,0.00398,1,0.02341,-0.03638,0.67564,0.00399,1,0,0.00000,13
0.51896,0.49369,5685.14746,0.25244,13775,1,0.53667,0.49002,1,0.58901,0.41267,1,0.56284,0.45135,1,0.34241,0.68258,18.75930,1.13567,1,0.59175,0.67049,18.48601,1.12650,1,-0.04220,-0.04057,0.70615,0.00411,1,0.02341,-0.03638,0.67564,0.00394,1,0,0.00000,13
0.52039,0.49299,5685.14746,0.26025,13775,1,0.55207,0.48618,1,0.60014,0.44564,1,0.57611,0.46591,1,0.34309,0.68240,19.09878,1.13546,1,0.59240,0.67025,18.18717,1.12630,1,-0.04220,-0.04057,0.70615,0.00408,1,0.02341,-0.03638,0.67564,0.00398,1,0,0.00000,13
0.52173,0.49251,5685.14746,0.26562,13775,1,0.55308,0.49081,1,0.59775,0.45540,1,0.57541,0.47310,1,0.34384,0.68209,18.76489,1.12630,1,0.59325,0.67026,18.42065,1.10904,1,-0.04035,-0.03913,0.68295,0.00415,1,0.02315,-0.03541,0.65843,0.00398,1,0,0.00000,13
0.53370,0.46677,5685.14746,0.26562,13775,0,0.61035,0.49946,1,0.63855,0.41469,1,0.62445,0.45708,1,0.34516,0.68175,18.95292,1.10008,1,0.59422,0.67040,18.44703,1.09199,1,-0.04035,-0.03913,0.68295,0.00421,1,0.02315,-0.03541,0.65843,0.00400,1,0,0.00000,13
0.57158,0.47129,5685.14746,0.26562,13775,0,0.58441,0.53716,1,0.63451,0.41447,1,0.60946,0.47581,1,0.34548,0.68162,19.36185,1.08304,1,0.59451,0.67027,18.38470,1.07495,1,-0.04035,-0.03913,0.68295,0.00415,1,0.02315,-0.03541,0.65843,0.00391,1,0,0.00000,13
0.58459,0.47251,5685.14746,0.26562,13775,0,0.58511,0.54110,1,0.63612,0.40880,1,0.61062,0.47495,1,0.34623,0.68171,19.92641,1.07495,1,0.59499,0.67023,18.24224,1.08411,1,-0.04178,-0.04067,0.71166,0.00416,1,0.02510,-0.03805,0.70762,0.00395,1,0,0.00000,13
0.59044,0.47150,5685.41992,0.02051,13776,1,0.60056,0.49449,1,0.61545,0.44241,1,0.60801,0.46845,1,0.34615,0.68131,19.29091,1.09307,1,0.59517,0.67004,18.00340,1.11033,1,-0.04178,-0.04067,0.71166,0.00410,1,0.02510,-0.03805,0.70762,0.00393,1,0,0.00000,13
0.59665,0.46645,5685.41992,0.02686,13776,1,0.60247,0.47724,1,0.64048,0.41528,1,0.62147,0.44626,1,0.34621,0.68129,19.41180,1.11929,1,0.59523,0.66992,18.03692,1.13654,1,-0.04178,-0.04067,0.71166,0.00408,1,0.02510,-0.03805,0.70762,0.00397,1,0,0.00000,13
0.60094,0.46149,5685.41992,0.03369,13776,1,0.60129,0.46817,1,0.64343,0.40521,1,0.62236,0.43669,1,0.34657,0.68136,20.12993,1.13654,1,0.59522,0.66987,18.42893,1.15380,1,-0.03998,-0.03897,0.68191,0.00413,1,0.02541,-0.03837,0.71351,0.00391,1,0,0.00000,13
0.60465,0.45482,5685.41992,0.04102,13776,1,0.59294,0.43602,1,0.66087,0.39363,1,0.62690,0.41482,1,0.34664,0.68136,20.29604,1.14484,1,0.59537,0.66969,18.22806,1.14484,1,-0.03998,-0.03897,0.68191,0.00409,1,0.02541,-0.03837,0.71351,0.00400,1,0,0.00000,13
0.60935,0.45030,5685.41992,0.04688,13776,1,0.62962,0.42365,1,0.65493,0.41368,1,0.64227,0.41866,1,0.34668,0.68117,19.70256,1.13588,1,0.59542,0.66979,18.35173,1.13588,1,-0.03998,-0.03897,0.68191,0.00408,1,0.02541,-0.03837,0.71351,0.00392,1,0,0.00000,13
0.61291,0.44709,5685.41992,0.05371,13776,1,0.62962,0.42365,1,0.65325,0.41904,1,0.64143,0.42135,1,0.34647,0.68078,19.32619,1.13588,1,0.59571,0.66943,17.95325,1.12671,1,-0.04119,-0.04009,0.70329,0.00411,1,0.02457,-0.03692,0.68842,0.00395,1,0,0.00000,13
0.61129,0.44652,5685.41992,0.05957,13776,1,0.59888,0.48277,1,0.59449,0.40015,1,0.59668,0.44146,1,0.34650,0.68070,19.28869,1.13567,1,0.59573,0.66963,18.02418,1.12650,1,-0.04119,-0.04009,0.70329,0.00408,1,0.02457,-0.03692,0.68842,0.00389,1,0,0.00000,13
0.61103,0.44577,5685.41992,0.06689,13776,1,0.61768,0.47701,1,0.59910,0.39948,1,0.60839,0.43825,1,0.34675,0.68087,19.51963,1.13546,1,0.59571,0.66966,18.10379,1.12630,1,-0.04119,-0.04009,0.70329,0.00410,1,0.02457,-0.03692,0.68842,0.00390,1,0,0.00000,13
0.61078,0.44557,5685.41992,0.07471,13776,1,0.61818,0.48178,1,0.59784,0.40504,1,0.60801,0.44341,1,0.34660,0.68070,19.29737,1.12630,1,0.59578,0.66961,18.03429,1.11713,1,-0.03960,-0.03859,0.67701,0.00404,1,0.02409,-0.03604,0.67211,0.00390,1,0,0.00000,13
0.60969,0.44504,5685.41992,0.08008,13776,1,0.57552,0.47421,1,0.61786,0.40312,1,0.59669,0.43867,1,0.34660,0.68072,19.02584,1.10817,1,0.59585,0.66962,18.16746,1.10817,1,-0.03960,-0.03859,0.67701,0.00401,1,0.02409,-0.03604,0.67211,0.00393,1,0,0.00000,13
0.60943,0.44382,5685.41992,0.08789,13776,1,0.59901,0.47576,1,0.61307,0.38002,1,0.60604,0.42789,1,0.34663,0.68068,19.00546,1.09921,1,0.59584,0.66962,18.21133,1.09921,1,-0.03960,-0.03859,0.67701,0.00402,1,0.02409,-0.03604,0.67211,0.00394,1,0,0.00000,13
0.60925,0.44256,5685.41992,0.09473,13776,1,0.59901,0.47576,1,0.61447,0.37418,1,0.60674,0.42497,1,0.34661,0.68071,19.06188,1.09921,1,0.59590,0.66944,18.02116,1.10838,1,-0.04063,-0.03965,0.69556,0.00401,1,0.02485,-0.03710,0.69182,0.00388,1,0,0.00000,13
0.60956,0.44087,5685.41992,0.10693,13776,1,0.59803,0.46365,1,0.63038,0.36749,1,0.61421,0.41557,1,0.34684,0.68067,19.02940,1.11734,1,0.59603,0.66944,17.94934,1.12650,1,-0.04063,-0.03965,0.69556,0.00410,1,0.02485,-0.03710,0.69182,0.00391,1,0,0.00000,13
0.60984,0.43893,5685.41992,0.11377,13776,1,0.59673,0.45390,1,0.63184,0.36183,1,0.61429,0.40787,1,0.34689,0.68072,18.94109,1.13546,1,0.59608,0.66948,18.01888,1.13546,1,-0.04063,-0.03970,0.69556,0.00411,1,0.02468,-0.03677,0.68574,0.00390,1,0,0.00000,13
0.61032,0.43758,5685.41992,0.12109,13776,1,0.59704,0.46665,1,0.63978,0.36256,1,0.61841,0.41460,1,0.34692,0.68074,18.78565,1.14442,1,0.59609,0.66963,17.77855,1.14442,1,-0.04063,-0.03970,0.69556,0.00410,1,0.02468,-0.03677,0.68574,0.00398,1,0,0.00000,13
0.61054,0.43614,5685.41992,0.12842,13776,1,0.59581,0.46321,1,0.63334,0.35703,1,0.61458,0.41012,1,0.34690,0.68078,18.81363,1.14442,1,0.59606,0.66960,18.13151,1.13525,1,-0.04063,-0.03970,0.69556,0.00410,1,0.02468,-0.03677,0.68574,0.00396,1,0,0.00000,13
0.61070,0.43536,5685.41992,0.13428,13776,1,0.59712,0.47273,1,0.63036,0.36855,1,0.61374,0.42064,1,0.34696,0.68074,18.65410,1.12630,1,0.59610,0.66965,17.80761,1.11713,1,-0.04036,-0.03954,0.69190,0.00414,1,0.02438,-0.03637,0.67728,0.00396,1,0,0.00000,13
0.61084,0.43490,5685.41992,0.14062,13776,1,0.60369,0.43047,1,0.62374,0.42107,1,0.61371,0.42577,1,0.34696,0.68074,18.65410,1.10817,1,0.59609,0.66937,17.91560,1.10817,1,-0.04036,-0.03954,0.69190,0.00414,1,0.02438,-0.03637,0.67728,0.00414,1,0,0.00000,13
0.61103,0.43454,5685.41992,0.14746,13776,1,0.60294,0.43645,1,0.62694,0.41753,1,0.61494,0.42699,1,0.34698,0.68075,18.67241,1.09921,1,0.59607,0.66953,17.82959,1.09921,1,-0.04036,-0.03954,0.69190,0.00414,1,0.02438,-0.03637,0.67728,0.00400,1,0,0.00000,13
0.61118,0.43444,5685.41992,0.15479,13776,1,0.60356,0.44157,1,0.62546,0.42293,1,0.61451,0.43225,1,0.34692,0.68063,18.38045,1.09025,1,0.59610,0.66954,17.72689,1.09025,1,-0.04036,-0.03954,0.69190,0.00414,1,0.02438,-0.03637,0.67728,0.00407,1,0,0.00000,13
0.61149,0.43380,5685.41992,0.16064,13776,1,0.60440,0.42808,1,0.63271,0.40983,1,0.61856,0.41895,1,0.34697,0.68064,18.47556,1.09025,1,0.59612,0.66966,17.80772,1.09025,1,-0.04036,-0.03954,0.69190,0.00414,1,0.02438,-0.03637,0.67728,0.00396,1,0,0.00000,13
0.61190,0.43316,5685.41992,0.16748,13776,1,0.60701,0.44375,1,0.63644,0.39204,1,0.62172,0.41790,1,0.34677,0.68071,18.53839,1.09025,1,0.59604,0.66961,17.96492,1.09025,1,-0.04036,-0.03954,0.69190,0.00404,1,0.02438,-0.03637,0.67728,0.00403,1,0,0.00000,13
0.61231,0.43246,5685.41992,0.17432,13776,1,0.60701,0.44375,1,0.63804,0.38627,1,0.62252,0.41501,1,0.34695,0.68066,18.33944,1.09025,1,0.59607,0.66947,17.86579,1.09942,1,-0.04036,-0.03954,0.69190,0.00419,1,0.02476,-0.03707,0.68940,0.00395,1,0,0.00000,13
0.61261,0.43187,5685.41992,0.18066,13776,1,0.59858,0.44075,1,0.64249,0.39190,1,0.62054,0.41633,1,0.34704,0.68069,18.95715,1.09942,1,0.59606,0.66943,17.83498,1.10859,1,-0.04036,-0.03954,0.69190,0.00404,1,0.02476,-0.03707,0.68940,0.00396,1,0,0.00000,13
0.61445,0.43130,5685.41992,0.18799,13776,1,0.64345,0.43764,1,0.68482,0.39420,1,0.66414,0.41592,1,0.34734,0.68106,19.62545,1.10859,1,0.59626,0.66978,17.81152,1.11775,1,-0.04036,-0.03954,0.69190,0.00404,1,0.02476,-0.03707,0.68940,0.00391,1,0,0.00000,13
0.61619,0.43049,5685.41992,0.19434,13776,1,0.64285,0.42728,1,0.68671,0.38874,1,0.66478,0.40801,1,0.34769,0.68081,18.98431,1.12671,1,0.59670,0.66987,18.07539,1.12671,1,-0.04045,-0.03978,0.69610,0.00407,1,0.02441,-0.03638,0.67551,0.00394,1,0,0.00000,13
0.61882,0.42950,5685.41992,0.20068,13776,1,0.68698,0.43293,1,0.70315,0.36831,1,0.69507,0.40062,1,0.34866,0.68105,19.50283,1.13567,1,0.59729,0.67015,18.28012,1.12650,1,-0.04045,-0.03978,0.69610,0.00407,1,0.02441,-0.03638,0.67551,0.00391,1,0,0.00000,13
0.62129,0.42917,5685.41992,0.20752,13776,1,0.68312,0.43386,1,0.70773,0.40500,1,0.69543,0.41943,1,0.34889,0.68101,19.55427,1.13546,1,0.59746,0.67015,18.34055,1.12630,1,-0.04045,-0.03978,0.69610,0.00405,1,0.02441,-0.03638,0.67551,0.00384,1,0,0.00000,13
0.62360,0.42895,5685.41992,0.21338,13776,1,0.68311,0.43906,1,0.70773,0.40500,1,0.69542,0.42203,1,0.34938,0.68109,19.43020,1.12630,1,0.59790,0.67023,18.05221,1.12630,1,-0.03936,-0.03886,0.67994,0.00408,1,0.02516,-0.03715,0.69185,0.00389,1,0,0.00000,13
0.65245,0.41622,5685.41992,0.21338,13776,0,0.67322,0.42764,1,0.73032,0.37476,1,0.70177,0.40120,1,0.34951,0.68103,19.47900,1.11734,1,0.59806,0.67009,18.25277,1.12650,1,-0.03936,-0.03886,0.67994,0.00409,1,0.02516,-0.03715,0.69185,0.00384,1,0,0.00000,13
0.68046,0.40862,5685.41992,0.21338,13776,0,0.67035,0.44009,1,0.74660,0.36196,1,0.70847,0.40102,1,0.34948,0.68106,19.52869,1.11755,1,0.59810,0.67017,18.24211,1.12671,1,-0.03936,-0.03886,0.67994,0.00405,1,0.02516,-0.03715,0.69185,0.00391,1,0,0.00000,13
0.68941,0.40701,5685.41992,0.21338,13776,0,0.67035,0.43997,1,0.74425,0.36760,1,0.70730,0.40378,1,0.34949,0.68106,19.49910,1.11775,1,0.59815,0.67003,18.03562,1.11775,1,0.00000,0.00000,0.00000,0.00406,0,0.02483,-0.03660,0.68149,0.00386,1,0,0.00000,13
0.69546,0.40570,5685.64307,0.01904,13777,1,0.68226,0.43367,1,0.74497,0.36986,1,0.71362,0.40176,1,0.34962,0.68094,19.41079,1.11775,1,0.59826,0.67010,18.10592,1.10859,1,0.00000,0.00000,0.00000,0.00405,0,0.02483,-0.03660,0.68149,0.00390,1,0,0.00000,13
0.70069,0.40440,5685.64307,0.02441,13777,1,0.68165,0.43038,1,0.76158,0.36800,1,0.72162,0.39919,1,0.34965,0.68095,19.43574,1.10859,1,0.59820,0.67010,18.40409,1.09942,1,0.00000,0.00000,0.00000,0.00404,0,0.02483,-0.03660,0.68149,0.00385,1,0,0.00000,13
0.70417,0.40355,5685.64307,0.03125,13777,1,0.68165,0.43050,1,0.76152,0.36813,1,0.72159,0.39931,1,0.34971,0.68091,19.29828,1.10838,1,0.59833,0.67012,18.12473,1.09921,1,-0.04052,-0.04016,0.70275,0.00404,1,0.02498,-0.03665,0.68258,0.00388,1,0,0.00000,13
0.70216,0.40389,5685.64307,0.03760,13777,1,0.69325,0.41259,1,0.68687,0.39924,1,0.69006,0.40592,1,0.34986,0.68081,19.61308,1.10817,1,0.59847,0.67017,18.60783,1.10817,1,-0.04052,-0.04016,0.70275,0.00400,1,0.02498,-0.03665,0.68258,0.00384,1,0,0.00000,13
0.70137,0.40275,5685.64307,0.04492,13777,1,0.70123,0.41933,1,0.69048,0.37027,1,0.69586,0.39480,1,0.34985,0.68079,19.44320,1.11713,1,0.59854,0.67006,18.49718,1.11713,1,-0.04052,-0.04016,0.70275,0.00401,1,0.02498,-0.03665,0.68258,0.00381,1,0,0.00000,13
0.70078,0.40154,5685.64307,0.05273,13777,1,0.70138,0.41403,1,0.69067,0.36972,1,0.69603,0.39188,1,0.34989,0.68077,19.49605,1.12609,1,0.59858,0.67002,18.33389,1.11800,1,-0.04072,-0.04036,0.70803,0.00402,1,0.02395,-0.03507,0.65312,0.00381,1,0,0.00000,13
0.69802,0.39738,5685.64307,0.05859,13777,1,0.64399,0.36920,1,0.70250,0.35073,1,0.67324,0.35997,1,0.34995,0.68071,19.38215,1.11800,1,0.59863,0.66997,18.16794,1.10991,1,-0.04072,-0.04036,0.70803,0.00408,1,0.02395,-0.03507,0.65312,0.00381,1,0,0.00000,13
0.69520,0.39483,5685.64307,0.06592,13777,1,0.63834,0.37063,1,0.69570,0.36794,1,0.66702,0.36928,1,0.34999,0.68063,19.30102,1.10991,1,0.59864,0.66997,18.12867,1.10182,1,-0.04072,-0.04036,0.70803,0.00407,1,0.02395,-0.03507,0.65312,0.00381,1,0,0.00000,13
0.69279,0.39313,5685.64307,0.07129,13777,1,0.63864,0.37573,1,0.69389,0.37312,1,0.66626,0.37443,1,0.35007,0.68056,19.32771,1.10182,1,0.59874,0.66985,18.00199,1.09374,1,-0.04072,-0.04025,0.70803,0.00402,1,0.02395,-0.03507,0.65312,0.00386,1,0,0.00000,13
0.69140,0.39479,5685.64307,0.07812,13777,1,0.65225,0.47737,1,0.69716,0.35193,1,0.67470,0.41465,1,0.35006,0.68046,19.58602,1.09374,1,0.59877,0.66977,17.86012,1.09374,1,-0.04072,-0.04025,0.70803,0.00399,1,0.02395,-0.03507,0.65312,0.00387,1,0,0.00000,13
0.69065,0.40010,5685.64307,0.08496,13777,1,0.66131,0.50195,1,0.70047,0.43638,1,0.68089,0.46916,1,0.35044,0.68005,18.75918,1.09374,1,0.59877,0.66972,17.89008,1.09374,1,-0.04072,-0.04025,0.70803,0.00404,1,0.02395,-0.03507,0.65312,0.00389,1,0,0.00000,13
0.69000,0.40470,5685.64307,0.09180,13777,1,0.66131,0.50195,1,0.70047,0.43638,1,0.68089,0.46916,1,0.35043,0.68004,18.93983,1.09374,1,0.59882,0.66968,17.61786,1.09374,1,-0.04072,-0.04025,0.70803,0.00402,1,0.02395,-0.03502,0.65312,0.00389,1,0,0.00000,13
0.68955,0.40917,5685.64307,0.09863,13777,1,0.65934,0.47205,1,0.70643,0.48038,1,0.68288,0.47622,1,0.35043,0.67997,18.86992,1.09374,1,0.59885,0.66967,17.62364,1.09374,1,-0.04072,-0.04025,0.70803,0.00400,1,0.02395,-0.03502,0.65312,0.00403,1,0,0.00000,13
0.68887,0.41315,5685.64307,0.10498,13777,1,0.65357,0.47349,1,0.70222,0.48002,1,0.67789,0.47676,1,0.35046,0.68001,18.83216,1.09374,1,0.59873,0.66942,17.52698,1.09374,1,-0.04072,-0.04025,0.70803,0.00407,1,0.02395,-0.03502,0.65312,0.00390,1,0,0.00000,13
0.68821,0.41695,5685.64307,0.11230,13777,1,0.65379,0.47840,1,0.70013,0.48491,1,0.67696,0.48166,1,0.35044,0.67997,18.89355,1.08478,1,0.59869,0.66944,17.47140,1.08478,1,-0.03894,-0.03844,0.67625,0.00405,1,0.02395,-0.03502,0.65312,0.00390,1,0,0.00000,13
0.68779,0.41945,5685.64307,0.11865,13777,1,0.65357,0.46382,1,0.70708,0.46490,1,0.68033,0.46436,1,0.35035,0.67987,18.94398,1.07582,1,0.59869,0.66951,18.16641,1.07582,1,-0.03894,-0.03844,0.67625,0.00395,1,0.02395,-0.03502,0.65312,0.00386,1,0,0.00000,13
0.68648,0.42248,5685.64307,0.12549,13777,1,0.65506,0.46087,1,0.66800,0.49941,1,0.66153,0.48014,1,0.35043,0.67981,18.75241,1.06686,1,0.59859,0.66951,18.32715,1.06686,1,-0.03894,-0.03844,0.67625,0.00398,1,0.02395,-0.03502,0.65312,0.00378,1,0,0.00000,13
0.68525,0.42547,5685.64307,0.13184,13777,1,0.65527,0.46601,1,0.66614,0.50428,1,0.66070,0.48515,1,0.35031,0.67976,18.95456,1.05790,1,0.59857,0.66946,18.45599,1.05790,1,-0.03992,-0.03936,0.69328,0.00399,1,0.02395,-0.03497,0.65312,0.00378,1,0,0.00000,13
0.67290,0.45157,5685.64307,0.13184,13777,0,0.64883,0.47626,1,0.68060,0.43940,1,0.66472,0.45783,1,0.35020,0.67963,19.25384,1.05790,1,0.59855,0.66942,17.95766,1.05790,1,-0.03992,-0.03936,0.69328,0.00394,1,0.02395,-0.03497,0.65312,0.00380,1,0,0.00000,13
0.68292,0.45051,5685.64307,0.13184,13777,0,0.70384,0.45454,1,0.68203,0.44436,1,0.69294,0.44945,1,0.34996,0.67949,18.74269,1.05790,1,0.59858,0.66939,18.29781,1.05790,1,-0.03992,-0.03936,0.69328,0.00388,1,0.02395,-0.03497,0.65312,0.00377,1,0,0.00000,13
0.68692,0.44757,5685.64307,0.13184,13777,0,0.70402,0.44924,1,0.68581,0.43416,1,0.69492,0.44170,1,0.35034,0.67955,18.81751,1.06686,1,0.59842,0.66942,18.11356,1.07495,1,-0.04052,-0.03990,0.70275,0.00397,1,0.02489,-0.03643,0.68025,0.00379,1,0,0.00000,13
0.68900,0.44134,5685.78174,0.01953,13778,1,0.71234,0.43829,1,0.67815,0.40696,1,0.69524,0.42263,1,0.35036,0.67949,18.83437,1.08391,1,0.59834,0.66923,18.15049,1.09200,1,-0.04052,-0.03990,0.70275,0.00398,1,0.02489,-0.03643,0.68025,0.00385,1,0,0.00000,13
0.69310,0.42895,5685.78174,0.02637,13778,1,0.70317,0.39559,1,0.71582,0.36327,1,0.70949,0.37943,1,0.35037,0.67946,18.92374,1.10095,1,0.59832,0.66924,18.09980,1.10904,1,-0.04052,-0.03990,0.70275,0.00397,1,0.02489,-0.03643,0.68025,0.00385,1,0,0.00000,13
0.69620,0.41891,5685.78174,0.03320,13778,1,0.70349,0.38499,1,0.71989,0.35237,1,0.71169,0.36868,1,0.35031,0.67948,18.86624,1.11800,1,0.59826,0.66905,18.17052,1.12609,1,-0.04075,-0.04007,0.70676,0.00397,1,0.02508,-0.03665,0.68543,0.00382,1,0,0.00000,13
0.70015,0.41875,5685.78174,0.04004,13778,1,0.70048,0.49359,1,0.74731,0.34207,1,0.72389,0.41783,1,0.35024,0.67919,18.65065,1.12609,1,0.59827,0.66895,18.16803,1.12609,1,-0.04075,-0.04007,0.70676,0.00395,1,0.02508,-0.03665,0.68543,0.00389,1,0,0.00000,13
0.70350,0.41853,5685.78174,0.04639,13778,1,0.70437,0.49405,1,0.74950,0.33991,1,0.72694,0.41698,1,0.35021,0.67917,18.72980,1.12609,1,0.59832,0.66898,18.34856,1.12609,1,-0.04075,-0.04007,0.70676,0.00395,1,0.02508,-0.03665,0.68543,0.00388,1,0,0.00000,13
0.70610,0.41836,5685.78174,0.05273,13778,1,0.70437,0.49405,1,0.74950,0.33991,1,0.72694,0.41698,1,0.35022,0.67912,18.68483,1.12609,1,0.59828,0.66893,18.50117,1.12609,1,-0.04075,-0.03997,0.70676,0.00395,1,0.02489,-0.03633,0.68025,0.00379,1,0,0.00000,13
0.70865,0.42079,5685.78174,0.06104,13778,1,0.69830,0.45740,1,0.76488,0.42798,1,0.73159,0.44269,1,0.35022,0.67899,19.06766,1.12609,1,0.59832,0.66870,18.18192,1.12609,1,-0.04075,-0.03997,0.70676,0.00395,1,0.02489,-0.03633,0.68025,0.00378,1,0,0.00000,13
0.71047,0.42212,5685.78174,0.06641,13778,1,0.70265,0.45278,1,0.75459,0.41790,1,0.72862,0.43534,1,0.35023,0.67888,18.92676,1.12609,1,0.59830,0.66862,18.15005,1.12609,1,-0.04075,-0.03997,0.70676,0.00398,1,0.02489,-0.03633,0.68025,0.00380,1,0,0.00000,13
0.71187,0.42364,5685.78174,0.07324,13778,1,0.70249,0.45776,1,0.75218,0.42310,1,0.72733,0.44043,1,0.35027,0.67880,18.72632,1.11713,1,0.59828,0.66855,18.33040,1.11713,1,-0.03992,-0.03915,0.69328,0.00394,1,0.02489,-0.03633,0.68025,0.00374,1,0,0.00000,13
0.71176,0.42266,5685.78174,0.08105,13778,1,0.70191,0.42363,1,0.71899,0.39812,1,0.71045,0.41087,1,0.35028,0.67871,18.77275,1.10817,1,0.59835,0.66844,17.97603,1.10817,1,-0.03992,-0.03915,0.69328,0.00394,1,0.02489,-0.03633,0.68025,0.00377,1,0,0.00000,13
0.71206,0.42123,5685.78174,0.08643,13778,1,0.70633,0.41293,1,0.72542,0.39246,1,0.71588,0.40270,1,0.35028,0.67861,18.59432,1.09921,1,0.59837,0.66844,18.14230,1.09921,1,-0.03992,-0.03915,0.69328,0.00399,1,0.02489,-0.03633,0.68025,0.00378,1,0,0.00000,13
0.71223,0.42036,5685.78174,0.09424,13778,1,0.70613,0.41837,1,0.72318,0.39801,1,0.71466,0.40819,1,0.35030,0.67850,18.76288,1.09026,1,0.59841,0.66843,18.06771,1.09026,1,-0.03894,-0.03814,0.67625,0.00398,1,0.02508,-0.03645,0.68543,0.00381,1,0,0.00000,13
0.71127,0.41994,5685.78174,0.10156,13778,1,0.67360,0.42921,1,0.72021,0.39797,1,0.69690,0.41359,1,0.35023,0.67847,18.94479,1.09026,1,0.59832,0.66827,18.10275,1.09026,1,-0.03894,-0.03814,0.67625,0.00391,1,0.02508,-0.03645,0.68543,0.00385,1,0,0.00000,13
0.70908,0.41953,5685.78174,0.10693,13778,1,0.67519,0.44849,1,0.67268,0.37743,1,0.67393,0.41296,1,0.35024,0.67828,18.70628,1.09026,1,0.59837,0.66830,18.03113,1.09026,1,-0.03894,-0.03814,0.67625,0.00392,1,0.02508,-0.03645,0.68543,0.00384,1,0,0.00000,13
0.70717,0.41886,5685.78174,0.11523,13778,1,0.67514,0.44334,1,0.67452,0.37169,1,0.67483,0.40751,1,0.35012,0.67816,18.86567,1.09921,1,0.59835,0.66824,18.18677,1.09921,1,-0.04008,-0.03925,0.69688,0.00397,1,0.02508,-0.03645,0.68543,0.00387,1,0,0.00000,13
0.70507,0.41994,5685.78174,0.12061,13778,1,0.67289,0.48409,1,0.66136,0.39455,1,0.66713,0.43932,1,0.35017,0.67811,18.82318,1.10817,1,0.59836,0.66813,18.20223,1.10817,1,-0.04008,-0.03925,0.69688,0.00399,1,0.02508,-0.03645,0.68543,0.00379,1,0,0.00000,13
0.70372,0.41999,5685.78174,0.12744,13778,1,0.67542,0.46676,1,0.68087,0.37499,1,0.67814,0.42087,1,0.35017,0.67802,19.03703,1.11713,1,0.59835,0.66820,18.09757,1.11713,1,-0.04008,-0.03925,0.69688,0.00398,1,0.02508,-0.03645,0.68543,0.00392,1,0,0.00000,13
0.70250,0.42003,5685.78174,0.13379,13778,1,0.67542,0.46676,1,0.68087,0.37499,1,0.67814,0.42087,1,0.35017,0.67800,18.90692,1.11713,1,0.59829,0.66800,18.08514,1.11713,1,-0.03992,-0.03905,0.69328,0.00399,1,0.02508,-0.03645,0.68543,0.00381,1,0,0.00000,13
0.70167,0.42020,5685.78174,0.14111,13778,1,0.68030,0.47707,1,0.68813,0.37072,1,0.68421,0.42390,1,0.35017,0.67800,18.90692,1.10817,1,0.59841,0.66801,18.31782,1.10817,1,-0.03992,-0.03905,0.69328,0.00399,1,0.02508,-0.03645,0.68543,0.00387,1,0,0.00000,13
0.70105,0.41868,5685.78174,0.14746,13778,1,0.68818,0.41013,1,0.68671,0.36029,1,0.68745,0.38521,1,0.35016,0.67802,18.97925,1.09921,1,0.59842,0.66803,18.33344,1.09921,1,-0.03992,-0.03905,0.69328,0.00399,1,0.02508,-0.03645,0.68543,0.00386,1,0,0.00000,13
0.70041,0.41773,5685.78174,0.15430,13778,1,0.68808,0.42037,1,0.68306,0.37126,1,0.68557,0.39581,1,0.35027,0.67796,18.85306,1.08235,1,0.59840,0.66808,18.22880,1.08235,1,-0.03797,-0.03709,0.65853,0.00395,1,0.02489,-0.03622,0.68025,0.00395,1,0,0.00000,13
0.69940,0.41807,5685.78174,0.16064,13778,1,0.67365,0.43459,1,0.67668,0.41797,1,0.67516,0.42628,1,0.35022,0.67808,18.93624,1.07445,1,0.59835,0.66814,18.33286,1.07445,1,-0.03797,-0.03709,0.65853,0.00396,1,0.02489,-0.03622,0.68025,0.00385,1,0,0.00000,13
0.69832,0.41813,5685.78174,0.16748,13778,1,0.66481,0.43146,1,0.67782,0.40773,1,0.67132,0.41960,1,0.34997,0.67838,19.32110,1.06654,1,0.59835,0.66824,18.24886,1.06654,1,-0.03797,-0.03709,0.65853,0.00400,1,0.02489,-0.03622,0.68025,0.00383,1,0,0.00000,13
0.69729,0.41837,5685.78174,0.17432,13778,1,0.66493,0.43623,1,0.67612,0.41269,1,0.67053,0.42446,1,0.35026,0.67799,18.83245,1.05864,1,0.59840,0.66823,18.01983,1.05864,1,-0.03797,-0.03709,0.65853,0.00390,1,0.02489,-0.03622,0.68025,0.00387,1,0,0.00000,13
0.69682,0.41949,5685.78174,0.18066,13778,1,0.69928,0.45983,1,0.66931,0.43968,1,0.68430,0.44975,1,0.35023,0.67811,18.72542,1.05864,1,0.59837,0.66831,18.12102,1.05864,1,-0.03797,-0.03709,0.65853,0.00387,1,0.02489,-0.03622,0.68025,0.00382,1,0,0.00000,13
0.69649,0.42094,5685.78174,0.18750,13778,1,0.70246,0.48395,1,0.67177,0.43958,1,0.68712,0.46176,1,0.35017,0.67815,18.79663,1.05864,1,0.59838,0.66826,17.88814,1.05864,1,-0.03797,-0.03709,0.65853,0.00387,1,0.02489,-0.03622,0.68025,0.00387,1,0,0.00000,13
0.69624,0.42206,5685.78174,0.19434,13778,1,0.70262,0.47950,1,0.67539,0.42929,1,0.68900,0.45439,1,0.34995,0.67806,18.71460,1.06654,1,0.59829,0.66828,18.15848,1.07571,1,0.00000,0.00000,0.00000,0.00391,0,0.02592,-0.03786,0.70993,0.00379,1,0,0.00000,13
0.69689,0.42276,5685.78174,0.20068,13778,1,0.68192,0.47064,1,0.75054,0.41714,1,0.71623,0.44389,1,0.34980,0.67820,18.64525,1.08361,1,0.59834,0.66842,18.03250,1.09278,1,0.00000,0.00000,0.00000,0.00387,0,0.02592,-0.03786,0.70993,0.00375,1,0,0.00000,13
0.69763,0.42251,5685.78174,0.20801,13778,1,0.69352,0.42677,1,0.74769,0.40257,1,0.72061,0.41467,1,0.34952,0.67840,18.63855,1.10068,1,0.59822,0.66853,18.30952,1.10985,1,0.00000,0.00000,0.00000,0.00403,0,0.02592,-0.03786,0.70993,0.00377,1,0,0.00000,13
0.69836,0.42205,5685.78174,0.21338,13778,1,0.69370,0.41666,1,0.74980,0.39780,1,0.72175,0.40723,1,0.34994,0.67834,19.02196,1.11776,1,0.59810,0.66848,18.36902,1.11776,1,0.00000,0.00000,0.00000,0.00384,0,0.02454,-0.03601,0.67343,0.00379,1,0,0.00000,13
0.69902,0.42048,5685.78174,0.22070,13778,1,0.70644,0.43461,1,0.73537,0.30265,1,0.72090,0.36863,1,0.34952,0.67886,19.44924,1.11776,1,0.59803,0.66858,18.34633,1.10859,1,0.00000,0.00000,0.00000,0.00405,0,0.02454,-0.03601,0.67343,0.00378,1,0,0.00000,13
0.69992,0.41939,5685.78174,0.22705,13778,1,0.73838,0.43947,1,0.72239,0.32523,1,0.73039,0.38235,1,0.34927,0.67867,18.66465,1.10859,1,0.59800,0.66862,18.18001,1.09942,1,0.00000,0.00000,0.00000,0.00400,0,0.02454,-0.03601,0.67343,0.00382,1,0,0.00000,13
0.70076,0.41836,5685.78174,0.23389,13778,1,0.73837,0.43959,1,0.72234,0.32537,1,0.73036,0.38248,1,0.34927,0.67838,18.62894,1.10838,1,0.59805,0.66853,18.59566,1.09921,1,-0.04059,-0.03975,0.70204,0.00383,1,0.02454,-0.03601,0.67343,0.00379,1,0,0.00000,13
0.70117,0.41787,5685.78174,0.24023,13778,1,0.72459,0.46657,1,0.70681,0.33356,1,0.71570,0.40007,1,0.34892,0.67851,18.02623,1.10817,1,0.59791,0.66871,18.14044,1.10817,1,-0.04059,-0.03975,0.70204,0.00408,1,0.02454,-0.03601,0.67343,0.00376,1,0,0.00000,13
0.70133,0.41590,5685.78174,0.24805,13778,1,0.72328,0.36995,1,0.69127,0.31616,1,0.70727,0.34305,1,0.34899,0.67857,18.23315,1.11713,1,0.59793,0.66868,18.16677,1.11713,1,-0.04059,-0.03975,0.70204,0.00405,1,0.02454,-0.03601,0.67343,0.00376,1,0,0.00000,13
0.70148,0.41403,5685.78174,0.25439,13778,1,0.72328,0.36995,1,0.69127,0.31616,1,0.70727,0.34305,1,0.34886,0.67867,18.44095,1.11713,1,0.59782,0.66836,17.87882,1.11713,1,-0.03903,-0.03818,0.67427,0.00398,1,0.02483,-0.03649,0.68149,0.00374,1,0,0.00000,13
0.70153,0.41297,5685.78174,0.26123,13778,1,0.71162,0.39496,1,0.69574,0.34790,1,0.70368,0.37143,1,0.34903,0.67871,18.56999,1.10817,1,0.59790,0.66872,17.71070,1.10817,1,-0.03903,-0.03818,0.67427,0.00398,1,0.02483,-0.03649,0.68149,0.00387,1,0,0.00000,13
0.71392,0.38699,5685.78174,0.26123,13778,0,0.70715,0.32429,1,0.70066,0.34099,1,0.70390,0.33264,1,0.34910,0.67876,18.73042,1.09921,1,0.59786,0.66881,17.96418,1.09921,1,-0.03903,-0.03818,0.67427,0.00400,1,0.02483,-0.03649,0.68149,0.00387,1,0,0.00000,13
0.70944,0.35829,5685.78174,0.26123,13778,0,0.70715,0.32429,1,0.70275,0.33488,1,0.70495,0.32959,1,0.34929,0.67855,18.31338,1.09921,1,0.59766,0.66846,17.87253,1.10838,1,-0.04063,-0.03980,0.70104,0.00392,1,0.02516,-0.03705,0.69186,0.00378,1,0,0.00000,13
0.70562,0.35542,5685.78174,0.26123,13778,0,0.70085,0.35360,1,0.69514,0.34577,1,0.69800,0.34968,1,0.34926,0.67849,18.26563,1.11734,1,0.59771,0.66879,18.29920,1.12651,1,-0.04063,-0.03980,0.70104,0.00392,1,0.02516,-0.03705,0.69186,0.00382,1,0,0.00000,13
0.70235,0.35155,5686.04932,0.01953,13779,1,0.69168,0.33821,1,0.69340,0.34165,1,0.69254,0.33993,1,0.34894,0.67883,18.55819,1.13546,1,0.59765,0.66888,18.54128,1.14463,1,-0.04063,-0.03980,0.70104,0.00405,1,0.02516,-0.03705,0.69186,0.00380,1,0,0.00000,13
0.70040,0.34863,5686.04932,0.02734,13779,1,0.69176,0.33223,1,0.69340,0.34165,1,0.69258,0.33694,1,0.34897,0.67890,18.45356,1.14463,1,0.59769,0.66884,18.30501,1.14463,1,-0.03988,-0.03901,0.68718,0.00397,1,0.02439,-0.03598,0.67195,0.00383,1,0,0.00000,13
0.69812,0.34793,5686.04932,0.03271,13779,1,0.69610,0.34488,1,0.67732,0.34404,1,0.68671,0.34446,1,0.34872,0.67897,18.50769,1.13567,1,0.59762,0.66886,18.56916,1.12651,1,-0.03988,-0.03901,0.68718,0.00407,1,0.02439,-0.03598,0.67195,0.00381,1,0,0.00000,13
0.69590,0.35150,5686.04932,0.04004,13779,1,0.68738,0.37794,1,0.67784,0.36787,1,0.68261,0.37290,1,0.34874,0.67901,18.59267,1.11755,1,0.59765,0.66893,18.46750,1.10838,1,-0.03988,-0.03901,0.68718,0.00408,1,0.02439,-0.03598,0.67195,0.00386,1,0,0.00000,13
0.69400,0.35561,5686.04932,0.04688,13779,1,0.68729,0.38928,1,0.67409,0.37945,1,0.68069,0.38437,1,0.34874,0.67903,18.51148,1.09942,1,0.59763,0.66885,18.41201,1.09026,1,-0.03968,-0.03887,0.68374,0.00407,1,0.02439,-0.03598,0.67195,0.00383,1,0,0.00000,13
0.69340,0.35985,5686.04932,0.05322,13779,1,0.71403,0.39575,1,0.66319,0.39180,1,0.68861,0.39378,1,0.34871,0.67902,18.51148,1.09026,1,0.59755,0.66899,18.58748,1.09026,1,-0.03968,-0.03887,0.68374,0.00405,1,0.02439,-0.03598,0.67195,0.00389,1,0,0.00000,13
0.69313,0.36044,5686.04932,0.06152,13779,1,0.70265,0.38187,1,0.67881,0.34970,1,0.69073,0.36578,1,0.34871,0.67902,18.51148,1.09026,1,0.59759,0.66888,18.49633,1.09026,1,-0.03968,-0.03887,0.68374,0.00405,1,0.02439,-0.03598,0.67195,0.00385,1,0,0.00000,13
0.69292,0.36093,5686.04932,0.06689,13779,1,0.70265,0.38187,1,0.67881,0.34970,1,0.69073,0.36578,1,0.34858,0.67896,18.28318,1.09026,1,0.59766,0.66846,17.93542,1.09026,1,-0.03968,-0.03887,0.68374,0.00411,1,0.02439,-0.03598,0.67195,0.00381,1,0,0.00000,13
0.69274,0.36193,5686.04932,0.07471,13779,1,0.71939,0.39369,1,0.66219,0.35232,1,0.69079,0.37301,1,0.34861,0.67913,18.72601,1.09026,1,0.59754,0.66887,18.56028,1.09026,1,-0.03968,-0.03887,0.68374,0.00404,1,0.02439,-0.03598,0.67195,0.00385,1,0,0.00000,13
0.69294,0.36365,5686.04932,0.08008,13779,1,0.71520,0.40245,1,0.67546,0.36599,1,0.69533,0.38422,1,0.34886,0.67867,18.16168,1.09026,1,0.59759,0.66884,18.43250,1.09026,1,-0.03968,-0.03887,0.68374,0.00395,1,0.02439,-0.03598,0.67195,0.00384,1,0,0.00000,13
0.69311,0.36512,5686.04932,0.08643,13779,1,0.71520,0.40245,1,0.67546,0.36599,1,0.69533,0.38422,1,0.34880,0.67873,18.32057,1.09026,1,0.59755,0.66882,18.50509,1.09026,1,-0.03968,-0.03887,0.68374,0.00396,1,0.02439,-0.03598,0.67195,0.00385,1,0,0.00000,13
0.69432,0.36495,5686.04932,0.09326,13779,1,0.70023,0.39100,1,0.72237,0.33421,1,0.71130,0.36261,1,0.34880,0.67875,18.35423,1.09026,1,0.59747,0.66824,17.77717,1.09026,1,-0.03968,-0.03887,0.68374,0.00399,1,0.02439,-0.03598,0.67195,0.00379,1,0,0.00000,13
0.69362,0.36513,5686.04932,0.10010,13779,1,0.65955,0.36910,1,0.70658,0.36658,1,0.68307,0.36784,1,0.34878,0.67873,18.30744,1.09026,1,0.59745,0.66814,17.87467,1.09026,1,-0.03968,-0.03887,0.68374,0.00398,1,0.02439,-0.03598,0.67195,0.00378,1,0,0.00000,13
0.69300,0.36529,5686.04932,0.10693,13779,1,0.65955,0.36910,1,0.70658,0.36658,1,0.68307,0.36784,1,0.34884,0.67863,18.03825,1.09026,1,0.59752,0.66881,18.62065,1.09026,1,-0.03968,-0.03887,0.68374,0.00396,1,0.02439,-0.03598,0.67195,0.00381,1,0,0.00000,13
0.69317,0.36526,5686.04932,0.11377,13779,1,0.67907,0.38145,1,0.71316,0.34819,1,0.69611,0.36482,1,0.34884,0.67884,18.73619,1.09026,1,0.59757,0.66830,17.94193,1.09026,1,-0.03968,-0.03887,0.68374,0.00393,1,0.02439,-0.03598,0.67195,0.00377,1,0,0.00000,13
0.69390,0.36411,5686.04932,0.12207,13779,1,0.70161,0.35835,1,0.71230,0.32845,1,0.70695,0.34340,1,0.34899,0.67854,17.83284,1.09026,1,0.59757,0.66828,17.93478,1.09026,1,-0.03968,-0.03887,0.68374,0.00404,1,0.02439,-0.03598,0.67195,0.00376,1,0,0.00000,13
0.69461,0.36278,5686.04932,0.12939,13779,1,0.70177,0.35242,1,0.71444,0.32234,1,0.70811,0.33738,1,0.34923,0.67843,18.25768,1.09921,1,0.59788,0.66836,18.01676,1.09921,1,-0.04064,-0.03986,0.70113,0.00390,1,0.02483,-0.03649,0.68149,0.00383,1,0,0.00000,13
0.69509,0.36285,5686.04932,0.13330,13779,1,0.66475,0.40123,1,0.74475,0.32749,1,0.70475,0.36436,1,0.34934,0.67847,18.35259,1.10817,1,0.59806,0.66846,18.32326,1.10817,1,-0.04064,-0.03986,0.70113,0.00388,1,0.02483,-0.03649,0.68149,0.00377,1,0,0.00000,13
0.69541,0.36093,5686.04932,0.14209,13779,1,0.66323,0.32436,1,0.74105,0.31692,1,0.70214,0.32064,1,0.34960,0.67861,18.31935,1.11713,1,0.59808,0.66841,18.04373,1.11713,1,-0.04064,-0.03986,0.70113,0.00398,1,0.02483,-0.03649,0.68149,0.00377,1,0,0.00000,13
0.69580,0.35862,5686.04932,0.14990,13779,1,0.66293,0.31149,1,0.74599,0.30399,1,0.70446,0.30774,1,0.34967,0.67861,18.43176,1.13633,1,0.59811,0.66839,18.18627,1.13633,1,-0.04179,-0.04104,0.72192,0.00397,1,0.02483,-0.03649,0.68149,0.00374,1,0,0.00000,13
0.69671,0.35562,5686.04932,0.15625,13779,1,0.66933,0.29495,1,0.76595,0.27832,1,0.71764,0.28664,1,0.34959,0.67863,18.30877,1.14657,1,0.59809,0.66835,18.35148,1.14657,1,-0.04179,-0.04104,0.72192,0.00396,1,0.02483,-0.03649,0.68149,0.00371,1,0,0.00000,13
0.69728,0.35355,5686.04932,0.16260,13779,1,0.67335,0.31859,1,0.74844,0.28912,1,0.71090,0.30385,1,0.34963,0.67862,18.62906,1.15680,1,0.59807,0.66843,18.24527,1.15680,1,-0.04179,-0.04104,0.72192,0.00395,1,0.02483,-0.03649,0.68149,0.00371,1,0,0.00000,13
0.69780,0.35164,5686.04932,0.16748,13779,1,0.67335,0.31859,1,0.74844,0.28912,1,0.71090,0.30385,1,0.34977,0.67893,18.69047,1.15680,1,0.59807,0.66841,18.19759,1.15680,1,-0.04064,-0.03986,0.70113,0.00401,1,0.02483,-0.03649,0.68149,0.00376,1,0,0.00000,13
0.69825,0.34989,5686.04932,0.17480,13779,1,0.65931,0.32271,1,0.76033,0.28625,1,0.70982,0.30448,1,0.34960,0.67871,18.31875,1.14657,1,0.59816,0.66824,18.02267,1.14657,1,-0.04064,-0.03986,0.70113,0.00401,1,0.02483,-0.03649,0.68149,0.00375,1,0,0.00000,13
0.69870,0.34850,5686.04932,0.18115,13779,1,0.66340,0.34058,1,0.75854,0.28125,1,0.71097,0.31091,1,0.34950,0.67870,18.41159,1.13633,1,0.59820,0.66838,17.94267,1.13633,1,-0.04064,-0.03986,0.70113,0.00396,1,0.02483,-0.03649,0.68149,0.00374,1,0,0.00000,13
0.70781,0.32158,5686.04932,0.18115,13779,0,0.66340,0.34058,1,0.75854,0.28125,1,0.71097,0.31091,1,0.34960,0.67855,18.24458,1.13633,1,0.59830,0.66842,17.94752,1.13633,1,-0.04179,-0.04104,0.72192,0.00394,1,0.02483,-0.03649,0.68149,0.00371,1,0,0.00000,13
0.71275,0.30861,5686.04932,0.18115,13779,0,0.66675,0.31818,1,0.76862,0.27311,1,0.71768,0.29565,1,0.34987,0.67847,18.06306,1.14657,1,0.59820,0.66843,18.10088,1.14657,1,-0.04179,-0.04104,0.72192,0.00385,1,0.02483,-0.03649,0.68149,0.00370,1,0,0.00000,13
0.71772,0.29572,5686.04932,0.18115,13779,0,0.68047,0.28365,1,0.77483,0.25619,1,0.72765,0.26992,1,0.34968,0.67849,18.30381,1.15680,1,0.59839,0.66834,18.10231,1.15680,1,-0.04179,-0.04104,0.72192,0.00395,1,0.02483,-0.03649,0.68149,0.00369,1,0,0.00000,13
0.72020,0.28927,5686.23730,0.02002,13780,1,0.68047,0.28365,1,0.77483,0.25619,1,0.72765,0.26992,1,0.34966,0.67859,18.38943,1.15680,1,0.59842,0.66836,18.11822,1.15680,1,-0.04059,-0.03986,0.70204,0.00398,1,0.02483,-0.03649,0.68149,0.00372,1,0,0.00000,13
0.72227,0.28791,5686.23730,0.02686,13780,1,0.68915,0.31279,1,0.77191,0.25212,1,0.73053,0.28246,1,0.34988,0.67885,19.07412,1.14657,1,0.59837,0.66877,18.47406,1.14657,1,-0.04059,-0.03986,0.70204,0.00397,1,0.02483,-0.03649,0.68149,0.00376,1,0,0.00000,13
0.72378,0.28902,5686.23730,0.03320,13780,1,0.68465,0.30964,1,0.77809,0.27956,1,0.73137,0.29460,1,0.34977,0.67854,18.31245,1.13633,1,0.59839,0.66836,18.07146,1.13633,1,-0.04059,-0.03986,0.70204,0.00398,1,0.02483,-0.03649,0.68149,0.00374,1,0,0.00000,13
0.72466,0.29082,5686.23730,0.04004,13780,1,0.68463,0.31656,1,0.77518,0.28665,1,0.72991,0.30160,1,0.34990,0.67848,18.47691,1.12609,1,0.59843,0.66835,17.92184,1.12609,1,-0.04026,-0.03959,0.69639,0.00390,1,0.02483,-0.03649,0.68149,0.00371,1,0,0.00000,13
0.72519,0.29296,5686.23730,0.04639,13780,1,0.68043,0.32754,1,0.77743,0.28840,1,0.72893,0.30797,1,0.34993,0.67881,18.80462,1.12609,1,0.59846,0.66834,18.01939,1.12609,1,-0.04026,-0.03959,0.69639,0.00401,1,0.02483,-0.03649,0.68149,0.00371,1,0,0.00000,13
0.72550,0.29398,5686.23730,0.05322,13780,1,0.67905,0.31958,1,0.77679,0.28475,1,0.72792,0.30216,1,0.35003,0.67884,18.89116,1.12609,1,0.59851,0.66825,17.74418,1.12609,1,-0.04026,-0.03959,0.69639,0.00398,1,0.02483,-0.03649,0.68149,0.00373,1,0,0.00000,13
0.72574,0.29480,5686.23730,0.05957,13780,1,0.67905,0.31958,1,0.77679,0.28475,1,0.72792,0.30216,1,0.34996,0.67855,18.65817,1.12609,1,0.59847,0.66825,17.79791,1.12609,1,-0.04026,-0.03959,0.69639,0.00392,1,0.02483,-0.03649,0.68149,0.00372,1,0,0.00000,13
0.72634,0.29738,5686.23730,0.06641,13780,1,0.68457,0.32304,1,0.78020,0.32336,1,0.73238,0.32320,1,0.35021,0.67862,18.27054,1.12609,1,0.59848,0.66830,17.89694,1.12609,1,-0.04026,-0.03959,0.69639,0.00404,1,0.02483,-0.03649,0.68149,0.00372,1,0,0.00000,13
0.72771,0.29880,5686.23730,0.07324,13780,1,0.70154,0.33879,1,0.78404,0.29000,1,0.74279,0.31440,1,0.35024,0.67868,18.23965,1.12609,1,0.59840,0.66825,17.80093,1.12609,1,-0.04026,-0.03959,0.69639,0.00403,1,0.02483,-0.03649,0.68149,0.00373,1,0,0.00000,13
0.72898,0.29976,5686.23730,0.08008,13780,1,0.70154,0.33879,1,0.78671,0.28369,1,0.74412,0.31124,1,0.35002,0.67835,17.79973,1.12609,1,0.59861,0.66833,18.00684,1.13526,1,-0.04026,-0.03959,0.69639,0.00398,1,0.02637,-0.03852,0.71927,0.00376,1,0,0.00000,13
0.72780,0.30206,5686.23730,0.08643,13780,1,0.70144,0.32709,1,0.72373,0.33675,1,0.71259,0.33192,1,0.34998,0.67844,18.22043,1.13526,1,0.59859,0.66854,18.07519,1.14442,1,-0.04026,-0.03959,0.69639,0.00400,1,0.02637,-0.03852,0.71927,0.00375,1,0,0.00000,13
0.72738,0.30377,5686.23730,0.09326,13780,1,0.71202,0.32463,1,0.73098,0.33087,1,0.72150,0.32775,1,0.35001,0.67849,18.19739,1.14442,1,0.59878,0.66858,17.89957,1.15359,1,-0.04026,-0.03959,0.69639,0.00396,1,0.02637,-0.03852,0.71927,0.00382,1,0,0.00000,13
0.72695,0.30544,5686.23730,0.10010,13780,1,0.71203,0.32449,1,0.72881,0.33662,1,0.72042,0.33055,1,0.35000,0.67846,18.21975,1.14463,1,0.59871,0.66849,17.55452,1.14463,1,0.00000,0.00000,0.00000,0.00390,0,0.02508,-0.03655,0.68256,0.00383,1,0,0.00000,13
0.72755,0.30679,5686.23730,0.10742,13780,1,0.72432,0.34224,1,0.74994,0.31459,1,0.73713,0.32842,1,0.35018,0.67857,18.32629,1.13567,1,0.59882,0.66854,17.91384,1.12651,1,0.00000,0.00000,0.00000,0.00399,0,0.02508,-0.03655,0.68256,0.00370,1,0,0.00000,13
0.72831,0.30873,5686.23730,0.11377,13780,1,0.73241,0.35052,1,0.75018,0.33271,1,0.74129,0.34161,1,0.35024,0.67860,18.26665,1.11755,1,0.59876,0.66847,17.83833,1.10838,1,0.00000,0.00000,0.00000,0.00403,0,0.02508,-0.03655,0.68256,0.00370,1,0,0.00000,13
0.72885,0.31109,5686.23730,0.12158,13780,1,0.73162,0.36244,1,0.74531,0.34477,1,0.73847,0.35360,1,0.35019,0.67862,18.44626,1.09942,1,0.59900,0.66835,17.50676,1.09026,1,0.00000,0.00000,0.00000,0.00399,0,0.02508,-0.03665,0.68256,0.00371,1,0,0.00000,13
0.72622,0.31231,5686.23730,0.12695,13780,1,0.67090,0.36205,1,0.68172,0.30886,1,0.67631,0.33545,1,0.34983,0.67850,18.12776,1.09026,1,0.59852,0.66872,18.21164,1.09026,1,0.00000,0.00000,0.00000,0.00401,0,0.02508,-0.03665,0.68256,0.00376,1,0,0.00000,13
0.72505,0.31260,5686.23730,0.13379,13780,1,0.67849,0.36101,1,0.72478,0.27594,1,0.70164,0.31847,1,0.34960,0.67857,17.87734,1.09026,1,0.59833,0.66889,18.53164,1.09026,1,0.00000,0.00000,0.00000,0.00401,0,0.02508,-0.03665,0.68256,0.00383,1,0,0.00000,13
0.72404,0.31259,5686.23730,0.14062,13780,1,0.67847,0.35513,1,0.72702,0.26942,1,0.70274,0.31228,1,0.34919,0.67873,18.39939,1.09921,1,0.59789,0.66899,18.57340,1.09921,1,-0.04064,-0.03986,0.70113,0.00398,1,0.02483,-0.03660,0.68149,0.00387,1,0,0.00000,13
0.72297,0.31321,5686.23730,0.14844,13780,1,0.67213,0.35886,1,0.72678,0.29479,1,0.69946,0.32682,1,0.34916,0.67882,18.35891,1.10817,1,0.59797,0.66895,18.21182,1.10817,1,-0.04064,-0.03986,0.70113,0.00398,1,0.02483,-0.03660,0.68149,0.00391,1,0,0.00000,13
0.72207,0.31159,5686.23730,0.15527,13780,1,0.66069,0.35759,1,0.74217,0.19124,1,0.70143,0.27441,1,0.34917,0.67844,17.55870,1.11713,1,0.59796,0.66909,18.47243,1.11713,1,-0.04064,-0.03986,0.70113,0.00398,1,0.02483,-0.03660,0.68149,0.00381,1,0,0.00000,13
0.72124,0.31010,5686.23730,0.16064,13780,1,0.66069,0.35759,1,0.74217,0.19124,1,0.70143,0.27441,1,0.34904,0.67887,18.24889,1.11713,1,0.59813,0.66848,17.95006,1.11713,1,0.00000,0.00000,0.00000,0.00374,0,0.02508,-0.03686,0.68543,0.00375,1,0,0.00000,13
0.71930,0.31017,5686.23730,0.16699,13780,1,0.67327,0.36542,1,0.66792,0.25833,1,0.67059,0.31188,1,0.34945,0.67871,18.29878,1.10817,1,0.59819,0.66925,18.43800,1.10817,1,0.00000,0.00000,0.00000,0.00387,0,0.02508,-0.03686,0.68543,0.00385,1,0,0.00000,13
0.71779,0.31069,5686.23730,0.17383,13780,1,0.68348,0.37615,1,0.67398,0.27203,1,0.67873,0.32409,1,0.34939,0.67856,17.74517,1.09921,1,0.59817,0.66917,18.54045,1.09921,1,0.00000,0.00000,0.00000,0.00399,0,0.02508,-0.03686,0.68543,0.00383,1,0,0.00000,13
0.71637,0.31127,5686.23730,0.18066,13780,1,0.68348,0.37615,1,0.67233,0.27793,1,0.67791,0.32704,1,0.34959,0.67867,18.05379,1.09921,1,0.59827,0.66864,17.70576,1.09113,1,-0.03989,-0.03938,0.69177,0.00396,1,0.02395,-0.03517,0.65312,0.00378,1,0,0.00000,13
0.71498,0.31119,5686.23730,0.18799,13780,1,0.65820,0.33997,1,0.69399,0.27791,1,0.67610,0.30894,1,0.34974,0.67910,18.84031,1.10008,1,0.59850,0.66881,17.86440,1.09200,1,-0.03989,-0.03938,0.69177,0.00388,1,0.02395,-0.03517,0.65312,0.00378,1,0,0.00000,13
0.71328,0.31145,5686.23730,0.19385,13780,1,0.63590,0.33222,1,0.69230,0.30566,1,0.66410,0.31894,1,0.34976,0.67920,18.81277,1.10095,1,0.59861,0.66884,17.82496,1.09287,1,-0.03989,-0.03938,0.69177,0.00390,1,0.02395,-0.03517,0.65312,0.00381,1,0,0.00000,13
0.68456,0.31287,5686.23730,0.19385,13780,0,0.63622,0.33763,1,0.69230,0.30566,1,0.66426,0.32165,1,0.34989,0.67918,18.83765,1.09287,1,0.59859,0.66864,17.56066,1.09287,1,-0.03857,-0.03823,0.67154,0.00386,1,0.02508,-0.03676,0.68256,0.00377,1,0,0.00000,13
0.67467,0.31042,5686.23730,0.19385,13780,0,0.64593,0.33187,1,0.68366,0.28410,1,0.66479,0.30798,1,0.34997,0.67905,18.50752,1.08391,1,0.59863,0.66867,17.46674,1.09200,1,-0.03857,-0.03823,0.67154,0.00388,1,0.02508,-0.03676,0.68256,0.00377,1,0,0.00000,13
0.66883,0.31651,5686.23730,0.19385,13780,0,0.65840,0.35949,1,0.65590,0.29785,1,0.65715,0.32867,1,0.35000,0.67900,18.64277,1.08304,1,0.59883,0.66889,17.63104,1.09113,1,-0.03857,-0.03823,0.67154,0.00383,1,0.02508,-0.03676,0.68256,0.00387,1,0,0.00000,13
0.66570,0.32042,5686.43799,0.02051,13781,1,0.65842,0.36006,1,0.65420,0.30424,1,0.65631,0.33215,1,0.34993,0.67906,18.45094,1.08217,1,0.59888,0.66899,17.83804,1.08217,1,-0.03859,-0.03830,0.67189,0.00385,1,0.02446,-0.03563,0.66161,0.00381,1,0,0.00000,13
0.66483,0.32716,5686.43799,0.02637,13781,1,0.67145,0.33907,1,0.65122,0.36918,1,0.66133,0.35413,1,0.35022,0.67925,18.27032,1.08217,1,0.59902,0.66917,17.93270,1.07408,1,-0.03859,-0.03830,0.67189,0.00390,1,0.02446,-0.03563,0.66161,0.00375,1,0,0.00000,13
0.66644,0.33014,5686.43799,0.03320,13781,1,0.68615,0.35243,1,0.66282,0.33769,1,0.67449,0.34506,1,0.35033,0.67916,18.44711,1.07408,1,0.59899,0.66915,17.99409,1.06599,1,-0.03859,-0.03830,0.67189,0.00397,1,0.02446,-0.03563,0.66161,0.00377,1,0,0.00000,13
0.66760,0.33219,5686.43799,0.04004,13781,1,0.68616,0.35184,1,0.66299,0.33709,1,0.67457,0.34447,1,0.35068,0.67898,19.10333,1.07495,1,0.59898,0.66907,17.85439,1.06686,1,-0.04070,-0.04039,0.70954,0.00381,1,0.02421,-0.03532,0.65490,0.00376,1,0,0.00000,13
0.66674,0.33064,5686.43799,0.04688,13781,1,0.65027,0.32020,1,0.67109,0.31935,1,0.66068,0.31977,1,0.35065,0.67926,18.80979,1.07582,1,0.59933,0.66887,17.34085,1.07582,1,-0.04070,-0.04039,0.70954,0.00385,1,0.02421,-0.03532,0.65490,0.00375,1,0,0.00000,13
0.66780,0.32834,5686.43799,0.05371,13781,1,0.65883,0.31244,1,0.69386,0.30749,1,0.67635,0.30997,1,0.35057,0.67924,18.82937,1.08478,1,0.59931,0.66866,17.20010,1.08478,1,-0.04070,-0.04039,0.70954,0.00390,1,0.02421,-0.03532,0.65490,0.00376,1,0,0.00000,13
0.66884,0.32559,5686.43799,0.06006,13781,1,0.65866,0.30616,1,0.69768,0.29547,1,0.67817,0.30082,1,0.35066,0.67922,18.78730,1.09374,1,0.59936,0.66882,17.65623,1.10182,1,-0.04061,-0.04040,0.70977,0.00387,1,0.02467,-0.03586,0.66591,0.00375,1,0,0.00000,13
0.66880,0.32287,5686.43799,0.06738,13781,1,0.63829,0.29009,1,0.69853,0.30139,1,0.66841,0.29574,1,0.35068,0.67881,17.85222,1.10182,1,0.59934,0.66869,17.34819,1.10991,1,-0.04061,-0.04040,0.70977,0.00394,1,0.02467,-0.03586,0.66591,0.00378,1,0,0.00000,13
0.66891,0.32014,5686.43799,0.07373,13781,1,0.63811,0.27600,1,0.70204,0.30401,1,0.67007,0.29000,1,0.35083,0.67862,17.52525,1.10991,1,0.59938,0.66873,17.51257,1.11800,1,-0.04061,-0.04040,0.70977,0.00392,1,0.02467,-0.03586,0.66591,0.00377,1,0,0.00000,13
0.66907,0.31762,5686.43799,0.08008,13781,1,0.63814,0.27662,1,0.70390,0.29831,1,0.67102,0.28746,1,0.35087,0.67862,17.68265,1.10904,1,0.59936,0.66866,17.36530,1.12630,1,-0.03854,-0.03834,0.67445,0.00395,1,0.02596,-0.03766,0.69930,0.00374,1,0,0.00000,13
0.67009,0.31588,5686.43799,0.08643,13781,1,0.64911,0.33799,1,0.71772,0.24835,1,0.68342,0.29317,1,0.35080,0.67852,17.50357,1.11734,1,0.59943,0.66867,17.51233,1.12651,1,-0.03854,-0.03834,0.67445,0.00394,1,0.02596,-0.03766,0.69930,0.00378,1,0,0.00000,13
0.67067,0.31457,5686.43799,0.09375,13781,1,0.65144,0.33376,1,0.70615,0.25872,1,0.67880,0.29624,1,0.35091,0.67863,17.73046,1.11755,1,0.59943,0.66871,17.40680,1.12671,1,-0.03854,-0.03834,0.67445,0.00390,1,0.02596,-0.03766,0.69930,0.00377,1,0,0.00000,13
0.67112,0.31362,5686.43799,0.10010,13781,1,0.65144,0.33362,1,0.70413,0.26517,1,0.67778,0.29940,1,0.35097,0.67842,17.71978,1.11776,1,0.59959,0.66867,17.90945,1.11776,1,-0.03854,-0.03834,0.67445,0.00387,1,0.02520,-0.03648,0.67751,0.00369,1,0,0.00000,13
0.67083,0.31213,5686.43799,0.10840,13781,1,0.66873,0.31261,1,0.66357,0.26412,1,0.66615,0.28836,1,0.35091,0.67844,17.81392,1.11776,1,0.59959,0.66866,17.91889,1.10859,1,-0.03854,-0.03834,0.67445,0.00388,1,0.02520,-0.03648,0.67751,0.00368,1,0,0.00000,13
0.67009,0.31195,5686.43799,0.11377,13781,1,0.66614,0.31885,1,0.64904,0.29876,1,0.65759,0.30880,1,0.35089,0.67837,17.71610,1.10859,1,0.59966,0.66853,17.69627,1.09942,1,-0.03854,-0.03834,0.67445,0.00391,1,0.02520,-0.03648,0.67751,0.00368,1,0,0.00000,13
0.66943,0.31179,5686.43799,0.12061,13781,1,0.66615,0.31899,1,0.64901,0.29891,1,0.65758,0.30895,1,0.35088,0.67831,17.98507,1.10838,1,0.59965,0.66866,18.01616,1.09922,1,-0.03938,-0.03923,0.69009,0.00386,1,0.02520,-0.03648,0.67751,0.00372,1,0,0.00000,13
0.66952,0.31019,5686.43799,0.12695,13781,1,0.67532,0.30529,1,0.66725,0.25443,1,0.67128,0.27986,1,0.35107,0.67819,18.24115,1.10817,1,0.59974,0.66868,17.85787,1.10817,1,-0.03938,-0.03923,0.69009,0.00381,1,0.02520,-0.03648,0.67751,0.00376,1,0,0.00000,13
0.66983,0.30834,5686.43799,0.13379,13781,1,0.67831,0.30883,1,0.67338,0.23387,1,0.67585,0.27135,1,0.35143,0.67819,18.23518,1.11713,1,0.59973,0.66867,17.98230,1.11713,1,-0.03938,-0.03923,0.69009,0.00383,1,0.02520,-0.03648,0.67751,0.00374,1,0,0.00000,13
0.67014,0.30637,5686.43799,0.14062,13781,1,0.67828,0.30268,1,0.67517,0.22714,1,0.67673,0.26491,1,0.35146,0.67825,18.62896,1.12609,1,0.59974,0.66856,18.09447,1.12609,1,-0.03938,-0.03923,0.69009,0.00385,1,0.02520,-0.03648,0.67751,0.00367,1,0,0.00000,13
0.66973,0.30426,5686.43799,0.14697,13781,1,0.64227,0.28845,1,0.67925,0.22739,1,0.66076,0.25792,1,0.35138,0.67823,18.73981,1.12609,1,0.59981,0.66860,18.12062,1.12609,1,-0.03938,-0.03923,0.69009,0.00387,1,0.02520,-0.03648,0.67751,0.00371,1,0,0.00000,13
0.66940,0.30154,5686.43799,0.15479,13781,1,0.65703,0.27788,1,0.66648,0.20013,1,0.66175,0.23900,1,0.35145,0.67823,18.69052,1.12609,1,0.59981,0.66860,18.03670,1.12609,1,-0.03938,-0.03923,0.69009,0.00384,1,0.02520,-0.03648,0.67751,0.00370,1,0,0.00000,13
0.66913,0.29874,5686.43799,0.16113,13781,1,0.65681,0.27065,1,0.66844,0.19220,1,0.66263,0.23143,1,0.35139,0.67840,18.63832,1.13633,1,0.59981,0.66860,18.12062,1.13633,1,-0.04127,-0.04117,0.72418,0.00387,1,0.02545,-0.03659,0.68146,0.00371,1,0,0.00000,13
0.66890,0.29628,5686.43799,0.16748,13781,1,0.65398,0.25395,1,0.67256,0.21538,1,0.66327,0.23467,1,0.35141,0.67837,18.57715,1.14657,1,0.59989,0.66849,18.47523,1.14657,1,-0.04127,-0.04117,0.72418,0.00387,1,0.02545,-0.03659,0.68146,0.00371,1,0,0.00000,13
0.66800,0.26941,5686.43799,0.16748,13781,0,0.66276,0.24458,1,0.70661,0.25190,1,0.68468,0.24824,1,0.35176,0.67815,18.37759,1.15680,1,0.60006,0.66846,17.50151,1.15680,1,-0.04127,-0.04117,0.72418,0.00392,1,0.02545,-0.03659,0.68146,0.00375,1,0,0.00000,13
0.67634,0.25882,5686.43799,0.16748,13781,0,0.66276,0.24458,1,0.70661,0.25190,1,0.68468,0.24824,1,0.35226,0.67824,18.38913,1.15680,1,0.60052,0.66857,17.80828,1.15680,1,-0.04038,-0.04039,0.71141,0.00387,1,0.02528,-0.03631,0.67433,0.00377,1,0,0.00000,13
0.70080,0.26656,5686.43799,0.16748,13781,0,0.71030,0.31672,1,0.78914,0.24733,1,0.74972,0.28202,1,0.35260,0.67827,18.84726,1.14657,1,0.60100,0.66871,17.68196,1.14657,1,-0.04038,-0.04039,0.71141,0.00391,1,0.02528,-0.03631,0.67433,0.00377,1,0,0.00000,13
0.70353,0.25843,5686.61182,0.02197,13782,1,0.68779,0.28777,1,0.73563,0.18035,1,0.71171,0.23406,1,0.35275,0.67796,17.92609,1.13633,1,0.60108,0.66869,17.73659,1.13633,1,-0.04038,-0.04039,0.71141,0.00391,1,0.02528,-0.03631,0.67433,0.00378,1,0,0.00000,13
0.70448,0.25702,5686.61182,0.02686,13782,1,0.68769,0.30112,1,0.72889,0.20163,1,0.70829,0.25137,1,0.35298,0.67770,17.63513,1.11713,1,0.60130,0.66842,17.51693,1.10904,1,-0.03808,-0.03824,0.67354,0.00395,1,0.02457,-0.03517,0.65408,0.00374,1,0,0.00000,13
0.70434,0.26028,5686.61182,0.03418,13782,1,0.67800,0.29131,1,0.72926,0.26186,1,0.70363,0.27659,1,0.35298,0.67765,17.69654,1.10009,1,0.60129,0.66839,17.45789,1.09200,1,-0.03808,-0.03824,0.67354,0.00393,1,0.02457,-0.03517,0.65408,0.00373,1,0,0.00000,13
0.70497,0.26345,5686.61182,0.04053,13782,1,0.68334,0.29098,1,0.73420,0.27389,1,0.70877,0.28243,1,0.35309,0.67757,17.53743,1.08304,1,0.60131,0.66842,17.47244,1.07495,1,-0.03808,-0.03824,0.67354,0.00388,1,0.02457,-0.03517,0.65408,0.00375,1,0,0.00000,13
0.70517,0.26738,5686.61182,0.04785,13782,1,0.68332,0.30336,1,0.72974,0.28650,1,0.70653,0.29493,1,0.35311,0.67753,17.55854,1.06599,1,0.60128,0.66819,17.76484,1.05790,1,-0.03861,-0.03862,0.68286,0.00390,1,0.02490,-0.03560,0.66293,0.00375,1,0,0.00000,13
0.70611,0.27014,5686.61182,0.05420,13782,1,0.68788,0.31602,1,0.73947,0.26848,1,0.71368,0.29225,1,0.35304,0.67746,17.62083,1.05790,1,0.60127,0.66819,17.83521,1.05790,1,-0.03861,-0.03862,0.68286,0.00393,1,0.02490,-0.03560,0.66293,0.00374,1,0,0.00000,13
0.70778,0.27531,5686.61182,0.06104,13782,1,0.73160,0.30897,1,0.71406,0.33455,1,0.72283,0.32176,1,0.35315,0.67743,17.54933,1.05790,1,0.60126,0.66817,17.72322,1.05790,1,-0.03861,-0.03862,0.68286,0.00389,1,0.02490,-0.03560,0.66293,0.00374,1,0,0.00000,13
0.70927,0.27895,5686.61182,0.06689,13782,1,0.73201,0.30239,1,0.71629,0.32831,1,0.72415,0.31535,1,0.35314,0.67746,17.60419,1.06686,1,0.60116,0.66791,17.86735,1.06686,1,-0.03983,-0.03979,0.70361,0.00389,1,0.02490,-0.03555,0.66293,0.00367,1,0,0.00000,13
0.71015,0.28163,5686.61182,0.07520,13782,1,0.71445,0.35211,1,0.72519,0.27012,1,0.71982,0.31112,1,0.35303,0.67744,17.78213,1.07582,1,0.60102,0.66794,17.86353,1.07582,1,-0.03983,-0.03979,0.70361,0.00389,1,0.02490,-0.03555,0.66293,0.00362,1,0,0.00000,13
0.71097,0.28426,5686.61182,0.08105,13782,1,0.71614,0.33018,1,0.72539,0.30164,1,0.72077,0.31591,1,0.35299,0.67726,18.19122,1.08478,1,0.60099,0.66769,17.46459,1.08478,1,-0.03983,-0.03979,0.70361,0.00389,1,0.02490,-0.03555,0.66293,0.00367,1,0,0.00000,13
0.71186,0.28556,5686.61182,0.08740,13782,1,0.71672,0.31686,1,0.73022,0.28804,1,0.72347,0.30245,1,0.35299,0.67726,18.19122,1.10398,1,0.60097,0.66778,17.53738,1.10398,1,-0.04093,-0.04083,0.72197,0.00389,1,0.02490,-0.03555,0.66293,0.00372,1,0,0.00000,13
0.71304,0.28531,5686.61182,0.09424,13782,1,0.72056,0.30226,1,0.73868,0.26121,1,0.72962,0.28173,1,0.35277,0.67726,18.44782,1.11421,1,0.60093,0.66785,17.76521,1.11421,1,-0.04093,-0.04083,0.72197,0.00380,1,0.02490,-0.03555,0.66293,0.00361,1,0,0.00000,13
0.71379,0.28372,5686.61182,0.10059,13782,1,0.71110,0.29109,1,0.73898,0.22862,1,0.72504,0.25986,1,0.35282,0.67719,18.36143,1.12445,1,0.60095,0.66787,17.72727,1.12445,1,-0.04093,-0.04083,0.72197,0.00379,1,0.02490,-0.03555,0.66293,0.00363,1,0,0.00000,13
0.71454,0.28188,5686.61182,0.10742,13782,1,0.71135,0.28389,1,0.74157,0.22099,1,0.72646,0.25244,1,0.35283,0.67728,18.52311,1.13469,1,0.60100,0.66785,17.79265,1.13469,1,-0.04093,-0.04083,0.72197,0.00379,1,0.02490,-0.03550,0.66293,0.00365,1,0,0.00000,13
0.71521,0.27826,5686.61182,0.11475,13782,1,0.70274,0.23401,1,0.75065,0.19960,1,0.72669,0.21680,1,0.35282,0.67730,18.45417,1.13469,1,0.60097,0.66784,17.76179,1.13469,1,-0.04093,-0.04083,0.72197,0.00381,1,0.02490,-0.03550,0.66293,0.00371,1,0,0.00000,13
0.71611,0.27628,5686.61182,0.12158,13782,1,0.72713,0.28392,1,0.73740,0.19744,1,0.73226,0.24068,1,0.35287,0.67732,18.46805,1.13469,1,0.60102,0.66787,17.85263,1.13469,1,-0.04093,-0.04083,0.72197,0.00379,1,0.02490,-0.03550,0.66293,0.00368,1,0,0.00000,13
0.71697,0.27435,5686.61182,0.12793,13782,1,0.72713,0.28392,1,0.73941,0.19125,1,0.73327,0.23758,1,0.35287,0.67732,18.46805,1.13469,1,0.60096,0.66773,17.70861,1.14278,1,-0.04093,-0.04083,0.72197,0.00379,1,0.02528,-0.03611,0.67434,0.00368,1,0,0.00000,13
0.71766,0.27194,5686.61182,0.13428,13782,1,0.73349,0.24306,1,0.72946,0.20432,1,0.73147,0.22369,1,0.35278,0.67695,17.72577,1.14278,1,0.60096,0.66775,17.68743,1.15087,1,-0.04093,-0.04083,0.72197,0.00381,1,0.02528,-0.03611,0.67434,0.00376,1,0,0.00000,13
0.71817,0.26916,5686.61182,0.14062,13782,1,0.73053,0.22842,1,0.72723,0.19308,1,0.72888,0.21075,1,0.35273,0.67719,18.31130,1.15087,1,0.60089,0.66771,17.76658,1.15895,1,-0.04093,-0.04083,0.72197,0.00377,1,0.02528,-0.03611,0.67434,0.00373,1,0,0.00000,13
0.71862,0.26683,5686.61182,0.14795,13782,1,0.73008,0.23670,1,0.72678,0.19454,1,0.72843,0.21562,1,0.35243,0.67669,17.13751,1.13976,1,0.60092,0.66787,18.00643,1.15701,1,-0.03838,-0.03819,0.67535,0.00388,1,0.02620,-0.03750,0.70023,0.00369,1,0,0.00000,13
0.71928,0.26466,5686.61182,0.15381,13782,1,0.71666,0.22964,1,0.75262,0.19993,1,0.73464,0.21479,1,0.35247,0.67666,17.28993,1.13782,1,0.60083,0.66771,17.92640,1.14698,1,-0.03838,-0.03819,0.67535,0.00391,1,0.02620,-0.03750,0.70023,0.00368,1,0,0.00000,13
0.72927,0.23924,5686.61182,0.15381,13782,0,0.72174,0.24629,1,0.74029,0.18261,1,0.73101,0.21445,1,0.35245,0.67674,17.18337,1.12779,1,0.60079,0.66771,17.82911,1.13695,1,-0.03838,-0.03819,0.67535,0.00393,1,0.02620,-0.03750,0.70023,0.00366,1,0,0.00000,13
0.72943,0.23066,5686.61182,0.15381,13782,0,0.72140,0.25375,1,0.73778,0.19040,1,0.72959,0.22207,1,0.35245,0.67678,17.60055,1.11776,1,0.60081,0.66768,17.83935,1.12692,1,-0.03838,-0.03819,0.67535,0.00390,1,0.02620,-0.03750,0.70023,0.00365,1,0,0.00000,13
0.72944,0.22779,5686.61182,0.15381,13782,0,0.69873,0.23886,1,0.76020,0.20524,1,0.72947,0.22205,1,0.35240,0.67688,17.47949,1.12692,1,0.60063,0.66769,18.23952,1.12692,1,-0.03838,-0.03819,0.67535,0.00389,1,0.02620,-0.03750,0.70023,0.00365,1,0,0.00000,13
0.72759,0.23038,5686.77344,0.02441,13783,1,0.69727,0.27196,1,0.74681,0.20435,1,0.72204,0.23816,1,0.35241,0.67690,17.75131,1.12692,1,0.60055,0.66764,18.08430,1.12692,1,-0.03838,-0.03819,0.67535,0.00389,1,0.02620,-0.03750,0.70023,0.00367,1,0,0.00000,13
0.72603,0.23326,5686.77344,0.03125,13783,1,0.69727,0.27196,1,0.74234,0.21755,1,0.71981,0.24475,1,0.35222,0.67692,17.46674,1.12692,1,0.60047,0.66777,18.14610,1.10967,1,-0.03838,-0.03819,0.67535,0.00390,1,0.02489,-0.03572,0.66800,0.00368,1,0,0.00000,13
0.72295,0.23285,5686.77344,0.03809,13783,1,0.68414,0.24320,1,0.73087,0.21843,1,0.70751,0.23081,1,0.35227,0.67681,17.09429,1.10967,1,0.60054,0.66758,18.18475,1.09241,1,-0.03838,-0.03819,0.67535,0.00393,1,0.02489,-0.03572,0.66800,0.00371,1,0,0.00000,13
0.71932,0.23624,5686.77344,0.04199,13783,1,0.66688,0.28552,1,0.72829,0.22768,1,0.69759,0.25660,1,0.35225,0.67680,17.12115,1.09241,1,0.60044,0.66767,18.27274,1.07516,1,-0.03838,-0.03819,0.67535,0.00392,1,0.02489,-0.03572,0.66800,0.00370,1,0,0.00000,13
0.71676,0.23821,5686.77344,0.04590,13783,1,0.66686,0.28411,1,0.73084,0.21984,1,0.69885,0.25198,1,0.35208,0.67717,18.29221,1.09436,1,0.60041,0.66777,18.25089,1.08519,1,-0.04127,-0.04095,0.72418,0.00377,1,0.02501,-0.03596,0.67238,0.00373,1,0,0.00000,13
0.71626,0.23930,5686.77344,0.05322,13783,1,0.70018,0.29710,1,0.72433,0.19904,1,0.71225,0.24807,1,0.35200,0.67716,18.48002,1.10439,1,0.60013,0.66777,18.25000,1.11247,1,-0.04127,-0.04095,0.72418,0.00370,1,0.02501,-0.03596,0.67238,0.00367,1,0,0.00000,13
0.71776,0.23755,5686.77344,0.05957,13783,1,0.73109,0.27026,1,0.73144,0.17322,1,0.73126,0.22174,1,0.35194,0.67719,18.39290,1.13167,1,0.60011,0.66781,18.27783,1.13976,1,-0.04127,-0.04095,0.72418,0.00374,1,0.02501,-0.03596,0.67238,0.00369,1,0,0.00000,13
0.71909,0.23556,5686.77344,0.06641,13783,1,0.73142,0.26443,1,0.73340,0.16689,1,0.73241,0.21566,1,0.35209,0.67686,17.17463,1.13976,1,0.60015,0.66779,18.17124,1.14785,1,-0.03854,-0.03814,0.67445,0.00395,1,0.02520,-0.03618,0.67751,0.00365,1,0,0.00000,13
0.71863,0.23401,5686.77344,0.07520,13783,1,0.71539,0.26607,1,0.71160,0.16786,1,0.71349,0.21697,1,0.35158,0.67675,17.14037,1.12865,1,0.60002,0.66755,18.12913,1.12865,1,-0.03854,-0.03814,0.67445,0.00386,1,0.02520,-0.03618,0.67751,0.00369,1,0,0.00000,13
0.71901,0.23506,5686.77344,0.08008,13783,1,0.71903,0.29731,1,0.72808,0.19799,1,0.72356,0.24765,1,0.35161,0.67684,16.90175,1.10945,1,0.59992,0.66768,17.92695,1.10945,1,-0.03854,-0.03814,0.67445,0.00385,1,0.02520,-0.03618,0.67751,0.00369,1,0,0.00000,13
0.71907,0.23721,5686.77344,0.08887,13783,1,0.71841,0.31091,1,0.72135,0.21938,1,0.71988,0.26515,1,0.35157,0.67731,18.44981,1.09026,1,0.59982,0.66754,17.70042,1.08217,1,-0.03854,-0.03814,0.67445,0.00381,1,0.02465,-0.03562,0.66425,0.00372,1,0,0.00000,13
0.71960,0.23809,5686.77344,0.09473,13783,1,0.70391,0.29280,1,0.75018,0.20797,1,0.72704,0.25039,1,0.35147,0.67724,18.14935,1.08217,1,0.59984,0.66731,17.88404,1.07408,1,-0.03854,-0.03814,0.67445,0.00380,1,0.02465,-0.03562,0.66425,0.00371,1,0,0.00000,13
0.71947,0.23969,5686.77344,0.10059,13783,1,0.69226,0.31737,1,0.74262,0.21017,1,0.71744,0.26377,1,0.35148,0.67734,18.43889,1.07408,1,0.59969,0.66751,17.85233,1.06599,1,-0.03854,-0.03814,0.67445,0.00379,1,0.02465,-0.03562,0.66425,0.00379,1,0,0.00000,13
0.71928,0.24147,5686.77344,0.10840,13783,1,0.69219,0.32310,1,0.74044,0.21667,1,0.71631,0.26989,1,0.35145,0.67725,18.20076,1.06599,1,0.59972,0.66769,18.14277,1.05790,1,-0.03854,-0.03814,0.67445,0.00375,1,0.02465,-0.03552,0.66425,0.00371,1,0,0.00000,13
0.71849,0.24242,5686.77344,0.11426,13783,1,0.68659,0.30376,1,0.72346,0.21357,1,0.70503,0.25867,1,0.35131,0.67715,17.93546,1.05790,1,0.59980,0.66721,17.18058,1.05790,1,-0.03854,-0.03814,0.67445,0.00373,1,0.02465,-0.03552,0.66425,0.00380,1,0,0.00000,13
0.71880,0.24410,5686.77344,0.12158,13783,1,0.72180,0.33171,1,0.72706,0.21673,1,0.72443,0.27422,1,0.35129,0.67718,18.00742,1.05790,1,0.59980,0.66723,17.20070,1.05790,1,-0.03854,-0.03814,0.67445,0.00371,1,0.02465,-0.03552,0.66425,0.00380,1,0,0.00000,13
0.71915,0.24526,5686.77344,0.12695,13783,1,0.72212,0.32534,1,0.72937,0.20953,1,0.72574,0.26743,1,0.35122,0.67718,18.31269,1.06686,1,0.59977,0.66713,17.43532,1.06686,1,-0.03983,-0.03937,0.69613,0.00371,1,0.02421,-0.03502,0.65490,0.00379,1,0,0.00000,13
0.71910,0.24492,5686.77344,0.13379,13783,1,0.70840,0.29379,1,0.72800,0.18236,1,0.71820,0.23808,1,0.35123,0.67719,18.29882,1.07582,1,0.59956,0.66698,17.68213,1.07582,1,-0.03983,-0.03937,0.69613,0.00376,1,0.02421,-0.03502,0.65490,0.00370,1,0,0.00000,13
0.71897,0.24548,5686.77344,0.14014,13783,1,0.69754,0.27607,1,0.73460,0.23856,1,0.71607,0.25731,1,0.35106,0.67674,17.57179,1.08478,1,0.59946,0.66689,17.56580,1.08478,1,-0.03983,-0.03937,0.69613,0.00372,1,0.02421,-0.03502,0.65490,0.00366,1,0,0.00000,13
0.71889,0.24586,5686.77344,0.14697,13783,1,0.69754,0.27607,1,0.73669,0.23237,1,0.71711,0.25422,1,0.35111,0.67682,17.70681,1.08478,1,0.59942,0.66681,17.83265,1.09287,1,-0.03885,-0.03835,0.67815,0.00373,1,0.02503,-0.03623,0.67839,0.00365,1,0,0.00000,13
0.71945,0.24529,5686.77344,0.15332,13783,1,0.71134,0.28894,1,0.75334,0.17533,1,0.73234,0.23213,1,0.35128,0.67682,17.25949,1.08391,1,0.59994,0.66726,17.56132,1.09200,1,-0.03885,-0.03835,0.67815,0.00384,1,0.02503,-0.03623,0.67839,0.00368,1,0,0.00000,13
0.72202,0.24457,5686.77344,0.16016,13783,1,0.75644,0.27242,1,0.81110,0.18223,1,0.78377,0.22733,1,0.35176,0.67665,17.31045,1.08304,1,0.60005,0.66711,17.69266,1.09113,1,-0.03885,-0.03835,0.67815,0.00394,1,0.02503,-0.03623,0.67839,0.00372,1,0,0.00000,13
0.72439,0.24394,5686.77344,0.16699,13783,1,0.75638,0.27308,1,0.81082,0.18293,1,0.78360,0.22801,1,0.35234,0.67689,17.63607,1.08217,1,0.60057,0.66743,17.43197,1.09026,1,-0.03904,-0.03869,0.68515,0.00394,1,0.02501,-0.03596,0.67238,0.00373,1,0,0.00000,13
0.72565,0.24263,5686.77344,0.17285,13783,1,0.73797,0.23241,1,0.77873,0.18470,1,0.75835,0.20855,1,0.35284,0.67675,17.31277,1.09026,1,0.60084,0.66715,17.68850,1.09026,1,-0.03904,-0.03869,0.68515,0.00393,1,0.02501,-0.03596,0.67238,0.00366,1,0,0.00000,13
0.72687,0.24173,5686.77344,0.18018,13783,1,0.73920,0.24641,1,0.78044,0.18841,1,0.75982,0.21741,1,0.35285,0.67683,17.47003,1.09026,1,0.60094,0.66730,17.60703,1.09026,1,-0.03904,-0.03869,0.68515,0.00394,1,0.02501,-0.03596,0.67238,0.00365,1,0,0.00000,13
0.72806,0.24064,5686.77344,0.18652,13783,1,0.73965,0.23949,1,0.78309,0.18124,1,0.76137,0.21036,1,0.35288,0.67688,17.54368,1.09922,1,0.60095,0.66724,17.55513,1.09922,1,-0.04015,-0.03989,0.70544,0.00390,1,0.02501,-0.03596,0.67238,0.00366,1,0,0.00000,13
0.72942,0.24015,5686.77344,0.19336,13783,1,0.76758,0.26371,1,0.77063,0.18783,1,0.76911,0.22577,1,0.35279,0.67682,17.47645,1.10817,1,0.60084,0.66713,17.64231,1.10817,1,-0.04015,-0.03989,0.70544,0.00391,1,0.02501,-0.03596,0.67238,0.00367,1,0,0.00000,13
0.73145,0.23879,5686.77344,0.20166,13783,1,0.76678,0.23077,1,0.81789,0.16528,1,0.79233,0.19803,1,0.35284,0.67679,17.46257,1.11713,1,0.60074,0.66731,17.99347,1.11713,1,-0.04015,-0.03989,0.70544,0.00393,1,0.02501,-0.03596,0.67238,0.00368,1,0,0.00000,13
0.75718,0.22402,5686.77344,0.20166,13783,0,0.76743,0.22385,1,0.82075,0.15812,1,0.79409,0.19099,1,0.35281,0.67678,17.55032,1.12609,1,0.60074,0.66731,17.99347,1.12609,1,-0.04015,-0.03989,0.70544,0.00390,1,0.02501,-0.03596,0.67238,0.00368,1,0,0.00000,13
0.77464,0.21658,5686.77344,0.20166,13783,0,0.77389,0.22427,1,0.81030,0.19401,1,0.79209,0.20914,1,0.35282,0.67681,17.55201,1.12609,1,0.60066,0.66729,17.56964,1.12609,1,-0.04015,-0.03989,0.70544,0.00392,1,0.02501,-0.03596,0.67238,0.00377,1,0,0.00000,13
0.77486,0.21677,5686.77344,0.20166,13783,0,0.77461,0.22812,1,0.77598,0.20618,1,0.77530,0.21715,1,0.35283,0.67682,17.56195,1.12609,1,0.60071,0.66742,17.94460,1.12609,1,-0.04015,-0.03989,0.70544,0.00391,1,0.02501,-0.03596,0.67238,0.00376,1,0,0.00000,13
0.77529,0.21599,5686.98047,0.01953,13784,1,0.77461,0.22812,1,0.77857,0.19921,1,0.77659,0.21366,1,0.35282,0.67672,17.81837,1.12609,1,0.60066,0.66725,17.52312,1.13526,1,-0.04015,-0.03989,0.70544,0.00390,1,0.02621,-0.03756,0.70329,0.00378,1,0,0.00000,13
0.77802,0.21153,5686.98047,0.02686,13784,1,0.77520,0.22747,1,0.80269,0.15989,1,0.78895,0.19368,1,0.35285,0.67675,17.81437,1.13526,1,0.60077,0.66712,17.47440,1.14442,1,-0.04015,-0.03989,0.70544,0.00390,1,0.02621,-0.03756,0.70329,0.00384,1,0,0.00000,13
0.78073,0.20313,5686.98047,0.03418,13784,1,0.77604,0.19804,1,0.81254,0.12419,1,0.79429,0.16112,1,0.35284,0.67675,17.83646,1.14442,1,0.60069,0.66718,17.50849,1.15359,1,-0.04015,-0.03989,0.70544,0.00390,1,0.02621,-0.03756,0.70329,0.00382,1,0,0.00000,13
0.78268,0.19710,5686.98047,0.04004,13784,1,0.77606,0.19788,1,0.81260,0.12402,1,0.79433,0.16095,1,0.35283,0.67671,17.78535,1.14463,1,0.60076,0.66724,17.88904,1.15380,1,-0.03838,-0.03819,0.67535,0.00387,1,0.02581,-0.03693,0.69247,0.00373,1,0,0.00000,13
0.78181,0.19558,5686.98047,0.04736,13784,1,0.74370,0.25955,1,0.80773,0.11024,1,0.77572,0.18489,1,0.35281,0.67671,17.80436,1.14484,1,0.60083,0.66717,17.91556,1.14484,1,-0.03838,-0.03819,0.67535,0.00390,1,0.02581,-0.03693,0.69247,0.00376,1,0,0.00000,13
0.78179,0.19512,5686.98047,0.05322,13784,1,0.75262,0.24435,1,0.81064,0.13851,1,0.78163,0.19143,1,0.35291,0.67661,17.60699,1.13588,1,0.60075,0.66714,18.05425,1.13588,1,-0.03838,-0.03819,0.67535,0.00393,1,0.02581,-0.03693,0.69247,0.00376,1,0,0.00000,13
0.78161,0.19544,5686.98047,0.06152,13784,1,0.75209,0.25103,1,0.80788,0.14576,1,0.77998,0.19839,1,0.35287,0.67658,17.62722,1.12692,1,0.60098,0.66706,18.24299,1.12692,1,-0.03838,-0.03819,0.67535,0.00389,1,0.02581,-0.03693,0.69247,0.00368,1,0,0.00000,13
0.78146,0.19649,5686.98047,0.06836,13784,1,0.75419,0.25997,1,0.80577,0.15398,1,0.77998,0.20697,1,0.35291,0.67655,17.69626,1.12692,1,0.60096,0.66712,18.38920,1.12692,1,-0.03838,-0.03819,0.67535,0.00387,1,0.02581,-0.03693,0.69247,0.00368,1,0,0.00000,13
0.78152,0.19679,5686.98047,0.07373,13784,1,0.75472,0.26171,1,0.80978,0.13838,1,0.78225,0.20004,1,0.35294,0.67651,17.79741,1.12692,1,0.60096,0.66712,18.42200,1.12692,1,-0.03838,-0.03819,0.67535,0.00387,1,0.02581,-0.03693,0.69247,0.00368,1,0,0.00000,13
0.78147,0.19733,5686.98047,0.08057,13784,1,0.75472,0.26171,1,0.80694,0.14586,1,0.78083,0.20378,1,0.35302,0.67647,17.80304,1.12692,1,0.60098,0.66709,18.37012,1.11776,1,-0.03838,-0.03809,0.67535,0.00386,1,0.02545,-0.03629,0.68146,0.00368,1,0,0.00000,13
0.78165,0.19883,5686.98047,0.08691,13784,1,0.75044,0.22717,1,0.81762,0.20951,1,0.78403,0.21834,1,0.35295,0.67646,17.88342,1.11776,1,0.60097,0.66700,18.21680,1.10859,1,-0.03838,-0.03809,0.67535,0.00379,1,0.02545,-0.03629,0.68146,0.00371,1,0,0.00000,13
0.78251,0.20033,5686.98047,0.09570,13784,1,0.76177,0.24303,1,0.82718,0.19959,1,0.79447,0.22131,1,0.35317,0.67652,18.05090,1.10859,1,0.60107,0.66705,18.31113,1.09942,1,-0.03838,-0.03809,0.67535,0.00386,1,0.02545,-0.03629,0.68146,0.00377,1,0,0.00000,13
0.78314,0.20208,5686.98047,0.10010,13784,1,0.76114,0.25006,1,0.82412,0.20675,1,0.79263,0.22841,1,0.35311,0.67625,18.03730,1.09942,1,0.60109,0.66701,18.40891,1.09026,1,-0.03838,-0.03799,0.67535,0.00389,1,0.02560,-0.03660,0.68547,0.00380,1,0,0.00000,13
0.78324,0.20198,5686.98047,0.10645,13784,1,0.76073,0.23426,1,0.80903,0.16641,1,0.78488,0.20034,1,0.35308,0.67622,17.99986,1.09026,1,0.60119,0.66692,18.56194,1.09026,1,-0.03838,-0.03799,0.67535,0.00391,1,0.02560,-0.03660,0.68547,0.00380,1,0,0.00000,13
0.78420,0.20483,5686.98047,0.11475,13784,1,0.77188,0.29059,1,0.82906,0.21593,1,0.80047,0.25326,1,0.35305,0.67623,18.12368,1.09026,1,0.60117,0.66688,18.31888,1.09026,1,-0.03838,-0.03799,0.67535,0.00391,1,0.02560,-0.03660,0.68547,0.00376,1,0,0.00000,13
0.78498,0.20754,5686.98047,0.12061,13784,1,0.77188,0.29059,1,0.82632,0.22219,1,0.79910,0.25639,1,0.35318,0.67628,18.39635,1.09026,1,0.60103,0.66673,17.62376,1.08217,1,-0.03838,-0.03799,0.67535,0.00388,1,0.02481,-0.03541,0.66317,0.00385,1,0,0.00000,13
0.78386,0.21010,5686.98047,0.12891,13784,1,0.75159,0.29246,1,0.77328,0.22492,1,0.76244,0.25869,1,0.35323,0.67592,17.57509,1.08217,1,0.60114,0.66672,17.44764,1.07408,1,-0.03838,-0.03799,0.67535,0.00392,1,0.02481,-0.03541,0.66317,0.00389,1,0,0.00000,13
0.78316,0.21325,5686.98047,0.13379,13784,1,0.74999,0.29013,1,0.78844,0.26225,1,0.76922,0.27619,1,0.35319,0.67589,17.82403,1.07408,1,0.60131,0.66662,17.47139,1.06599,1,-0.03838,-0.03799,0.67535,0.00391,1,0.02481,-0.03541,0.66317,0.00375,1,0,0.00000,13
0.78259,0.21594,5686.98047,0.14062,13784,1,0.75004,0.28948,1,0.79123,0.25551,1,0.77064,0.27250,1,0.35331,0.67597,17.85418,1.07495,1,0.60140,0.66674,18.37247,1.07495,1,-0.04002,-0.03966,0.70502,0.00393,1,0.02528,-0.03591,0.67434,0.00371,1,0,0.00000,13
0.78163,0.21817,5686.98047,0.14746,13784,1,0.75822,0.28386,1,0.76281,0.25061,1,0.76052,0.26724,1,0.35343,0.67582,17.49286,1.08391,1,0.60150,0.66674,18.31661,1.09200,1,-0.04002,-0.03966,0.70502,0.00399,1,0.02528,-0.03591,0.67434,0.00378,1,0,0.00000,13
0.78129,0.21936,5686.98047,0.15430,13784,1,0.77339,0.27972,1,0.77332,0.21382,1,0.77336,0.24677,1,0.35345,0.67584,17.40062,1.10096,1,0.60151,0.66685,17.90812,1.10904,1,-0.04002,-0.03966,0.70502,0.00398,1,0.02528,-0.03591,0.67434,0.00376,1,0,0.00000,13
0.78109,0.21994,5686.98047,0.16260,13784,1,0.77474,0.26710,1,0.77818,0.20077,1,0.77646,0.23393,1,0.35350,0.67575,17.49241,1.11800,1,0.60156,0.66701,18.32001,1.12609,1,-0.03983,-0.03958,0.70361,0.00390,1,0.02564,-0.03632,0.68112,0.00374,1,0,0.00000,13
0.78128,0.21999,5686.98047,0.16895,13784,1,0.75110,0.26610,1,0.82069,0.17616,1,0.78589,0.22113,1,0.35345,0.67557,17.53279,1.12609,1,0.60170,0.66688,18.45839,1.12609,1,-0.03983,-0.03958,0.70361,0.00390,1,0.02564,-0.03632,0.68112,0.00373,1,0,0.00000,13
0.78180,0.21964,5686.98047,0.17627,13784,1,0.77599,0.24510,1,0.81486,0.17621,1,0.79543,0.21065,1,0.35349,0.67558,17.49927,1.12609,1,0.60177,0.66694,18.44555,1.12609,1,-0.03983,-0.03958,0.70361,0.00387,1,0.02564,-0.03632,0.68112,0.00373,1,0,0.00000,13
0.78223,0.21957,5686.98047,0.18262,13784,1,0.77528,0.25186,1,0.81204,0.18324,1,0.79366,0.21755,1,0.35377,0.67580,17.57264,1.11713,1,0.60180,0.66691,18.34372,1.11713,1,-0.03840,-0.03821,0.67924,0.00391,1,0.02564,-0.03637,0.68112,0.00378,1,0,0.00000,13
0.78269,0.21923,5686.98047,0.18750,13784,1,0.76852,0.23801,1,0.82268,0.18163,1,0.79560,0.20982,1,0.35378,0.67571,17.69024,1.10817,1,0.60186,0.66685,18.37725,1.10817,1,-0.03840,-0.03821,0.67924,0.00394,1,0.02564,-0.03637,0.68112,0.00379,1,0,0.00000,13
0.78316,0.21992,5686.98047,0.19434,13784,1,0.77701,0.26172,1,0.81662,0.21781,1,0.79682,0.23976,1,0.35381,0.67573,17.71945,1.09922,1,0.60188,0.66693,18.40936,1.09922,1,-0.03840,-0.03821,0.67924,0.00389,1,0.02564,-0.03637,0.68112,0.00379,1,0,0.00000,13
0.78346,0.22097,5686.98047,0.20068,13784,1,0.77627,0.26851,1,0.80874,0.23639,1,0.79250,0.25245,1,0.35395,0.67576,17.50627,1.09026,1,0.60192,0.66680,18.36136,1.07498,1,-0.03840,-0.03821,0.67924,0.00398,1,0.02396,-0.03399,0.63659,0.00374,1,0,0.00000,13
0.78375,0.22171,5686.98047,0.20801,13784,1,0.77423,0.26578,1,0.81122,0.22359,1,0.79272,0.24468,1,0.35400,0.67575,17.36837,1.07498,1,0.60196,0.66687,18.25154,1.05970,1,-0.03840,-0.03821,0.67924,0.00398,1,0.02396,-0.03399,0.63659,0.00377,1,0,0.00000,13
0.78372,0.22321,5686.98047,0.21680,13784,1,0.74590,0.29472,1,0.81946,0.24811,1,0.78268,0.27142,1,0.35400,0.67579,17.28209,1.05970,1,0.60196,0.66690,18.23668,1.04442,1,-0.03840,-0.03821,0.67924,0.00399,1,0.02396,-0.03399,0.63659,0.00382,1,0,0.00000,13
0.78373,0.22460,5686.98047,0.22168,13784,1,0.74554,0.29946,1,0.82256,0.24114,1,0.78405,0.27030,1,0.35406,0.67592,17.79648,1.05338,1,0.60224,0.66674,17.85618,1.05338,1,-0.03940,-0.03925,0.69783,0.00396,1,0.02545,-0.03596,0.67332,0.00374,1,0,0.00000,13
0.78437,0.22601,5686.98047,0.22803,13784,1,0.78241,0.27561,1,0.83019,0.27247,1,0.80630,0.27404,1,0.35472,0.67580,17.55443,1.06234,1,0.60271,0.66678,18.68624,1.07762,1,-0.03940,-0.03925,0.69783,0.00394,1,0.02545,-0.03596,0.67332,0.00375,1,0,0.00000,13
0.78582,0.22604,5686.98047,0.23486,13784,1,0.82061,0.26497,1,0.85224,0.18930,1,0.83642,0.22714,1,0.35522,0.67592,17.68632,1.08658,1,0.60314,0.66720,18.37595,1.10186,1,-0.03940,-0.03925,0.69783,0.00389,1,0.02545,-0.03596,0.67332,0.00376,1,0,0.00000,13
0.78724,0.22584,5686.98047,0.24170,13784,1,0.82246,0.25317,1,0.85478,0.18365,1,0.83862,0.21841,1,0.35587,0.67588,17.67342,1.10186,1,0.60381,0.66709,18.23455,1.10904,1,-0.03687,-0.03707,0.65910,0.00387,1,0.02530,-0.03546,0.66302,0.00380,1,0,0.00000,13
0.78918,0.22500,5686.98047,0.24805,13784,1,0.85269,0.26090,1,0.86929,0.12717,1,0.86099,0.19404,1,0.35645,0.67595,17.64025,1.10009,1,0.60399,0.66713,18.05414,1.09200,1,-0.03687,-0.03707,0.65910,0.00394,1,0.02530,-0.03546,0.66302,0.00386,1,0,0.00000,13
0.79093,0.22484,5686.98047,0.25488,13784,1,0.85397,0.26609,1,0.86038,0.17148,1,0.85718,0.21878,1,0.35625,0.67580,17.66522,1.08304,1,0.60394,0.66714,18.05162,1.07495,1,-0.03687,-0.03707,0.65910,0.00386,1,0.02530,-0.03546,0.66302,0.00386,1,0,0.00000,13
0.81651,0.23750,5686.98047,0.25488,13784,0,0.85140,0.27937,1,0.85707,0.17884,1,0.85423,0.22911,1,0.35627,0.67582,17.70897,1.06599,1,0.60398,0.66727,18.39230,1.06599,1,-0.03687,-0.03707,0.65910,0.00389,1,0.02591,-0.03623,0.67756,0.00381,1,0,0.00000,13
0.83770,0.22075,5686.98047,0.25488,13784,0,0.84499,0.27979,1,0.87278,0.12822,1,0.85889,0.20401,1,0.35624,0.67581,17.65578,1.06599,1,0.60397,0.66727,18.54797,1.07408,1,-0.03687,-0.03707,0.65910,0.00391,1,0.02591,-0.03623,0.67756,0.00380,1,0,0.00000,13
0.84372,0.21560,5686.98047,0.25488,13784,0,0.84499,0.28964,1,0.86652,0.12098,1,0.85576,0.20531,1,0.35631,0.67575,17.52439,1.07408,1,0.60397,0.66727,18.54797,1.08217,1,-0.03687,-0.03707,0.65910,0.00390,1,0.02591,-0.03623,0.67756,0.00380,1,0,0.00000,13
0.84725,0.21139,5687.24219,0.01953,13785,1,0.84616,0.28347,1,0.86951,0.11403,1,0.85784,0.19875,1,0.35631,0.67594,17.57497,1.08217,1,0.60402,0.66726,18.76887,1.09026,1,-0.03687,-0.03707,0.65910,0.00390,1,0.02591,-0.03623,0.67756,0.00381,1,0,0.00000,13
0.84955,0.21369,5687.24219,0.02637,13785,1,0.84902,0.27350,1,0.86854,0.17226,1,0.85878,0.22288,1,0.35626,0.67584,17.41239,1.09026,1,0.60404,0.66720,18.77012,1.09026,1,-0.03687,-0.03707,0.65910,0.00390,1,0.02591,-0.03623,0.67756,0.00384,1,0,0.00000,13
0.85155,0.21861,5687.24219,0.03418,13785,1,0.85115,0.28170,1,0.87187,0.20474,1,0.86151,0.24322,1,0.35622,0.67581,17.64850,1.09026,1,0.60409,0.66726,18.59926,1.09026,1,-0.03687,-0.03707,0.65910,0.00382,1,0.02591,-0.03623,0.67756,0.00384,1,0,0.00000,13
0.85297,0.22213,5687.24219,0.03955,13785,1,0.85115,0.28170,1,0.87187,0.20474,1,0.86151,0.24322,1,0.35626,0.67579,17.67396,1.09026,1,0.60409,0.66700,17.85267,1.09026,1,-0.03687,-0.03707,0.65910,0.00383,1,0.02609,-0.03643,0.68230,0.00397,1,0,0.00000,13
0.85381,0.22191,5687.24219,0.04688,13785,1,0.84735,0.26087,1,0.87203,0.17987,1,0.85969,0.22037,1,0.35624,0.67578,17.67785,1.09026,1,0.60404,0.66703,18.03557,1.09026,1,-0.03687,-0.03707,0.65910,0.00384,1,0.02609,-0.03643,0.68230,0.00389,1,0,0.00000,13
0.85409,0.22091,5687.24219,0.05322,13785,1,0.84843,0.25386,1,0.86422,0.17203,1,0.85633,0.21294,1,0.35628,0.67580,17.68544,1.09026,1,0.60416,0.66685,17.89450,1.09026,1,-0.03687,-0.03707,0.65910,0.00382,1,0.02609,-0.03643,0.68230,0.00392,1,0,0.00000,13
0.85431,0.22011,5687.24219,0.06006,13785,1,0.84843,0.25386,1,0.86422,0.17203,1,0.85633,0.21294,1,0.35629,0.67588,17.73421,1.09026,1,0.60407,0.66693,18.20287,1.09026,1,-0.03687,-0.03707,0.65910,0.00384,1,0.02591,-0.03623,0.67756,0.00395,1,0,0.00000,13
0.85492,0.22199,5687.24219,0.06689,13785,1,0.84210,0.26672,1,0.87999,0.21472,1,0.86105,0.24072,1,0.35625,0.67579,17.45692,1.09026,1,0.60411,0.66699,18.29093,1.09026,1,-0.03687,-0.03707,0.65910,0.00387,1,0.02591,-0.03623,0.67756,0.00394,1,0,0.00000,13
0.85526,0.22054,5687.24219,0.07324,13785,1,0.84197,0.26850,1,0.87588,0.14069,1,0.85893,0.20459,1,0.35629,0.67580,17.63226,1.09026,1,0.60409,0.66703,18.25201,1.09026,1,-0.03687,-0.03707,0.65910,0.00387,1,0.02591,-0.03623,0.67756,0.00396,1,0,0.00000,13
0.85542,0.21957,5687.24219,0.08057,13785,1,0.84197,0.26850,1,0.87284,0.14745,1,0.85741,0.20797,1,0.35629,0.67582,17.72117,1.09026,1,0.60408,0.66703,18.27030,1.08217,1,-0.03687,-0.03707,0.65910,0.00386,1,0.02530,-0.03541,0.66303,0.00396,1,0,0.00000,13
0.85575,0.22139,5687.24219,0.08691,13785,1,0.85021,0.27009,1,0.86982,0.21996,1,0.86001,0.24503,1,0.35635,0.67570,17.60192,1.08217,1,0.60406,0.66706,18.29153,1.07408,1,-0.03687,-0.03707,0.65910,0.00387,1,0.02530,-0.03541,0.66303,0.00398,1,0,0.00000,13
0.85508,0.22267,5687.24219,0.09375,13785,1,0.83655,0.26100,1,0.85467,0.22020,1,0.84561,0.24060,1,0.35634,0.67574,17.52438,1.07408,1,0.60412,0.66702,18.27729,1.06599,1,-0.03687,-0.03707,0.65910,0.00389,1,0.02530,-0.03541,0.66303,0.00390,1,0,0.00000,13
0.85445,0.22399,5687.24219,0.10059,13785,1,0.83545,0.26738,1,0.85467,0.22020,1,0.84506,0.24379,1,0.35631,0.67567,17.58413,1.06599,1,0.60419,0.66708,18.62128,1.06599,1,-0.03687,-0.03707,0.65910,0.00388,1,0.02620,-0.03649,0.68525,0.00390,1,0,0.00000,13
0.85461,0.22476,5687.24219,0.10693,13785,1,0.84312,0.25722,1,0.87111,0.21703,1,0.85711,0.23713,1,0.35629,0.67563,17.65123,1.06599,1,0.60407,0.66675,18.79441,1.07408,1,-0.03687,-0.03707,0.65910,0.00391,1,0.02620,-0.03649,0.68525,0.00389,1,0,0.00000,13
0.85518,0.22317,5687.24219,0.11377,13785,1,0.85211,0.22590,1,0.87779,0.16633,1,0.86495,0.19611,1,0.35633,0.67558,17.79558,1.07408,1,0.60422,0.66656,18.55095,1.08217,1,-0.03687,-0.03707,0.65910,0.00392,1,0.02620,-0.03649,0.68525,0.00379,1,0,0.00000,13
0.85581,0.22140,5687.24219,0.12012,13785,1,0.85332,0.21922,1,0.88087,0.15971,1,0.86710,0.18947,1,0.35624,0.67564,18.01357,1.08217,1,0.60423,0.66633,18.02527,1.09026,1,-0.03811,-0.03827,0.68132,0.00389,1,0.02620,-0.03649,0.68525,0.00383,1,0,0.00000,13
0.85615,0.21826,5687.24219,0.12695,13785,1,0.84898,0.16943,1,0.87619,0.14798,1,0.86258,0.15870,1,0.35633,0.67557,18.17899,1.09026,1,0.60424,0.66631,18.10939,1.09026,1,-0.03811,-0.03827,0.68132,0.00390,1,0.02620,-0.03649,0.68525,0.00385,1,0,0.00000,13
0.85638,0.21613,5687.24219,0.13379,13785,1,0.84599,0.18725,1,0.87631,0.15970,1,0.86115,0.17348,1,0.35628,0.67554,18.20237,1.09026,1,0.60423,0.66630,18.14612,1.09026,1,-0.03811,-0.03827,0.68132,0.00390,1,0.02620,-0.03649,0.68525,0.00383,1,0,0.00000,13
0.85653,0.21434,5687.24219,0.14111,13785,1,0.84599,0.18725,1,0.87325,0.16633,1,0.85962,0.17679,1,0.35624,0.67551,18.30786,1.09026,1,0.60419,0.66643,18.58286,1.08217,1,-0.03811,-0.03827,0.68132,0.00389,1,0.02530,-0.03531,0.66302,0.00383,1,0,0.00000,13
0.85458,0.21258,5687.24219,0.14746,13785,1,0.79796,0.18877,1,0.82518,0.15893,1,0.81157,0.17385,1,0.35568,0.67567,18.45439,1.08217,1,0.60379,0.66627,17.98397,1.07408,1,-0.03811,-0.03827,0.68132,0.00391,1,0.02530,-0.03531,0.66302,0.00374,1,0,0.00000,13
0.85165,0.21164,5687.24219,0.15332,13785,1,0.77876,0.23138,1,0.78998,0.14842,1,0.78437,0.18990,1,0.35476,0.67555,17.80400,1.07408,1,0.60271,0.66611,17.71002,1.06599,1,-0.03811,-0.03827,0.68132,0.00396,1,0.02530,-0.03531,0.66302,0.00371,1,0,0.00000,13
0.84895,0.21090,5687.24219,0.16016,13785,1,0.77807,0.23790,1,0.78998,0.14842,1,0.78403,0.19316,1,0.35322,0.67557,17.53930,1.06599,1,0.60104,0.66608,17.84258,1.06599,1,-0.03838,-0.03799,0.67535,0.00398,1,0.02532,-0.03625,0.68083,0.00374,1,0,0.00000,13
0.83897,0.21021,5687.24219,0.16699,13785,1,0.57752,0.20126,1,0.60163,0.18457,1,0.58958,0.19292,1,0.35051,0.67595,17.83366,1.06599,1,0.59836,0.66605,18.07954,1.07408,1,-0.03838,-0.03799,0.67535,0.00395,1,0.02532,-0.03625,0.68083,0.00386,1,0,0.00000,13
0.79274,0.19528,5687.24219,0.16699,13785,0,0.49897,0.26470,1,0.55267,0.17145,1,0.52582,0.21807,1,0.34895,0.67663,17.36024,1.07408,1,0.59630,0.66551,16.39728,1.08217,1,-0.03838,-0.03799,0.67535,0.00400,1,0.02532,-0.03625,0.68083,0.00396,1,0,0.00000,13
0.65939,0.20158,5687.24219,0.16699,13785,0,0.49766,0.25884,1,0.55440,0.15692,1,0.52603,0.20788,1,0.34695,0.67666,17.67930,1.08217,1,0.59460,0.66593,17.81227,1.09942,1,-0.03911,-0.03801,0.67214,0.00394,1,0.02492,-0.03726,0.69979,0.00387,1,0,0.00000,13
0.55970,0.20485,5687.24219,0.16699,13785,0,0.34973,0.25281,1,0.37094,0.16997,1,0.36033,0.21139,1,0.34444,0.67788,18.64596,1.09942,1,0.59192,0.66581,17.54527,1.10859,1,-0.03911,-0.03801,0.67214,0.00390,1,0.02492,-0.03726,0.69979,0.00376,1,0,0.00000,13
0.39819,0.20585,5687.24219,0.16699,13785,0,0.26998,0.23030,1,0.34642,0.16623,1,0.30820,0.19827,1,0.34342,0.67816,17.86415,1.10859,1,0.59019,0.66602,16.91941,1.11776,1,-0.03911,-0.03801,0.67214,0.00379,1,0.02492,-0.03726,0.69979,0.00373,1,0,0.00000,13
0.35239,0.20047,5687.24219,0.16699,13785,0,0.26676,0.22396,1,0.34642,0.16623,1,0.30659,0.19509,1,0.34138,0.67812,17.83504,1.11776,1,0.58839,0.66605,17.15469,1.11776,1,-0.04019,-0.03847,0.67847,0.00384,1,0.02336,-0.03622,0.68010,0.00362,1,0,0.00000,13
0.30910,0.22506,5687.24219,0.16699,13785,0,0.20922,0.28896,1,0.23583,0.25950,1,0.22253,0.27423,1,0.34038,0.67833,17.98275,1.11776,1,0.58687,0.66634,16.72187,1.10859,1,-0.04019,-0.03847,0.67847,0.00382,1,0.02336,-0.03622,0.68010,0.00376,1,0,0.00000,13
0.25160,0.24245,5687.24219,0.16699,13785,0,0.19991,0.27298,1,0.25146,0.24306,1,0.22568,0.25802,1,0.34043,0.67841,17.92231,1.10859,1,0.58695,0.66632,17.18267,1.09942,1,-0.04019,-0.03847,0.67847,0.00388,1,0.02336,-0.03622,0.68010,0.00369,1,0,0.00000,13
0.24108,0.25636,5687.24219,0.16699,13785,0,0.20698,0.28407,1,0.25416,0.25650,1,0.23057,0.27028,1,0.33999,0.67833,17.71045,1.09152,1,0.58678,0.66630,17.33889,1.08235,1,-0.03880,-0.03695,0.65257,0.00396,1,0.02291,-0.03569,0.67014,0.00372,1,0,0.00000,13
0.24005,0.26147,5687.24219,0.16699,13785,0,0.22777,0.28878,1,0.24820,0.25460,1,0.23798,0.27169,1,0.33988,0.67828,17.86474,1.07445,1,0.58678,0.66627,17.35032,1.07445,1,-0.03880,-0.03695,0.65257,0.00396,1,0.02291,-0.03569,0.67014,0.00372,1,0,0.00000,13
0.23855,0.26258,5687.45605,0.02002,13786,1,0.22883,0.27885,1,0.23924,0.25294,1,0.23404,0.26589,1,0.33992,0.67832,17.99494,1.06655,1,0.58657,0.66618,17.06255,1.06655,1,-0.03880,-0.03695,0.65257,0.00396,1,0.02291,-0.03569,0.67014,0.00369,1,0,0.00000,13
0.23749,0.26251,5687.45605,0.02686,13786,1,0.22883,0.27885,1,0.23765,0.24557,1,0.23324,0.26221,1,0.33978,0.67834,18.30543,1.06655,1,0.58659,0.66617,17.22209,1.07571,1,-0.03997,-0.03802,0.67144,0.00390,1,0.02401,-0.03748,0.70388,0.00374,1,0,0.00000,13
0.23801,0.25962,5687.45605,0.03369,13786,1,0.20117,0.28481,1,0.28011,0.20555,1,0.24064,0.24518,1,0.33962,0.67824,18.20277,1.08362,1,0.58659,0.66609,17.26252,1.09278,1,-0.03997,-0.03802,0.67144,0.00389,1,0.02401,-0.03748,0.70388,0.00372,1,0,0.00000,13
0.23696,0.25619,5687.45605,0.04004,13786,1,0.20029,0.27175,1,0.26108,0.19946,1,0.23068,0.23561,1,0.33956,0.67813,18.53269,1.10069,1,0.58649,0.66598,16.96389,1.10985,1,-0.03997,-0.03802,0.67144,0.00388,1,0.02401,-0.03748,0.70388,0.00368,1,0,0.00000,13
0.23526,0.25122,5687.45605,0.04688,13786,1,0.18946,0.25479,1,0.25723,0.17812,1,0.22334,0.21646,1,0.33956,0.67810,18.30747,1.12672,1,0.58649,0.66609,17.70343,1.13588,1,-0.04244,-0.04032,0.71197,0.00388,1,0.02401,-0.03738,0.70388,0.00363,1,0,0.00000,13
0.23473,0.24457,5687.45605,0.05420,13786,1,0.21432,0.23147,1,0.24670,0.15122,1,0.23051,0.19135,1,0.33946,0.67813,18.35495,1.14484,1,0.58637,0.66610,17.81362,1.14484,1,-0.04244,-0.04032,0.71197,0.00382,1,0.02401,-0.03738,0.70388,0.00366,1,0,0.00000,13
0.23341,0.23887,5687.45605,0.06006,13786,1,0.19645,0.23051,1,0.24650,0.14458,1,0.22147,0.18754,1,0.33943,0.67821,17.83594,1.15380,1,0.58628,0.66594,17.54378,1.15380,1,-0.04244,-0.04032,0.71197,0.00386,1,0.02401,-0.03738,0.70388,0.00364,1,0,0.00000,13
0.23210,0.23359,5687.45605,0.06738,13786,1,0.19287,0.22466,1,0.24513,0.13707,1,0.21900,0.18086,1,0.33943,0.67823,18.11858,1.16276,1,0.58635,0.66592,17.55862,1.16276,1,-0.04173,-0.03959,0.70004,0.00385,1,0.02383,-0.03715,0.69855,0.00365,1,0,0.00000,13
0.23214,0.23141,5687.45605,0.07764,13786,1,0.21739,0.27306,1,0.24786,0.14181,1,0.23263,0.20744,1,0.33938,0.67825,18.46173,1.16276,1,0.58633,0.66591,17.48813,1.16276,1,-0.04173,-0.03959,0.70004,0.00385,1,0.02383,-0.03715,0.69855,0.00369,1,0,0.00000,13
0.23159,0.22647,5687.45605,0.08154,13786,1,0.21746,0.20603,1,0.23241,0.12816,1,0.22494,0.16709,1,0.33936,0.67808,18.28487,1.16276,1,0.58639,0.66604,17.81699,1.16276,1,-0.04173,-0.03959,0.70004,0.00388,1,0.02383,-0.03715,0.69855,0.00373,1,0,0.00000,13
0.23134,0.22299,5687.45605,0.08691,13786,1,0.22085,0.21204,1,0.23538,0.14351,1,0.22812,0.17777,1,0.33929,0.67819,18.37962,1.15380,1,0.58625,0.66582,17.35342,1.14463,1,0.00000,0.00000,0.00000,0.00387,0,0.02299,-0.03591,0.67523,0.00380,1,0,0.00000,13
0.23138,0.22324,5687.45605,0.09375,13786,1,0.21690,0.27660,1,0.24706,0.17705,1,0.23198,0.22683,1,0.33927,0.67819,18.31981,1.13568,1,0.58637,0.66591,17.73093,1.12651,1,0.00000,0.00000,0.00000,0.00384,0,0.02299,-0.03591,0.67523,0.00371,1,0,0.00000,13
0.23119,0.22418,5687.45605,0.10205,13786,1,0.21058,0.28787,1,0.24599,0.18872,1,0.22829,0.23830,1,0.33923,0.67816,18.43069,1.11755,1,0.58634,0.66595,17.73307,1.10838,1,0.00000,0.00000,0.00000,0.00384,0,0.02299,-0.03591,0.67523,0.00375,1,0,0.00000,13
0.23132,0.22580,5687.45605,0.10889,13786,1,0.21788,0.29936,1,0.24891,0.20379,1,0.23339,0.25158,1,0.33917,0.67817,18.34033,1.09943,1,0.58627,0.66592,17.77729,1.09026,1,0.00000,0.00000,0.00000,0.00383,0,0.02299,-0.03591,0.67523,0.00375,1,0,0.00000,13
0.23125,0.22795,5687.45605,0.11426,13786,1,0.21924,0.30498,1,0.24107,0.22418,1,0.23015,0.26458,1,0.33909,0.67828,18.17404,1.09026,1,0.58623,0.66602,17.62857,1.09026,1,0.00000,0.00000,0.00000,0.00392,0,0.02299,-0.03591,0.67523,0.00372,1,0,0.00000,13
0.23104,0.22983,5687.45605,0.12109,13786,1,0.21219,0.32858,1,0.24212,0.19885,1,0.22716,0.26372,1,0.33930,0.67811,18.08521,1.09026,1,0.58621,0.66601,17.61417,1.09026,1,0.00000,0.00000,0.00000,0.00388,0,0.02299,-0.03591,0.67523,0.00374,1,0,0.00000,13
0.23084,0.23153,5687.45605,0.12744,13786,1,0.21219,0.32858,1,0.24212,0.19885,1,0.22716,0.26372,1,0.33903,0.67836,18.30193,1.09026,1,0.58628,0.66593,17.43622,1.09026,1,0.00000,0.00000,0.00000,0.00388,0,0.02299,-0.03591,0.67523,0.00372,1,0,0.00000,13
0.23048,0.23284,5687.45605,0.13428,13786,1,0.21034,0.26469,1,0.23591,0.25340,1,0.22313,0.25904,1,0.33893,0.67834,18.07039,1.09026,1,0.58625,0.66594,17.44502,1.09026,1,0.00000,0.00000,0.00000,0.00390,0,0.02299,-0.03591,0.67523,0.00370,1,0,0.00000,13
0.22997,0.23359,5687.45605,0.14111,13786,1,0.20987,0.27807,1,0.22887,0.22092,1,0.21937,0.24950,1,0.33893,0.67834,18.07039,1.09026,1,0.58624,0.66596,17.45590,1.09026,1,0.00000,0.00000,0.00000,0.00390,0,0.02299,-0.03591,0.67523,0.00368,1,0,0.00000,13
0.22951,0.23429,5687.45605,0.14746,13786,1,0.20987,0.27807,1,0.22887,0.22092,1,0.21937,0.24950,1,0.33893,0.67830,17.96935,1.09026,1,0.58626,0.66596,17.66204,1.09026,1,0.00000,0.00000,0.00000,0.00391,0,0.02299,-0.03596,0.67523,0.00366,1,0,0.00000,13
0.22894,0.23512,5687.45605,0.15430,13786,1,0.20351,0.27856,1,0.22822,0.22993,1,0.21587,0.25424,1,0.33879,0.67823,18.12165,1.09026,1,0.58626,0.66596,17.66204,1.09026,1,0.00000,0.00000,0.00000,0.00389,0,0.02299,-0.03596,0.67523,0.00366,1,0,0.00000,13
0.22843,0.23594,5687.45605,0.16113,13786,1,0.20298,0.27507,1,0.22907,0.23651,1,0.21603,0.25579,1,0.33883,0.67821,18.08929,1.09026,1,0.58624,0.66598,17.75778,1.09026,1,0.00000,0.00000,0.00000,0.00392,0,0.02299,-0.03596,0.67523,0.00365,1,0,0.00000,13
0.22792,0.23657,5687.45605,0.16797,13786,1,0.20298,0.27507,1,0.22744,0.22915,1,0.21521,0.25211,1,0.33874,0.67830,18.09610,1.09026,1,0.58616,0.66603,17.65995,1.09943,1,0.00000,0.00000,0.00000,0.00386,0,0.02372,-0.03719,0.69841,0.00362,1,0,0.00000,13
0.22753,0.23633,5687.45605,0.17432,13786,1,0.22786,0.26485,1,0.20728,0.19559,1,0.21757,0.23022,1,0.33882,0.67836,17.98363,1.09943,1,0.58604,0.66616,17.63612,1.10859,1,0.00000,0.00000,0.00000,0.00390,0,0.02372,-0.03719,0.69841,0.00368,1,0,0.00000,13
0.22781,0.23609,5687.45605,0.18115,13786,1,0.20819,0.26040,1,0.26255,0.19879,1,0.23537,0.22959,1,0.33865,0.67848,17.99875,1.10859,1,0.58589,0.66628,17.60323,1.11776,1,0.00000,0.00000,0.00000,0.00387,0,0.02372,-0.03719,0.69841,0.00368,1,0,0.00000,13
0.22809,0.23596,5687.45605,0.18750,13786,1,0.20768,0.25957,1,0.26370,0.20522,1,0.23569,0.23239,1,0.33838,0.67834,18.13235,1.10985,1,0.58562,0.66621,17.35480,1.10985,1,-0.03938,-0.03723,0.65577,0.00387,1,0.02282,-0.03601,0.67632,0.00366,1,0,0.00000,13
0.22657,0.23567,5687.45605,0.19434,13786,1,0.17912,0.26767,1,0.18596,0.18689,1,0.18254,0.22728,1,0.33817,0.67829,18.18278,1.10195,1,0.58510,0.66594,17.98413,1.09278,1,-0.03938,-0.03723,0.65577,0.00396,1,0.02282,-0.03601,0.67632,0.00365,1,0,0.00000,13
0.22593,0.23531,5687.45605,0.20068,13786,1,0.20816,0.27012,1,0.20529,0.17850,1,0.20673,0.22431,1,0.33791,0.67840,18.41890,1.08488,1,0.58495,0.66589,17.92751,1.07571,1,-0.03938,-0.03723,0.65577,0.00395,1,0.02282,-0.03601,0.67632,0.00370,1,0,0.00000,13
0.22533,0.23497,5687.45605,0.20703,13786,1,0.20825,0.27026,1,0.20533,0.17868,1,0.20679,0.22447,1,0.33768,0.67848,18.03698,1.08467,1,0.58471,0.66616,17.92484,1.07550,1,-0.04280,-0.04035,0.71076,0.00404,1,0.02267,-0.03611,0.67803,0.00370,1,0,0.00000,13
0.22481,0.23502,5687.45605,0.21484,13786,1,0.18267,0.29305,1,0.23365,0.17995,1,0.20816,0.23650,1,0.33752,0.67834,17.94508,1.09237,1,0.58464,0.66608,17.85640,1.09237,1,-0.04280,-0.04035,0.71076,0.00394,1,0.02267,-0.03611,0.67803,0.00364,1,0,0.00000,13
0.22419,0.23410,5687.45605,0.22266,13786,1,0.18300,0.24744,1,0.22454,0.16004,1,0.20377,0.20374,1,0.33744,0.67837,18.09571,1.10923,1,0.58463,0.66612,17.89820,1.10923,1,-0.04280,-0.04035,0.71076,0.00395,1,0.02267,-0.03611,0.67803,0.00363,1,0,0.00000,13
0.22346,0.23286,5687.45605,0.22705,13786,1,0.17580,0.23625,1,0.22154,0.14554,1,0.19867,0.19090,1,0.33741,0.67842,18.28669,1.12609,1,0.58441,0.66600,17.68561,1.12609,1,-0.04207,-0.03962,0.69873,0.00392,1,0.02267,-0.03611,0.67803,0.00361,1,0,0.00000,13
0.22242,0.23169,5687.45605,0.23389,13786,1,0.15612,0.25172,1,0.21607,0.12944,1,0.18609,0.19058,1,0.33741,0.67824,18.33217,1.12609,1,0.58445,0.66584,17.48375,1.12609,1,-0.04207,-0.03962,0.69873,0.00391,1,0.02267,-0.03611,0.67803,0.00361,1,0,0.00000,13
0.22121,0.23010,5687.45605,0.24072,13786,1,0.15639,0.23537,1,0.19873,0.11055,1,0.17756,0.17296,1,0.33727,0.67821,18.68479,1.12609,1,0.58444,0.66565,17.84189,1.12609,1,-0.04207,-0.03962,0.69873,0.00388,1,0.02267,-0.03611,0.67803,0.00365,1,0,0.00000,13
0.22014,0.22878,5687.45605,0.24805,13786,1,0.16036,0.24129,1,0.20049,0.11856,1,0.18042,0.17992,1,0.33734,0.67826,18.29324,1.11713,1,0.58442,0.66578,17.42714,1.11713,1,-0.04114,-0.03860,0.68074,0.00394,1,0.02267,-0.03600,0.67803,0.00370,1,0,0.00000,13
0.20092,0.20682,5687.45605,0.24805,13786,0,0.18624,0.25121,1,0.19218,0.08717,1,0.18921,0.16919,1,0.33729,0.67848,18.85962,1.10818,1,0.58441,0.66563,17.22124,1.10818,1,-0.04114,-0.03860,0.68074,0.00385,1,0.02267,-0.03600,0.67803,0.00370,1,0,0.00000,13
0.20261,0.19599,5687.45605,0.24805,13786,0,0.21269,0.24603,1,0.19591,0.12429,1,0.20430,0.18516,1,0.33735,0.67829,18.52669,1.09922,1,0.58431,0.66552,17.24932,1.09922,1,-0.04114,-0.03860,0.68074,0.00388,1,0.02267,-0.03600,0.67803,0.00363,1,0,0.00000,13
0.20408,0.19474,5687.45605,0.24805,13786,0,0.21633,0.25210,1,0.19774,0.13237,1,0.20703,0.19224,1,0.33725,0.67817,18.28501,1.09026,1,0.58447,0.66539,16.99853,1.09026,1,-0.04112,-0.03863,0.68041,0.00388,1,0.02290,-0.03653,0.68791,0.00358,1,0,0.00000,13
0.20321,0.19395,5687.71143,0.02002,13787,1,0.21356,0.20437,1,0.18762,0.17880,1,0.20059,0.19158,1,0.33708,0.67827,18.01675,1.09026,1,0.58429,0.66555,17.33743,1.09026,1,-0.04112,-0.03863,0.68041,0.00388,1,0.02290,-0.03653,0.68791,0.00362,1,0,0.00000,13
0.20302,0.20508,5687.71143,0.02588,13787,1,0.21114,0.21142,1,0.19341,0.28774,1,0.20227,0.24958,1,0.33719,0.67811,17.70918,1.09026,1,0.58436,0.66550,17.16694,1.09026,1,-0.04112,-0.03863,0.68041,0.00386,1,0.02290,-0.03653,0.68791,0.00358,1,0,0.00000,13
0.20290,0.21249,5687.71143,0.03223,13787,1,0.21114,0.21142,1,0.19341,0.28774,1,0.20227,0.24958,1,0.33723,0.67812,17.63975,1.09026,1,0.58436,0.66549,17.05801,1.09026,1,-0.04137,-0.03886,0.68453,0.00384,1,0.02290,-0.03653,0.68791,0.00359,1,0,0.00000,13
0.20336,0.20566,5687.71143,0.03906,13787,1,0.21817,0.20491,1,0.19408,0.12446,1,0.20613,0.16469,1,0.33714,0.67796,17.94499,1.09026,1,0.58441,0.66535,16.74173,1.09026,1,-0.04137,-0.03886,0.68453,0.00385,1,0.02290,-0.03653,0.68791,0.00359,1,0,0.00000,13
0.20317,0.20207,5687.71143,0.04688,13787,1,0.20600,0.20709,1,0.19777,0.14674,1,0.20188,0.17692,1,0.33706,0.67821,17.92908,1.09026,1,0.58437,0.66543,16.85668,1.09026,1,-0.04137,-0.03886,0.68453,0.00388,1,0.02290,-0.03653,0.68791,0.00358,1,0,0.00000,13
0.20312,0.19968,5687.71143,0.05273,13787,1,0.20600,0.20709,1,0.19942,0.15393,1,0.20271,0.18051,1,0.33698,0.67830,17.80050,1.09026,1,0.58426,0.66551,17.69051,1.08217,1,-0.04114,-0.03860,0.68074,0.00385,1,0.02206,-0.03515,0.66111,0.00354,1,0,0.00000,13
0.20298,0.19938,5687.71143,0.05957,13787,1,0.21434,0.20434,1,0.18903,0.18902,1,0.20168,0.19668,1,0.33695,0.67830,18.10843,1.08217,1,0.58424,0.66559,17.29668,1.07408,1,-0.04114,-0.03860,0.68074,0.00384,1,0.02206,-0.03515,0.66111,0.00355,1,0,0.00000,13
0.20174,0.20174,5687.71143,0.06592,13787,1,0.20890,0.21816,1,0.16972,0.23259,1,0.18931,0.22537,1,0.33695,0.67837,17.83552,1.07408,1,0.58427,0.66563,17.20661,1.06599,1,-0.04114,-0.03860,0.68074,0.00385,1,0.02206,-0.03515,0.66111,0.00358,1,0,0.00000,13
0.20084,0.20395,5687.71143,0.07324,13787,1,0.21228,0.22394,1,0.16972,0.23259,1,0.19100,0.22827,1,0.33695,0.67833,18.03648,1.06599,1,0.58424,0.66563,17.24902,1.06599,1,-0.04114,-0.03860,0.68074,0.00383,1,0.02246,-0.03587,0.67464,0.00359,1,0,0.00000,13
0.20044,0.20415,5687.71143,0.08008,13787,1,0.21311,0.19942,1,0.17819,0.21371,1,0.19565,0.20656,1,0.33697,0.67825,18.16371,1.06599,1,0.58426,0.66564,17.17706,1.07408,1,-0.04114,-0.03860,0.68074,0.00386,1,0.02246,-0.03587,0.67464,0.00357,1,0,0.00000,13
0.20036,0.20563,5687.71143,0.08789,13787,1,0.21455,0.25461,1,0.18389,0.19502,1,0.19922,0.22481,1,0.33694,0.67829,18.04924,1.07408,1,0.58421,0.66562,17.27470,1.08217,1,-0.04114,-0.03860,0.68074,0.00384,1,0.02246,-0.03587,0.67464,0.00357,1,0,0.00000,13
0.20004,0.20623,5687.71143,0.09326,13787,1,0.21120,0.24907,1,0.18012,0.18032,1,0.19566,0.21470,1,0.33695,0.67823,18.10500,1.08217,1,0.58425,0.66554,17.12991,1.09943,1,-0.04114,-0.03860,0.68074,0.00384,1,0.02355,-0.03752,0.70567,0.00356,1,0,0.00000,13
0.19959,0.20391,5687.71143,0.10059,13787,1,0.20765,0.18584,1,0.17800,0.15220,1,0.19282,0.16902,1,0.33689,0.67807,17.44846,1.09943,1,0.58421,0.66562,17.27470,1.10859,1,-0.04114,-0.03860,0.68074,0.00389,1,0.02355,-0.03752,0.70567,0.00357,1,0,0.00000,13
0.19952,0.20122,5687.71143,0.10693,13787,1,0.20524,0.17441,1,0.19142,0.14203,1,0.19833,0.15822,1,0.33705,0.67823,18.26124,1.10859,1,0.58422,0.66564,17.34418,1.11776,1,-0.04114,-0.03860,0.68074,0.00380,1,0.02355,-0.03752,0.70567,0.00355,1,0,0.00000,13
0.19939,0.19884,5687.71143,0.11523,13787,1,0.20151,0.16776,1,0.19307,0.14908,1,0.19729,0.15842,1,0.33697,0.67804,17.38112,1.11776,1,0.58423,0.66564,17.38035,1.10967,1,-0.04114,-0.03860,0.68074,0.00386,1,0.02192,-0.03488,0.65694,0.00355,1,0,0.00000,13
0.19909,0.19645,5687.71143,0.12109,13787,1,0.20589,0.17402,1,0.18130,0.13262,1,0.19359,0.15332,1,0.33704,0.67814,18.04839,1.10967,1,0.58423,0.66562,17.46402,1.09242,1,-0.04114,-0.03860,0.68074,0.00378,1,0.02192,-0.03488,0.65694,0.00355,1,0,0.00000,13
0.19942,0.19575,5687.71143,0.12744,13787,1,0.20907,0.17821,1,0.20229,0.18683,1,0.20568,0.18252,1,0.33695,0.67805,17.58042,1.09242,1,0.58425,0.66565,17.32357,1.07516,1,-0.04114,-0.03860,0.68074,0.00383,1,0.02192,-0.03488,0.65694,0.00358,1,0,0.00000,13
0.19997,0.19578,5687.71143,0.13477,13787,1,0.21614,0.19090,1,0.20581,0.20172,1,0.21097,0.19631,1,0.33701,0.67802,17.57665,1.07516,1,0.58443,0.66540,16.81176,1.05791,1,-0.04114,-0.03860,0.68074,0.00382,1,0.02192,-0.03488,0.65694,0.00357,1,0,0.00000,13
0.20091,0.19621,5687.71143,0.13965,13787,1,0.23607,0.21318,1,0.20511,0.19763,1,0.22059,0.20540,1,0.33714,0.67808,18.25933,1.05791,1,0.58440,0.66544,17.11023,1.05791,1,-0.04114,-0.03860,0.68074,0.00381,1,0.02192,-0.03488,0.65694,0.00356,1,0,0.00000,13
0.20175,0.19867,5687.71143,0.14697,13787,1,0.22977,0.27082,1,0.21098,0.23442,1,0.22037,0.25262,1,0.33717,0.67816,18.17757,1.05791,1,0.58456,0.66545,16.82081,1.05791,1,-0.04114,-0.03860,0.68074,0.00378,1,0.02192,-0.03488,0.65694,0.00368,1,0,0.00000,13
0.20238,0.20049,5687.71143,0.15283,13787,1,0.22612,0.26468,1,0.20757,0.22027,1,0.21685,0.24248,1,0.33712,0.67807,18.16474,1.06686,1,0.58436,0.66541,17.10269,1.07495,1,-0.04186,-0.03932,0.69344,0.00385,1,0.02267,-0.03600,0.67803,0.00354,1,0,0.00000,13
0.20286,0.20134,5687.71143,0.15967,13787,1,0.23013,0.22652,1,0.19883,0.21687,1,0.21448,0.22169,1,0.33726,0.67801,18.09654,1.08391,1,0.58439,0.66545,17.45400,1.09200,1,-0.04186,-0.03932,0.69344,0.00384,1,0.02267,-0.03600,0.67803,0.00356,1,0,0.00000,13
0.20238,0.20162,5687.71143,0.16650,13787,1,0.18540,0.20629,1,0.19516,0.21100,1,0.19028,0.20864,1,0.33722,0.67806,18.48744,1.10096,1,0.58436,0.66541,17.46119,1.10905,1,-0.04186,-0.03932,0.69344,0.00385,1,0.02267,-0.03600,0.67803,0.00354,1,0,0.00000,13
0.20173,0.20140,5687.71143,0.17334,13787,1,0.17813,0.19434,1,0.19169,0.19710,1,0.18491,0.19572,1,0.33733,0.67787,18.09499,1.11800,1,0.58446,0.66537,17.38768,1.12609,1,-0.04186,-0.03932,0.69344,0.00389,1,0.02267,-0.03600,0.67803,0.00354,1,0,0.00000,13
0.20107,0.20088,5687.71143,0.18018,13787,1,0.14747,0.17425,1,0.21874,0.19957,1,0.18311,0.18691,1,0.33730,0.67783,17.48368,1.12609,1,0.58439,0.66546,17.59709,1.12609,1,-0.04186,-0.03932,0.69344,0.00384,1,0.02267,-0.03600,0.67803,0.00353,1,0,0.00000,13
0.19996,0.19960,5687.71143,0.18701,13787,1,0.14335,0.17106,1,0.19433,0.15616,1,0.16884,0.16361,1,0.33735,0.67750,17.37497,1.12609,1,0.58445,0.66524,17.24638,1.12609,1,-0.04186,-0.03932,0.69344,0.00392,1,0.02267,-0.03600,0.67803,0.00352,1,0,0.00000,13
0.19902,0.19863,5687.71143,0.19385,13787,1,0.14740,0.17739,1,0.19613,0.16380,1,0.17176,0.17060,1,0.33734,0.67744,17.17373,1.11713,1,0.58441,0.66534,17.14322,1.11713,1,-0.04156,-0.03904,0.68944,0.00388,1,0.02253,-0.03573,0.67382,0.00351,1,0,0.00000,13
0.19888,0.19816,5687.71143,0.20117,13787,1,0.17127,0.18980,1,0.21854,0.17797,1,0.19490,0.18388,1,0.33727,0.67774,17.79842,1.10818,1,0.58456,0.66525,17.47767,1.10818,1,-0.04156,-0.03904,0.68944,0.00382,1,0.02253,-0.03573,0.67382,0.00352,1,0,0.00000,13
0.19898,0.19779,5687.71143,0.20654,13787,1,0.17638,0.18987,1,0.22769,0.18272,1,0.20203,0.18630,1,0.33734,0.67752,17.30443,1.09922,1,0.58451,0.66530,17.33821,1.09922,1,-0.04156,-0.03904,0.68944,0.00383,1,0.02253,-0.03573,0.67382,0.00351,1,0,0.00000,13
0.19913,0.19753,5687.71143,0.21338,13787,1,0.18028,0.19629,1,0.22765,0.18254,1,0.20396,0.18941,1,0.33734,0.67772,17.78789,1.09026,1,0.58473,0.66541,17.29939,1.09943,1,-0.04079,-0.03827,0.67667,0.00380,1,0.02390,-0.03776,0.71311,0.00360,1,0,0.00000,13
0.19911,0.19714,5687.71143,0.22021,13787,1,0.18999,0.18878,1,0.20678,0.17954,1,0.19838,0.18416,1,0.33737,0.67771,17.84249,1.09943,1,0.58506,0.66528,17.38334,1.10859,1,-0.04079,-0.03827,0.67667,0.00374,1,0.02390,-0.03776,0.71311,0.00359,1,0,0.00000,13
0.19850,0.19612,5687.71143,0.22656,13787,1,0.18850,0.16643,1,0.16700,0.15688,1,0.17775,0.16166,1,0.33740,0.67773,17.81201,1.10859,1,0.58506,0.66534,17.16132,1.11776,1,-0.04079,-0.03827,0.67667,0.00378,1,0.02390,-0.03776,0.71311,0.00353,1,0,0.00000,13
0.19787,0.19507,5687.71143,0.23340,13787,1,0.18465,0.15976,1,0.16700,0.15688,1,0.17583,0.15832,1,0.33773,0.67771,18.18151,1.11776,1,0.58506,0.66524,17.00897,1.11776,1,-0.04111,-0.03865,0.68355,0.00385,1,0.02269,-0.03576,0.67537,0.00356,1,0,0.00000,13
0.19752,0.19412,5687.71143,0.24072,13787,1,0.19727,0.15456,1,0.17240,0.16483,1,0.18483,0.15969,1,0.33790,0.67750,17.91217,1.11776,1,0.58510,0.66512,17.26502,1.10859,1,-0.04111,-0.03865,0.68355,0.00386,1,0.02269,-0.03576,0.67537,0.00354,1,0,0.00000,13
0.19747,0.19443,5687.71143,0.25000,13787,1,0.20793,0.22903,1,0.18316,0.18250,1,0.19555,0.20577,1,0.33782,0.67760,17.91998,1.10859,1,0.58508,0.66515,17.41270,1.09943,1,-0.04111,-0.03865,0.68355,0.00383,1,0.02269,-0.03576,0.67537,0.00353,1,0,0.00000,13
0.19751,0.19498,5687.71143,0.25586,13787,1,0.21165,0.23531,1,0.18688,0.19715,1,0.19927,0.21623,1,0.33790,0.67767,18.22116,1.09943,1,0.58510,0.66509,17.36416,1.08217,1,-0.04111,-0.03865,0.68355,0.00377,1,0.02236,-0.03516,0.66409,0.00352,1,0,0.00000,13
0.19794,0.19544,5687.71143,0.26025,13787,1,0.21716,0.23790,1,0.21202,0.18877,1,0.21459,0.21334,1,0.33802,0.67764,17.94074,1.08217,1,0.58513,0.66507,17.13510,1.07408,1,-0.04111,-0.03865,0.68355,0.00375,1,0.02236,-0.03516,0.66409,0.00357,1,0,0.00000,13
0.19801,0.19577,5687.71143,0.26709,13787,1,0.19070,0.22518,1,0.21087,0.19287,1,0.20079,0.20903,1,0.33801,0.67754,18.02040,1.07408,1,0.58513,0.66500,16.90183,1.06600,1,-0.04111,-0.03865,0.68355,0.00376,1,0.02236,-0.03516,0.66409,0.00356,1,0,0.00000,13
0.19814,0.19624,5687.71143,0.27344,13787,1,0.19421,0.23090,1,0.21248,0.19985,1,0.20334,0.21538,1,0.33799,0.67749,17.69826,1.06600,1,0.58526,0.66532,17.29633,1.05791,1,-0.04111,-0.03865,0.68355,0.00383,1,0.02236,-0.03526,0.66409,0.00361,1,0,0.00000,13
0.19861,0.19705,5687.71143,0.28076,13787,1,0.20927,0.24292,1,0.22800,0.21951,1,0.21863,0.23122,1,0.33801,0.67758,17.69509,1.05791,1,0.58527,0.66527,17.23508,1.05791,1,-0.04111,-0.03865,0.68355,0.00382,1,0.02236,-0.03526,0.66409,0.00354,1,0,0.00000,13
0.19915,0.19762,5687.71143,0.28711,13787,1,0.22260,0.23423,1,0.22182,0.20942,1,0.22221,0.22182,1,0.33800,0.67749,17.86173,1.05791,1,0.58531,0.66521,17.21951,1.05791,1,-0.04111,-0.03865,0.68355,0.00383,1,0.02236,-0.03526,0.66409,0.00351,1,0,0.00000,13
0.19968,0.19813,5687.71143,0.29395,13787,1,0.22586,0.23988,1,0.22004,0.20143,1,0.22295,0.22066,1,0.33807,0.67759,17.90514,1.05000,1,0.58531,0.66523,17.22635,1.06726,1,-0.03959,-0.03728,0.65926,0.00379,1,0.02384,-0.03743,0.70485,0.00351,1,0,0.00000,13
0.20034,0.19886,5687.71143,0.30029,13787,1,0.22903,0.25909,1,0.23080,0.20429,1,0.22992,0.23169,1,0.33804,0.67744,17.30313,1.05935,1,0.58526,0.66527,17.18543,1.07661,1,-0.03959,-0.03728,0.65926,0.00387,1,0.02384,-0.03743,0.70485,0.00353,1,0,0.00000,13
0.20060,0.19905,5687.71143,0.30762,13787,1,0.18017,0.22129,1,0.24567,0.19445,1,0.21292,0.20787,1,0.33813,0.67753,17.92592,1.06870,1,0.58559,0.66532,17.03633,1.08596,1,-0.03959,-0.03728,0.65926,0.00379,1,0.02384,-0.03743,0.70485,0.00366,1,0,0.00000,13
0.20080,0.19908,5687.71143,0.31396,13787,1,0.17601,0.21465,1,0.24413,0.18657,1,0.21007,0.20061,1,0.33814,0.67753,17.76409,1.07805,1,0.58567,0.66523,17.21868,1.09531,1,-0.03959,-0.03728,0.65926,0.00380,1,0.02377,-0.03722,0.70290,0.00355,1,0,0.00000,13
0.20060,0.19858,5687.71143,0.32080,13787,1,0.18013,0.19100,1,0.20199,0.17436,1,0.19106,0.18268,1,0.33824,0.67745,17.81145,1.09531,1,0.58579,0.66507,17.06249,1.09531,1,-0.03959,-0.03728,0.65926,0.00376,1,0.02377,-0.03722,0.70290,0.00357,1,0,0.00000,13
0.20023,0.19860,5687.71143,0.32812,13787,1,0.17777,0.21542,1,0.19547,0.15655,1,0.18662,0.18598,1,0.33815,0.67752,17.81798,1.09531,1,0.58579,0.66504,17.02236,1.09531,1,-0.03959,-0.03728,0.65926,0.00380,1,0.02377,-0.03722,0.70290,0.00360,1,0,0.00000,13
0.19980,0.19847,5687.71143,0.33691,13787,1,0.17777,0.21542,1,0.19547,0.15655,1,0.18662,0.18598,1,0.33811,0.67751,17.84738,1.09531,1,0.58556,0.66515,16.96051,1.09531,1,-0.03959,-0.03728,0.65926,0.00389,1,0.02384,-0.03737,0.70485,0.00355,1,0,0.00000,13
0.20031,0.19840,5687.71143,0.34229,13787,1,0.20047,0.20404,1,0.24949,0.17254,1,0.22498,0.18829,1,0.33859,0.67761,18.13451,1.09531,1,0.58574,0.66532,16.96105,1.09531,1,-0.03959,-0.03728,0.65926,0.00385,1,0.02384,-0.03737,0.70485,0.00352,1,0,0.00000,13
0.20028,0.19679,5687.71143,0.34766,13787,1,0.19183,0.19034,1,0.20980,0.15467,1,0.20081,0.17251,1,0.33873,0.67754,17.97675,1.09531,1,0.58586,0.66532,17.31996,1.09531,1,-0.03959,-0.03728,0.65926,0.00382,1,0.02384,-0.03737,0.70485,0.00351,1,0,0.00000,13
0.20020,0.19506,5687.71143,0.35400,13787,1,0.18849,0.18466,1,0.20827,0.14774,1,0.19838,0.16620,1,0.33918,0.67727,17.85899,1.10321,1,0.58662,0.66503,16.71040,1.10321,1,-0.04025,-0.03814,0.67437,0.00377,1,0.02383,-0.03704,0.69855,0.00356,1,0,0.00000,13
0.20066,0.19433,5687.71143,0.36084,13787,1,0.21811,0.14879,1,0.23830,0.11045,1,0.22820,0.12962,1,0.33997,0.67707,17.85835,1.11112,1,0.58719,0.66494,17.23041,1.11112,1,-0.04025,-0.03814,0.67437,0.00385,1,0.02383,-0.03704,0.69855,0.00354,1,0,0.00000,13
0.20170,0.19290,5687.71143,0.36816,13787,1,0.25178,0.09717,1,0.25163,0.11943,1,0.25170,0.10830,1,0.33999,0.67702,17.94972,1.11902,1,0.58734,0.66500,17.29881,1.11902,1,-0.04025,-0.03814,0.67437,0.00391,1,0.02383,-0.03704,0.69855,0.00352,1,0,0.00000,13
0.20267,0.19125,5687.71143,0.37402,13787,1,0.24892,0.09094,1,0.25042,0.11242,1,0.24967,0.10168,1,0.34036,0.67683,18.15373,1.12693,1,0.58750,0.66484,17.30091,1.12693,1,-0.04030,-0.03828,0.67692,0.00373,1,0.02413,-0.03729,0.70425,0.00361,1,0,0.00000,13
0.21577,0.16092,5687.71143,0.37402,13787,0,0.23679,0.09702,1,0.25970,0.10565,1,0.24824,0.10134,1,0.34034,0.67664,17.85103,1.12693,1,0.58757,0.66464,17.20735,1.12693,1,-0.04030,-0.03828,0.67692,0.00377,1,0.02413,-0.03729,0.70425,0.00364,1,0,0.00000,13
0.23847,0.12521,5687.71143,0.37402,13787,0,0.23469,0.08555,1,0.28766,0.09346,1,0.26117,0.08950,1,0.34034,0.67674,17.97393,1.12693,1,0.58747,0.66469,17.37411,1.12693,1,-0.04030,-0.03828,0.67692,0.00374,1,0.02413,-0.03729,0.70425,0.00362,1,0,0.00000,13
0.24623,0.11469,5687.71143,0.37402,13787,0,0.23469,0.08555,1,0.28879,0.10171,1,0.26174,0.09363,1,0.34040,0.67693,18.34541,1.12693,1,0.58740,0.66461,17.38453,1.11776,1,-0.04030,-0.03828,0.67692,0.00372,1,0.02291,-0.03548,0.67014,0.00364,1,0,0.00000,13
0.24696,0.11310,5688.09277,0.01953,13788,1,0.24590,0.10996,1,0.25244,0.10676,1,0.24917,0.10836,1,0.34039,0.67682,18.15820,1.11776,1,0.58741,0.66463,17.43431,1.10859,1,-0.04030,-0.03828,0.67692,0.00374,1,0.02291,-0.03548,0.67014,0.00363,1,0,0.00000,13
0.24794,0.11604,5688.09277,0.02686,13788,1,0.24691,0.13254,1,0.25682,0.12307,1,0.25186,0.12781,1,0.34040,0.67691,18.20583,1.10859,1,0.58740,0.66475,17.36594,1.09943,1,-0.04030,-0.03828,0.67692,0.00382,1,0.02291,-0.03548,0.67014,0.00359,1,0,0.00000,13
0.24899,0.11928,5688.09277,0.03467,13788,1,0.25029,0.13958,1,0.25821,0.13131,1,0.25425,0.13544,1,0.34035,0.67691,18.37609,1.09943,1,0.58743,0.66472,17.48075,1.09026,1,-0.04030,-0.03828,0.67692,0.00373,1,0.02330,-0.03614,0.68154,0.00360,1,0,0.00000,13
0.24959,0.12387,5688.09277,0.04004,13788,1,0.24381,0.18519,1,0.26254,0.11769,1,0.25317,0.15144,1,0.34036,0.67692,18.39098,1.09026,1,0.58753,0.66457,17.09616,1.09026,1,-0.04030,-0.03828,0.67692,0.00371,1,0.02330,-0.03614,0.68154,0.00362,1,0,0.00000,13
0.24934,0.12690,5688.09277,0.04785,13788,1,0.24616,0.19236,1,0.24903,0.10389,1,0.24759,0.14813,1,0.34034,0.67687,18.44169,1.09026,1,0.58746,0.66470,17.20950,1.09026,1,-0.04030,-0.03828,0.67692,0.00373,1,0.02330,-0.03614,0.68154,0.00356,1,0,0.00000,13
0.24915,0.12926,5688.09277,0.05322,13788,1,0.24616,0.19236,1,0.24903,0.10389,1,0.24759,0.14813,1,0.34017,0.67663,18.14341,1.09026,1,0.58751,0.66476,17.28197,1.09026,1,-0.03997,-0.03792,0.67144,0.00380,1,0.02291,-0.03548,0.67014,0.00354,1,0,0.00000,13
0.24916,0.12902,5688.09277,0.06006,13788,1,0.23654,0.18293,1,0.26197,0.07074,1,0.24926,0.12683,1,0.34019,0.67666,18.19776,1.09026,1,0.58751,0.66458,17.04519,1.09026,1,-0.03997,-0.03792,0.67144,0.00380,1,0.02291,-0.03548,0.67014,0.00359,1,0,0.00000,13
0.24941,0.12819,5688.09277,0.06689,13788,1,0.24438,0.17613,1,0.25944,0.06369,1,0.25191,0.11991,1,0.34021,0.67672,18.16873,1.09026,1,0.58757,0.66443,16.64380,1.09026,1,-0.03997,-0.03792,0.67144,0.00379,1,0.02291,-0.03548,0.67014,0.00353,1,0,0.00000,13
0.24962,0.12750,5688.09277,0.07324,13788,1,0.24438,0.17613,1,0.25944,0.06369,1,0.25191,0.11991,1,0.34019,0.67669,18.33290,1.09026,1,0.58746,0.66432,16.75355,1.09026,1,-0.04030,-0.03818,0.67692,0.00378,1,0.02291,-0.03538,0.67014,0.00357,1,0,0.00000,13
0.25078,0.12602,5688.09277,0.08154,13788,1,0.23809,0.17667,1,0.29146,0.03981,1,0.26478,0.10824,1,0.34018,0.67662,18.35950,1.09026,1,0.58758,0.66420,16.57111,1.09026,1,-0.04030,-0.03818,0.67692,0.00378,1,0.02291,-0.03538,0.67014,0.00359,1,0,0.00000,13
0.25182,0.12569,5688.09277,0.08691,13788,1,0.24141,0.16591,1,0.28914,0.07701,1,0.26527,0.12146,1,0.34017,0.67667,18.36530,1.09026,1,0.58738,0.66428,16.80984,1.09026,1,-0.04030,-0.03818,0.67692,0.00380,1,0.02291,-0.03538,0.67014,0.00357,1,0,0.00000,13
0.25271,0.12541,5688.09277,0.09326,13788,1,0.24141,0.16591,1,0.28914,0.07701,1,0.26527,0.12146,1,0.34017,0.67658,18.45947,1.09026,1,0.58735,0.66427,16.71732,1.09026,1,-0.04030,-0.03818,0.67692,0.00377,1,0.02291,-0.03543,0.67014,0.00364,1,0,0.00000,13
0.25493,0.12509,5688.09277,0.10010,13788,1,0.24484,0.16336,1,0.33143,0.07703,1,0.28813,0.12019,1,0.34017,0.67656,18.39304,1.09026,1,0.58739,0.66427,16.76475,1.09026,1,-0.04030,-0.03818,0.67692,0.00380,1,0.02291,-0.03543,0.67014,0.00351,1,0,0.00000,13
0.25634,0.12384,5688.09277,0.10645,13788,1,0.27708,0.16036,1,0.28060,0.04741,1,0.27884,0.10389,1,0.34009,0.67649,18.16672,1.09026,1,0.58723,0.66421,16.86827,1.09026,1,-0.04030,-0.03818,0.67692,0.00377,1,0.02291,-0.03543,0.67014,0.00347,1,0,0.00000,13
0.25747,0.12230,5688.09277,0.11328,13788,1,0.27395,0.15354,1,0.27942,0.03867,1,0.27668,0.09611,1,0.34011,0.67651,18.14598,1.09922,1,0.58732,0.66425,16.72587,1.09922,1,-0.04173,-0.03948,0.70004,0.00377,1,0.02291,-0.03548,0.67014,0.00350,1,0,0.00000,13
0.25865,0.12096,5688.09277,0.12012,13788,1,0.27102,0.16377,1,0.28897,0.02988,1,0.27999,0.09683,1,0.34019,0.67665,18.27810,1.10818,1,0.58734,0.66421,16.82264,1.10818,1,-0.04173,-0.03948,0.70004,0.00378,1,0.02291,-0.03548,0.67014,0.00353,1,0,0.00000,13
0.25969,0.11895,5688.09277,0.12695,13788,1,0.27204,0.14072,1,0.28686,0.02072,1,0.27945,0.08072,1,0.34019,0.67665,18.30155,1.11714,1,0.58741,0.66418,16.68097,1.11714,1,-0.04173,-0.03948,0.70004,0.00377,1,0.02291,-0.03548,0.67014,0.00348,1,0,0.00000,13
0.26053,0.11676,5688.09277,0.13330,13788,1,0.26894,0.13392,1,0.28576,0.01199,1,0.27735,0.07295,1,0.34015,0.67653,18.16011,1.12609,1,0.58741,0.66414,16.75754,1.12609,1,-0.04173,-0.03948,0.70004,0.00378,1,0.02291,-0.03548,0.67014,0.00347,1,0,0.00000,13
0.26200,0.11532,5688.09277,0.14160,13788,1,0.26286,0.15161,1,0.32300,0.01877,1,0.29293,0.08519,1,0.34019,0.67658,18.41877,1.12609,1,0.58737,0.66429,17.02565,1.12609,1,-0.04173,-0.03948,0.70004,0.00376,1,0.02291,-0.03548,0.67014,0.00351,1,0,0.00000,13
0.26222,0.11473,5688.09277,0.15137,13788,1,0.25134,0.14742,1,0.28263,0.05627,1,0.26699,0.10185,1,0.34020,0.67661,18.46136,1.12609,1,0.58737,0.66413,16.79482,1.12609,1,-0.04173,-0.03948,0.70004,0.00375,1,0.02291,-0.03548,0.67014,0.00345,1,0,0.00000,13
0.26242,0.11420,5688.09277,0.15820,13788,1,0.25134,0.14742,1,0.28263,0.05627,1,0.26699,0.10185,1,0.34021,0.67660,18.43491,1.12609,1,0.58744,0.66421,16.80450,1.12609,1,-0.04173,-0.03948,0.70004,0.00376,1,0.02264,-0.03502,0.66226,0.00353,1,0,0.00000,13
0.26365,0.11309,5688.09277,0.16455,13788,1,0.26085,0.13692,1,0.32564,0.03598,1,0.29325,0.08645,1,0.34021,0.67662,18.41208,1.12609,1,0.58732,0.66415,16.63119,1.12609,1,-0.04173,-0.03948,0.70004,0.00378,1,0.02264,-0.03502,0.66226,0.00363,1,0,0.00000,13
0.26410,0.11222,5688.09277,0.17090,13788,1,0.27331,0.13848,1,0.27717,0.04246,1,0.27524,0.09047,1,0.34023,0.67663,18.39728,1.12609,1,0.58745,0.66422,16.83895,1.12609,1,-0.04173,-0.03948,0.70004,0.00380,1,0.02264,-0.03502,0.66226,0.00355,1,0,0.00000,13
0.26451,0.11141,5688.09277,0.17676,13788,1,0.27331,0.13848,1,0.27717,0.04246,1,0.27524,0.09047,1,0.34017,0.67661,18.43803,1.12609,1,0.58745,0.66418,16.69204,1.12609,1,-0.04173,-0.03948,0.70004,0.00376,1,0.02291,-0.03548,0.67014,0.00354,1,0,0.00000,13
0.26466,0.11020,5688.09277,0.18262,13788,1,0.26204,0.13923,1,0.27515,0.01596,1,0.26859,0.07760,1,0.34014,0.67648,18.02151,1.12609,1,0.58746,0.66416,16.90063,1.12609,1,-0.04173,-0.03948,0.70004,0.00381,1,0.02291,-0.03548,0.67014,0.00351,1,0,0.00000,13
0.26562,0.10932,5688.09277,0.18750,13788,1,0.26634,0.13654,1,0.31886,0.03262,1,0.29260,0.08458,1,0.34018,0.67641,18.03630,1.12609,1,0.58746,0.66417,16.64284,1.12609,1,-0.04173,-0.03948,0.70004,0.00379,1,0.02291,-0.03548,0.67014,0.00355,1,0,0.00000,13
0.26652,0.10850,5688.09277,0.19385,13788,1,0.26634,0.13654,1,0.31886,0.03262,1,0.29260,0.08458,1,0.34018,0.67637,17.98857,1.12609,1,0.58747,0.66420,16.78462,1.12609,1,-0.04173,-0.03948,0.70004,0.00379,1,0.02264,-0.03502,0.66226,0.00358,1,0,0.00000,13
0.27781,0.08487,5688.09277,0.19385,13788,0,0.24146,0.10709,1,0.26348,0.01644,1,0.25247,0.06176,1,0.34029,0.67644,18.23750,1.12609,1,0.58766,0.66451,17.09811,1.12609,1,-0.04173,-0.03948,0.70004,0.00384,1,0.02264,-0.03502,0.66226,0.00367,1,0,0.00000,13
0.29016,0.09167,5688.09277,0.19385,13788,0,0.29479,0.15488,1,0.31025,0.04204,1,0.30252,0.09846,1,0.34062,0.67640,18.30247,1.12609,1,0.58772,0.66432,16.88760,1.12609,1,-0.04173,-0.03948,0.70004,0.00389,1,0.02264,-0.03502,0.66226,0.00353,1,0,0.00000,13
0.29442,0.09521,5688.09277,0.19385,13788,0,0.29479,0.15488,1,0.31109,0.04969,1,0.30294,0.10229,1,0.34107,0.67630,18.53900,1.12609,1,0.58812,0.66417,16.69738,1.11801,1,-0.04226,-0.04013,0.71243,0.00385,1,0.02254,-0.03468,0.65505,0.00353,1,0,0.00000,13
0.30222,0.09053,5688.29346,0.01953,13789,1,0.31651,0.13640,1,0.33476,0.01657,1,0.32564,0.07648,1,0.34136,0.67584,17.75832,1.11801,1,0.58832,0.66471,17.36323,1.10992,1,-0.04226,-0.04013,0.71243,0.00387,1,0.02254,-0.03468,0.65505,0.00361,1,0,0.00000,13
0.30848,0.09183,5688.29346,0.02588,13789,1,0.33112,0.14860,1,0.33592,0.04553,1,0.33352,0.09707,1,0.34145,0.67578,17.82099,1.10992,1,0.58840,0.66433,17.35725,1.10183,1,-0.04226,-0.04013,0.71243,0.00391,1,0.02254,-0.03468,0.65505,0.00349,1,0,0.00000,13
0.31291,0.09387,5688.29346,0.03320,13789,1,0.33353,0.15482,1,0.33660,0.05330,1,0.33506,0.10406,1,0.34151,0.67570,17.83070,1.10183,1,0.58856,0.66433,17.16455,1.09374,1,-0.04151,-0.03937,0.69991,0.00391,1,0.02273,-0.03481,0.65745,0.00352,1,0,0.00000,13
0.31743,0.09270,5688.29346,0.03955,13789,1,0.32508,0.13751,1,0.36394,0.03381,1,0.34451,0.08566,1,0.34149,0.67566,17.89611,1.09374,1,0.58847,0.66431,17.31018,1.09374,1,-0.04151,-0.03937,0.69991,0.00390,1,0.02273,-0.03481,0.65745,0.00352,1,0,0.00000,13
0.32180,0.09382,5688.29346,0.04688,13789,1,0.32678,0.14164,1,0.37805,0.06171,1,0.35241,0.10168,1,0.34147,0.67565,17.97540,1.09374,1,0.58855,0.66421,17.18911,1.09374,1,-0.04151,-0.03937,0.69991,0.00389,1,0.02273,-0.03481,0.65745,0.00351,1,0,0.00000,13
0.32520,0.09469,5688.29346,0.05273,13789,1,0.32678,0.14164,1,0.37805,0.06171,1,0.35241,0.10168,1,0.34149,0.67559,18.04715,1.09374,1,0.58855,0.66406,17.03904,1.09374,1,-0.04151,-0.03937,0.69991,0.00390,1,0.02299,-0.03516,0.66499,0.00357,1,0,0.00000,13
0.32694,0.09198,5688.29346,0.06006,13789,1,0.32444,0.12949,1,0.36079,0.00555,1,0.34262,0.06752,1,0.34149,0.67562,18.05627,1.09374,1,0.58859,0.66411,17.01720,1.09374,1,-0.04151,-0.03937,0.69991,0.00390,1,0.02299,-0.03516,0.66499,0.00359,1,0,0.00000,13
0.32877,0.08954,5688.29346,0.06689,13789,1,0.32409,0.11813,1,0.36996,0.01224,1,0.34703,0.06518,1,0.34150,0.67559,18.03339,1.09374,1,0.58861,0.66407,17.17045,1.09374,1,-0.04151,-0.03937,0.69991,0.00391,1,0.02299,-0.03516,0.66499,0.00363,1,0,0.00000,13
0.33025,0.08679,5688.29346,0.07324,13789,1,0.32409,0.11813,1,0.36900,-0.00494,1,0.34655,0.05659,1,0.34147,0.67554,18.29419,1.09374,1,0.58860,0.66406,17.60368,1.11100,1,-0.04088,-0.03872,0.68929,0.00388,1,0.02299,-0.03516,0.66499,0.00358,1,0,0.00000,13
0.33107,0.08479,5688.29346,0.08008,13789,1,0.31918,0.10133,1,0.36273,0.02021,1,0.34095,0.06077,1,0.34143,0.67555,18.21924,1.11100,1,0.58863,0.66406,17.22980,1.12825,1,-0.04088,-0.03872,0.68929,0.00393,1,0.02299,-0.03516,0.66499,0.00363,1,0,0.00000,13
0.33179,0.08234,5688.29346,0.08643,13789,1,0.31945,0.08361,1,0.36273,0.01724,1,0.34109,0.05042,1,0.34142,0.67549,18.41945,1.12825,1,0.58863,0.66398,17.37318,1.14551,1,-0.04088,-0.03872,0.68929,0.00389,1,0.02299,-0.03516,0.66499,0.00363,1,0,0.00000,13
0.33220,0.07920,5688.29346,0.09326,13789,1,0.31426,0.06973,1,0.36171,0.00090,1,0.33799,0.03531,1,0.34140,0.67546,18.51417,1.14551,1,0.58882,0.66421,17.23953,1.16276,1,-0.04088,-0.03872,0.68929,0.00391,1,0.02299,-0.03516,0.66499,0.00378,1,0,0.00000,13
0.33242,0.07609,5688.29346,0.10059,13789,1,0.30153,0.04228,1,0.36991,0.01664,1,0.33572,0.02946,1,0.34142,0.67547,18.49654,1.16276,1,0.58879,0.66417,17.27160,1.16276,1,-0.04088,-0.03872,0.68929,0.00392,1,0.02299,-0.03516,0.66499,0.00378,1,0,0.00000,13
0.33244,0.07340,5688.29346,0.10693,13789,1,0.29971,0.07791,1,0.36566,-0.01729,1,0.33268,0.03031,1,0.34136,0.67543,18.27105,1.16276,1,0.58880,0.66418,17.29708,1.16276,1,-0.04088,-0.03872,0.68929,0.00393,1,0.02299,-0.03516,0.66499,0.00376,1,0,0.00000,13
0.33245,0.07101,5688.29346,0.11426,13789,1,0.29971,0.07791,1,0.36566,-0.01729,1,0.33268,0.03031,1,0.34138,0.67532,18.08883,1.16276,1,0.58867,0.66401,17.32612,1.16276,1,-0.04088,-0.03872,0.68929,0.00398,1,0.02299,-0.03516,0.66499,0.00388,1,0,0.00000,13
0.33186,0.07109,5688.29346,0.12012,13789,1,0.29375,0.09126,1,0.34887,0.05376,1,0.32131,0.07251,1,0.34141,0.67524,18.15718,1.16276,1,0.58856,0.66400,17.14865,1.16276,1,-0.04088,-0.03872,0.68929,0.00398,1,0.02299,-0.03516,0.66499,0.00379,1,0,0.00000,13
0.33121,0.07122,5688.29346,0.12695,13789,1,0.28184,0.07698,1,0.35576,0.07040,1,0.31880,0.07369,1,0.34135,0.67540,18.21425,1.16276,1,0.58871,0.66403,17.28993,1.16276,1,-0.04088,-0.03872,0.68929,0.00397,1,0.02299,-0.03516,0.66499,0.00382,1,0,0.00000,13
0.33072,0.07188,5688.29346,0.13379,13789,1,0.28473,0.08397,1,0.35693,0.08647,1,0.32083,0.08522,1,0.34137,0.67535,18.13893,1.15380,1,0.58841,0.66396,17.65384,1.14464,1,-0.04004,-0.03783,0.67425,0.00399,1,0.02299,-0.03516,0.66499,0.00368,1,0,0.00000,13
0.32982,0.07186,5688.29346,0.14014,13789,1,0.27554,0.08188,1,0.34650,0.06098,1,0.31102,0.07143,1,0.34133,0.67528,18.47015,1.13568,1,0.58844,0.66401,17.68480,1.12651,1,-0.04004,-0.03783,0.67425,0.00395,1,0.02299,-0.03516,0.66499,0.00366,1,0,0.00000,13
0.32968,0.07249,5688.29346,0.14746,13789,1,0.29758,0.08939,1,0.35571,0.08336,1,0.32665,0.08637,1,0.34129,0.67532,18.36781,1.11755,1,0.58850,0.66387,17.38471,1.10839,1,-0.04004,-0.03783,0.67425,0.00400,1,0.02299,-0.03516,0.66499,0.00375,1,0,0.00000,13
0.32970,0.07372,5688.29346,0.15381,13789,1,0.30343,0.10399,1,0.35694,0.10001,1,0.33019,0.10200,1,0.34131,0.67534,18.37170,1.09943,1,0.58842,0.66400,17.63425,1.09026,1,-0.04004,-0.03783,0.67425,0.00394,1,0.02299,-0.03516,0.66499,0.00369,1,0,0.00000,13
0.33033,0.07464,5688.29346,0.16064,13789,1,0.34643,0.11853,1,0.34432,0.07498,1,0.34538,0.09676,1,0.34124,0.67510,18.38749,1.09026,1,0.58833,0.66385,17.75177,1.09026,1,-0.04004,-0.03783,0.67425,0.00391,1,0.02299,-0.03516,0.66499,0.00362,1,0,0.00000,13
0.33028,0.07551,5688.29346,0.16748,13789,1,0.32778,0.11759,1,0.33009,0.07674,1,0.32893,0.09717,1,0.34122,0.67511,18.31656,1.09026,1,0.58829,0.66385,17.70681,1.09026,1,-0.04004,-0.03783,0.67425,0.00388,1,0.02299,-0.03516,0.66499,0.00362,1,0,0.00000,13
0.33023,0.07631,5688.29346,0.17529,13789,1,0.32778,0.11759,1,0.33009,0.07674,1,0.32893,0.09717,1,0.34115,0.67510,18.42922,1.09026,1,0.58828,0.66386,17.53971,1.09026,1,-0.04017,-0.03789,0.67638,0.00385,1,0.02299,-0.03516,0.66499,0.00363,1,0,0.00000,13
0.33024,0.07771,5688.29346,0.18066,13789,1,0.33753,0.18203,1,0.32380,0.04901,1,0.33066,0.11552,1,0.34110,0.67511,18.43247,1.09026,1,0.58828,0.66376,17.37284,1.09026,1,-0.04017,-0.03789,0.67638,0.00394,1,0.02299,-0.03516,0.66499,0.00369,1,0,0.00000,13
0.33002,0.07921,5688.29346,0.18750,13789,1,0.32206,0.17239,1,0.32538,0.06972,1,0.32372,0.12105,1,0.34113,0.67511,18.52851,1.09026,1,0.58826,0.66369,17.39863,1.09026,1,-0.04017,-0.03789,0.67638,0.00392,1,0.02299,-0.03516,0.66499,0.00365,1,0,0.00000,13
0.32981,0.08060,5688.29346,0.19385,13789,1,0.32206,0.17239,1,0.32538,0.06972,1,0.32372,0.12105,1,0.34117,0.67503,18.44265,1.09026,1,0.58835,0.66371,17.26983,1.09026,1,-0.03997,-0.03762,0.67144,0.00403,1,0.02299,-0.03516,0.66499,0.00363,1,0,0.00000,13
0.32941,0.08167,5688.29346,0.20215,13789,1,0.31976,0.16138,1,0.31540,0.06576,1,0.31758,0.11357,1,0.34122,0.67507,18.21088,1.09026,1,0.58805,0.66380,17.91882,1.09026,1,-0.03997,-0.03762,0.67144,0.00403,1,0.02299,-0.03516,0.66499,0.00369,1,0,0.00000,13
0.32904,0.08148,5688.29346,0.20703,13789,1,0.32169,0.09849,1,0.31327,0.05323,1,0.31748,0.07586,1,0.34113,0.67505,18.37775,1.09026,1,0.58822,0.66380,17.56388,1.09026,1,-0.03997,-0.03762,0.67144,0.00404,1,0.02299,-0.03516,0.66499,0.00374,1,0,0.00000,13
0.32869,0.08131,5688.29346,0.21631,13789,1,0.32169,0.09849,1,0.31327,0.05323,1,0.31748,0.07586,1,0.34115,0.67501,18.32049,1.09026,1,0.58817,0.66386,17.54027,1.09026,1,-0.03997,-0.03762,0.67144,0.00406,1,0.02299,-0.03516,0.66499,0.00377,1,0,0.00000,13
0.32818,0.08214,5688.29346,0.22266,13789,1,0.31335,0.16116,1,0.30933,0.05745,1,0.31134,0.10931,1,0.34115,0.67501,18.23643,1.09026,1,0.58798,0.66376,17.83033,1.09026,1,-0.03997,-0.03762,0.67144,0.00407,1,0.02299,-0.03516,0.66499,0.00370,1,0,0.00000,13
0.32780,0.08284,5688.29346,0.22754,13789,1,0.30969,0.16166,1,0.32030,0.05174,1,0.31500,0.10670,1,0.34109,0.67504,18.48957,1.09026,1,0.58800,0.66365,17.64823,1.09026,1,-0.03997,-0.03762,0.67144,0.00400,1,0.02299,-0.03516,0.66499,0.00375,1,0,0.00000,13
0.32745,0.08350,5688.29346,0.23779,13789,1,0.30969,0.16166,1,0.32030,0.05174,1,0.31500,0.10670,1,0.34112,0.67509,18.63267,1.09026,1,0.58816,0.66367,17.49445,1.09026,1,-0.03997,-0.03762,0.67144,0.00401,1,0.02299,-0.03516,0.66499,0.00389,1,0,0.00000,13
0.32764,0.08358,5688.29346,0.24414,13789,1,0.31609,0.14843,1,0.35338,0.02436,1,0.33474,0.08639,1,0.34110,0.67507,18.61182,1.09026,1,0.58800,0.66336,17.59085,1.09026,1,-0.03997,-0.03762,0.67144,0.00401,1,0.02299,-0.03516,0.66499,0.00373,1,0,0.00000,13
0.32768,0.08373,5688.29346,0.25146,13789,1,0.31060,0.14773,1,0.34757,0.03065,1,0.32909,0.08919,1,0.34096,0.67497,18.51481,1.09026,1,0.58809,0.66333,17.37606,1.09026,1,-0.03997,-0.03762,0.67144,0.00391,1,0.02299,-0.03516,0.66499,0.00376,1,0,0.00000,13
0.32772,0.08387,5688.29346,0.25537,13789,1,0.31060,0.14773,1,0.34757,0.03065,1,0.32909,0.08919,1,0.34097,0.67488,18.54841,1.09026,1,0.58794,0.66309,17.32327,1.09026,1,-0.03997,-0.03762,0.67144,0.00391,1,0.02299,-0.03516,0.66499,0.00369,1,0,0.00000,13
0.32769,0.08378,5688.29346,0.26172,13789,1,0.30876,0.15366,1,0.34401,0.00713,1,0.32639,0.08040,1,0.34097,0.67488,18.54841,1.09026,1,0.58796,0.66311,17.20879,1.09026,1,-0.03997,-0.03762,0.67144,0.00391,1,0.02299,-0.03516,0.66499,0.00373,1,0,0.00000,13
0.32752,0.08259,5688.29346,0.26807,13789,1,0.30373,0.08589,1,0.33832,-0.01571,1,0.32103,0.03509,1,0.34096,0.67498,18.70645,1.09026,1,0.58795,0.66314,17.28577,1.09026,1,-0.03997,-0.03762,0.67144,0.00398,1,0.02299,-0.03516,0.66499,0.00371,1,0,0.00000,13
0.32737,0.08146,5688.29346,0.27441,13789,1,0.30373,0.08589,1,0.33832,-0.01571,1,0.32103,0.03509,1,0.34098,0.67505,18.84497,1.09026,1,0.58795,0.66314,17.28577,1.09026,1,-0.03997,-0.03762,0.67144,0.00386,1,0.02299,-0.03516,0.66499,0.00371,1,0,0.00000,13
0.32743,0.08097,5688.29346,0.28223,13789,1,0.31640,0.12609,1,0.34374,-0.00580,1,0.33007,0.06015,1,0.34103,0.67503,19.19348,1.09026,1,0.58798,0.66316,17.29191,1.09026,1,-0.03997,-0.03762,0.67144,0.00386,1,0.02299,-0.03516,0.66499,0.00372,1,0,0.00000,13
0.32736,0.08054,5688.29346,0.28809,13789,1,0.31104,0.12897,1,0.33799,-0.00467,1,0.32451,0.06215,1,0.34097,0.67504,18.99514,1.09026,1,0.58789,0.66311,17.40166,1.09026,1,-0.03997,-0.03762,0.67144,0.00384,1,0.02299,-0.03516,0.66499,0.00366,1,0,0.00000,13
0.32730,0.08013,5688.29346,0.29541,13789,1,0.31104,0.12897,1,0.33799,-0.00467,1,0.32451,0.06215,1,0.34099,0.67484,18.31187,1.09026,1,0.58790,0.66312,17.40982,1.09026,1,-0.03997,-0.03762,0.67144,0.00406,1,0.02299,-0.03516,0.66499,0.00367,1,0,0.00000,13
0.32738,0.07976,5688.29346,0.30127,13789,1,0.31821,0.13158,1,0.34362,-0.00538,1,0.33091,0.06310,1,0.34099,0.67493,18.74727,1.09026,1,0.58795,0.66311,17.26306,1.09026,1,-0.03997,-0.03762,0.67144,0.00390,1,0.02299,-0.03516,0.66499,0.00374,1,0,0.00000,13
0.32737,0.07963,5688.29346,0.30811,13789,1,0.31620,0.13023,1,0.33787,0.01671,1,0.32704,0.07347,1,0.34094,0.67485,18.43115,1.09026,1,0.58798,0.66320,17.09835,1.09026,1,-0.03997,-0.03762,0.67144,0.00394,1,0.02299,-0.03516,0.66499,0.00372,1,0,0.00000,13
0.32737,0.07958,5688.29346,0.31543,13789,1,0.31620,0.13023,1,0.33855,0.02477,1,0.32738,0.07750,1,0.34108,0.67481,18.83754,1.09026,1,0.58798,0.66313,17.25533,1.08217,1,-0.03997,-0.03762,0.67144,0.00387,1,0.02289,-0.03512,0.66806,0.00372,1,0,0.00000,13
0.32834,0.07955,5688.29346,0.32178,13789,1,0.32931,0.13168,1,0.31906,0.03456,1,0.32418,0.08312,1,0.34116,0.67480,18.25912,1.08217,1,0.58798,0.66316,17.42122,1.07408,1,-0.03997,-0.03762,0.67144,0.00404,1,0.02289,-0.03512,0.66806,0.00372,1,0,0.00000,13
0.32886,0.07933,5688.29346,0.32764,13789,1,0.33712,0.14471,1,0.31826,0.03170,1,0.32769,0.08821,1,0.34123,0.67471,18.10865,1.07408,1,0.58807,0.66315,17.45926,1.06600,1,-0.03997,-0.03762,0.67144,0.00399,1,0.02289,-0.03512,0.66806,0.00367,1,0,0.00000,13
0.32940,0.07911,5688.29346,0.33398,13789,1,0.33956,0.15117,1,0.31826,0.03170,1,0.32891,0.09144,1,0.34136,0.67474,18.33856,1.06600,1,0.58829,0.66289,16.80139,1.06600,1,-0.04004,-0.03772,0.67425,0.00399,1,0.02301,-0.03522,0.66999,0.00365,1,0,0.00000,13
0.33035,0.07915,5688.29346,0.34082,13789,1,0.38429,0.12404,1,0.35737,0.03275,1,0.37083,0.07839,1,0.34212,0.67445,17.92145,1.06600,1,0.58904,0.66298,17.26311,1.07408,1,-0.04004,-0.03772,0.67425,0.00397,1,0.02301,-0.03522,0.66999,0.00361,1,0,0.00000,13
0.33164,0.07767,5688.29346,0.34814,13789,1,0.39574,0.10828,1,0.39555,-0.05559,1,0.39565,0.02634,1,0.34250,0.67426,17.71510,1.07408,1,0.58929,0.66307,17.67909,1.08217,1,-0.04004,-0.03772,0.67425,0.00390,1,0.02301,-0.03522,0.66999,0.00362,1,0,0.00000,13
0.33288,0.07579,5688.29346,0.35596,13789,1,0.39372,0.10147,1,0.39496,-0.07400,1,0.39434,0.01374,1,0.34333,0.67417,17.43377,1.08217,1,0.59003,0.66304,17.51098,1.09943,1,-0.03975,-0.03774,0.67446,0.00397,1,0.02456,-0.03714,0.70439,0.00364,1,0,0.00000,13
0.33422,0.07464,5688.29346,0.36182,13789,1,0.40413,0.05829,1,0.41351,0.00270,1,0.40882,0.03050,1,0.34369,0.67404,17.45431,1.09943,1,0.59060,0.66300,17.84228,1.10859,1,-0.03975,-0.03774,0.67446,0.00392,1,0.02456,-0.03714,0.70439,0.00362,1,0,0.00000,13
0.33544,0.07288,5688.29346,0.36816,13789,1,0.40527,0.04993,1,0.41703,-0.01538,1,0.41115,0.01727,1,0.34388,0.67394,17.51739,1.10859,1,0.59062,0.66300,17.96322,1.11776,1,-0.03975,-0.03774,0.67446,0.00386,1,0.02456,-0.03714,0.70439,0.00363,1,0,0.00000,13
0.36299,0.05400,5688.29346,0.36816,13789,0,0.40105,0.03425,1,0.41689,-0.02429,1,0.40897,0.00498,1,0.34397,0.67399,17.85306,1.12672,1,0.59063,0.66292,17.89849,1.12672,1,-0.04178,-0.03976,0.71166,0.00390,1,0.02385,-0.03594,0.68258,0.00366,1,0,0.00000,13
0.39064,0.01818,5688.29346,0.36816,13789,0,0.40747,0.00884,1,0.42911,-0.04411,1,0.41829,-0.01764,1,0.34405,0.67388,17.72785,1.13568,1,0.59066,0.66290,17.92924,1.12651,1,-0.04178,-0.03976,0.71166,0.00391,1,0.02385,-0.03594,0.68258,0.00365,1,0,0.00000,13
0.40088,0.00386,5688.29346,0.36816,13789,0,0.41384,0.01901,1,0.42889,-0.06861,1,0.42136,-0.02480,1,0.34393,0.67390,18.05783,1.13547,1,0.59067,0.66288,17.91489,1.12630,1,-0.04178,-0.03976,0.71166,0.00396,1,0.02385,-0.03594,0.68258,0.00363,1,0,0.00000,13
0.40626,-0.00113,5688.66846,0.02002,13790,1,0.41585,0.02701,1,0.42894,-0.05914,1,0.42240,-0.01607,1,0.34405,0.67389,17.99392,1.12630,1,0.59074,0.66292,17.77425,1.11714,1,-0.04017,-0.03828,0.68509,0.00390,1,0.02385,-0.03594,0.68258,0.00369,1,0,0.00000,13
0.40929,-0.00065,5688.66846,0.02686,13790,1,0.38836,0.04471,1,0.45444,-0.04218,1,0.42140,0.00127,1,0.34419,0.67384,17.73018,1.10818,1,0.59093,0.66291,17.57092,1.10818,1,-0.04017,-0.03828,0.68509,0.00388,1,0.02385,-0.03594,0.68258,0.00367,1,0,0.00000,13
0.40946,0.00453,5688.66846,0.03320,13790,1,0.40628,0.11019,1,0.41439,-0.04935,1,0.41034,0.03042,1,0.34423,0.67382,17.76386,1.09922,1,0.59100,0.66293,17.66506,1.09922,1,-0.04017,-0.03828,0.68509,0.00391,1,0.02385,-0.03594,0.68258,0.00367,1,0,0.00000,13
0.40974,0.00874,5688.66846,0.04053,13790,1,0.40839,0.11757,1,0.41439,-0.04956,1,0.41139,0.03400,1,0.34428,0.67380,18.13330,1.09026,1,0.59107,0.66291,17.80601,1.09943,1,-0.04045,-0.03855,0.68985,0.00380,1,0.02473,-0.03718,0.70614,0.00369,1,0,0.00000,13
0.41266,0.01095,5688.66846,0.04688,13790,1,0.42512,0.09870,1,0.44115,-0.04583,1,0.43314,0.02643,1,0.34448,0.67378,17.94170,1.09943,1,0.59109,0.66277,17.77413,1.10859,1,-0.04045,-0.03855,0.68985,0.00389,1,0.02473,-0.03718,0.70614,0.00367,1,0,0.00000,13
0.41544,0.01161,5688.66846,0.05371,13790,1,0.42691,0.08783,1,0.44845,-0.05413,1,0.43768,0.01685,1,0.34454,0.67384,18.01081,1.10859,1,0.59117,0.66279,17.70132,1.11776,1,-0.04045,-0.03855,0.68985,0.00389,1,0.02473,-0.03718,0.70614,0.00368,1,0,0.00000,13
0.41757,0.01128,5688.66846,0.06055,13790,1,0.42494,0.08015,1,0.44854,-0.06353,1,0.43674,0.00831,1,0.34464,0.67383,18.44033,1.11776,1,0.59125,0.66276,17.93069,1.12693,1,-0.03960,-0.03778,0.67701,0.00386,1,0.02475,-0.03706,0.70390,0.00363,1,0,0.00000,13
0.41670,0.00891,5688.66846,0.06738,13790,1,0.39284,0.02121,1,0.42311,-0.05070,1,0.40797,-0.01474,1,0.34473,0.67367,18.13577,1.12693,1,0.59144,0.66278,17.94585,1.12693,1,-0.03960,-0.03778,0.67701,0.00389,1,0.02475,-0.03706,0.70390,0.00362,1,0,0.00000,13
0.41672,0.00644,5688.66846,0.07373,13790,1,0.41103,0.04587,1,0.42277,-0.08730,1,0.41690,-0.02072,1,0.34471,0.67374,18.20809,1.12693,1,0.59146,0.66283,18.11409,1.12693,1,-0.03960,-0.03778,0.67701,0.00392,1,0.02475,-0.03706,0.70390,0.00368,1,0,0.00000,13
0.41673,0.00472,5688.66846,0.08057,13790,1,0.41103,0.04587,1,0.42286,-0.07768,1,0.41695,-0.01591,1,0.34488,0.67366,18.36515,1.12693,1,0.59157,0.66257,17.82208,1.11776,1,-0.04036,-0.03856,0.69190,0.00389,1,0.02431,-0.03626,0.68968,0.00365,1,0,0.00000,13
0.41768,0.00250,5688.66846,0.08740,13790,1,0.40170,0.02638,1,0.45826,-0.07915,1,0.42998,-0.02639,1,0.34496,0.67341,18.31623,1.11776,1,0.59171,0.66264,17.85619,1.10859,1,-0.04036,-0.03856,0.69190,0.00383,1,0.02431,-0.03626,0.68968,0.00365,1,0,0.00000,13
0.41773,0.00523,5688.66846,0.09424,13790,1,0.41180,0.07990,1,0.42500,0.00707,1,0.41840,0.04348,1,0.34495,0.67305,17.43626,1.10859,1,0.59170,0.66253,17.80376,1.09943,1,-0.04036,-0.03856,0.69190,0.00392,1,0.02431,-0.03626,0.68968,0.00366,1,0,0.00000,13
0.41784,0.00787,5688.66846,0.10059,13790,1,0.41389,0.08762,1,0.42500,0.00707,1,0.41944,0.04734,1,0.34510,0.67320,17.73716,1.09943,1,0.59182,0.66257,17.84917,1.09943,1,-0.04036,-0.03850,0.69190,0.00390,1,0.02486,-0.03680,0.70100,0.00364,1,0,0.00000,13
0.41817,0.01001,5688.66846,0.10742,13790,1,0.43300,0.05395,1,0.41413,0.03462,1,0.42357,0.04429,1,0.34526,0.67313,17.53771,1.09943,1,0.59200,0.66247,17.84370,1.10859,1,-0.04036,-0.03850,0.69190,0.00394,1,0.02486,-0.03680,0.70100,0.00368,1,0,0.00000,13
0.41760,0.01219,5688.66846,0.11523,13790,1,0.39503,0.04355,1,0.42084,0.05513,1,0.40794,0.04934,1,0.34540,0.67292,17.51439,1.10859,1,0.59203,0.66248,17.63988,1.11776,1,-0.04036,-0.03850,0.69190,0.00391,1,0.02486,-0.03680,0.70100,0.00369,1,0,0.00000,13
0.41698,0.01352,5688.66846,0.12109,13790,1,0.39065,0.02782,1,0.42073,0.04679,1,0.40569,0.03731,1,0.34564,0.67303,17.91835,1.12672,1,0.59238,0.66246,18.10669,1.12672,1,-0.04086,-0.03913,0.70306,0.00388,1,0.02388,-0.03532,0.67178,0.00363,1,0,0.00000,13
0.41710,0.01178,5688.66846,0.12744,13790,1,0.39153,0.01875,1,0.44754,-0.06107,1,0.41953,-0.02116,1,0.34578,0.67299,17.79622,1.13568,1,0.59247,0.66249,18.16899,1.12651,1,-0.04086,-0.03913,0.70306,0.00397,1,0.02388,-0.03532,0.67178,0.00369,1,0,0.00000,13
0.41721,0.00988,5688.66846,0.13428,13790,1,0.40467,0.01673,1,0.43404,-0.07311,1,0.41935,-0.02819,1,0.34587,0.67297,17.97600,1.13547,1,0.59249,0.66242,17.87133,1.12630,1,-0.04086,-0.03913,0.70306,0.00392,1,0.02388,-0.03532,0.67178,0.00372,1,0,0.00000,13
0.41736,0.00833,5688.66846,0.14160,13790,1,0.40675,0.02473,1,0.43404,-0.07311,1,0.42039,-0.02419,1,0.34604,0.67284,17.87344,1.12630,1,0.59265,0.66247,18.09898,1.12630,1,-0.03929,-0.03768,0.67707,0.00390,1,0.02508,-0.03676,0.70119,0.00373,1,0,0.00000,13
0.41728,0.00769,5688.66846,0.14795,13790,1,0.40199,0.03214,1,0.42936,-0.04482,1,0.41568,-0.00634,1,0.34631,0.67286,18.11465,1.11735,1,0.59291,0.66241,17.62764,1.12651,1,-0.03929,-0.03768,0.67707,0.00387,1,0.02508,-0.03676,0.70119,0.00368,1,0,0.00000,13
0.41778,0.00688,5688.66846,0.15527,13790,1,0.43422,0.01640,1,0.42433,-0.04001,1,0.42927,-0.01180,1,0.34662,0.67292,17.99208,1.11755,1,0.59342,0.66252,17.80990,1.12672,1,-0.03929,-0.03768,0.67707,0.00387,1,0.02508,-0.03676,0.70119,0.00360,1,0,0.00000,13
0.41824,0.00612,5688.66846,0.16113,13790,1,0.43418,0.01621,1,0.42432,-0.04022,1,0.42925,-0.01200,1,0.34735,0.67298,18.09356,1.11776,1,0.59410,0.66256,17.62592,1.12693,1,-0.03923,-0.03801,0.68306,0.00385,1,0.02534,-0.03678,0.69962,0.00367,1,0,0.00000,13
0.42063,0.00558,5688.66846,0.16748,13790,1,0.47071,0.05941,1,0.49001,-0.07564,1,0.48036,-0.00812,1,0.34829,0.67295,17.83586,1.12693,1,0.59504,0.66272,17.90779,1.12693,1,-0.03923,-0.03801,0.68306,0.00384,1,0.02534,-0.03678,0.69962,0.00360,1,0,0.00000,13
0.42369,0.00566,5688.66846,0.17432,13790,1,0.47658,0.06931,1,0.52977,-0.05341,1,0.50318,0.00795,1,0.34859,0.67285,18.16419,1.12693,1,0.59534,0.66286,17.89270,1.12693,1,-0.03923,-0.03801,0.68306,0.00382,1,0.02534,-0.03678,0.69962,0.00361,1,0,0.00000,13
0.42651,0.00545,5688.66846,0.18115,13790,1,0.47506,0.06169,1,0.53046,-0.06245,1,0.50276,-0.00038,1,0.34899,0.67269,18.36891,1.13589,1,0.59562,0.66283,17.81535,1.13589,1,-0.03938,-0.03830,0.69009,0.00382,1,0.02592,-0.03732,0.70993,0.00366,1,0,0.00000,13
0.42895,0.00441,5688.66846,0.18848,13790,1,0.48699,0.03124,1,0.50752,-0.08033,1,0.49725,-0.02455,1,0.34914,0.67267,18.05973,1.14485,1,0.59583,0.66283,17.67804,1.14485,1,-0.03938,-0.03830,0.69009,0.00385,1,0.02592,-0.03732,0.70993,0.00366,1,0,0.00000,13
0.43149,0.00309,5688.66846,0.19434,13790,1,0.50104,0.02430,1,0.50916,-0.09511,1,0.50510,-0.03541,1,0.34926,0.67260,17.83509,1.15380,1,0.59586,0.66282,17.82796,1.15380,1,-0.03938,-0.03830,0.69009,0.00384,1,0.02592,-0.03732,0.70993,0.00363,1,0,0.00000,13
0.46058,-0.01624,5688.66846,0.19434,13790,0,0.50104,0.02430,1,0.50863,-0.08574,1,0.50483,-0.03072,1,0.34949,0.67267,17.94655,1.15380,1,0.59600,0.66295,17.83135,1.14464,1,-0.03869,-0.03768,0.67894,0.00378,1,0.02508,-0.03604,0.68543,0.00361,1,0,0.00000,13
0.46743,-0.02463,5688.66846,0.19434,13790,0,0.45193,-0.02073,1,0.49662,-0.04530,1,0.47427,-0.03302,1,0.34972,0.67262,17.92924,1.13568,1,0.59616,0.66287,17.58923,1.12651,1,-0.03869,-0.03768,0.67894,0.00380,1,0.02508,-0.03604,0.68543,0.00362,1,0,0.00000,13
0.47173,-0.01632,5688.66846,0.19434,13790,0,0.45320,-0.01811,1,0.50745,0.01869,1,0.48032,0.00029,1,0.34965,0.67263,17.82186,1.11755,1,0.59617,0.66282,17.52641,1.10839,1,-0.03869,-0.03768,0.67894,0.00383,1,0.02508,-0.03604,0.68543,0.00363,1,0,0.00000,13
0.47417,-0.00789,5688.86963,0.02051,13791,1,0.45665,-0.00130,1,0.50637,0.03614,1,0.48151,0.01742,1,0.34966,0.67273,18.18284,1.09943,1,0.59621,0.66287,17.58730,1.09026,1,-0.03864,-0.03778,0.67981,0.00380,1,0.02461,-0.03522,0.66988,0.00359,1,0,0.00000,13
0.47769,-0.00764,5688.86963,0.02832,13791,1,0.49073,0.01951,1,0.49280,-0.03282,1,0.49176,-0.00665,1,0.34974,0.67277,18.22232,1.09026,1,0.59637,0.66289,17.56664,1.09026,1,-0.03864,-0.03778,0.67981,0.00387,1,0.02461,-0.03522,0.66988,0.00364,1,0,0.00000,13
0.47927,-0.00283,5688.86963,0.03418,13791,1,0.48967,0.03617,1,0.48468,0.00626,1,0.48718,0.02121,1,0.34985,0.67269,18.08770,1.09026,1,0.59644,0.66302,17.54941,1.09026,1,-0.03864,-0.03778,0.67981,0.00391,1,0.02461,-0.03522,0.66988,0.00363,1,0,0.00000,13
0.48035,-0.00126,5688.86963,0.03955,13791,1,0.48820,0.02801,1,0.48543,-0.01173,1,0.48681,0.00814,1,0.34999,0.67269,17.74597,1.09922,1,0.59660,0.66292,17.57268,1.10839,1,-0.04038,-0.03954,0.71141,0.00387,1,0.02665,-0.03811,0.72375,0.00362,1,0,0.00000,13
0.48384,-0.00356,5688.86963,0.04639,13791,1,0.50675,0.03011,1,0.50973,-0.06932,1,0.50824,-0.01961,1,0.35006,0.67273,17.73347,1.11735,1,0.59666,0.66299,17.35083,1.12651,1,-0.04038,-0.03954,0.71141,0.00391,1,0.02665,-0.03811,0.72375,0.00366,1,0,0.00000,13
0.48424,-0.00669,5688.86963,0.05518,13791,1,0.49673,-0.00803,1,0.47814,-0.05542,1,0.48743,-0.03172,1,0.35008,0.67277,17.78747,1.13547,1,0.59670,0.66309,17.58381,1.14464,1,-0.04038,-0.03954,0.71141,0.00386,1,0.02665,-0.03811,0.72375,0.00364,1,0,0.00000,13
0.48443,-0.01047,5688.86963,0.06104,13791,1,0.49398,-0.02457,1,0.47844,-0.06438,1,0.48621,-0.04447,1,0.35004,0.67290,18.00814,1.15360,1,0.59672,0.66302,17.65969,1.15360,1,-0.04038,-0.03954,0.71141,0.00387,1,0.02501,-0.03574,0.67788,0.00356,1,0,0.00000,13
0.48591,-0.01028,5688.86963,0.06689,13791,1,0.51473,0.00853,1,0.48672,-0.02534,1,0.50072,-0.00841,1,0.35010,0.67295,18.15820,1.15360,1,0.59675,0.66308,17.70622,1.14443,1,-0.04038,-0.03954,0.71141,0.00386,1,0.02501,-0.03574,0.67788,0.00359,1,0,0.00000,13
0.48803,-0.00789,5688.86963,0.07373,13791,1,0.52216,0.02651,1,0.50053,0.01032,1,0.51134,0.01841,1,0.35020,0.67292,18.25257,1.14443,1,0.59674,0.66327,17.74905,1.13526,1,-0.04038,-0.03954,0.71141,0.00388,1,0.02501,-0.03574,0.67788,0.00369,1,0,0.00000,13
0.48988,-0.00459,5688.86963,0.08057,13791,1,0.52452,0.04253,1,0.49958,0.02750,1,0.51205,0.03501,1,0.35031,0.67292,18.10609,1.12630,1,0.59692,0.66302,17.18614,1.11714,1,-0.03871,-0.03801,0.68293,0.00385,1,0.02503,-0.03582,0.67839,0.00361,1,0,0.00000,13
0.49022,-0.00183,5688.86963,0.08691,13791,1,0.49307,0.04642,1,0.49624,0.02157,1,0.49466,0.03400,1,0.35026,0.67284,17.85022,1.10818,1,0.59686,0.66314,17.47295,1.10818,1,-0.03871,-0.03801,0.68293,0.00398,1,0.02503,-0.03582,0.67839,0.00369,1,0,0.00000,13
0.49097,-0.00071,5688.86963,0.09326,13791,1,0.49908,0.05808,1,0.50394,-0.02814,1,0.50151,0.01497,1,0.35033,0.67283,17.72852,1.09922,1,0.59688,0.66318,17.44796,1.09922,1,-0.03871,-0.03801,0.68293,0.00389,1,0.02503,-0.03582,0.67839,0.00373,1,0,0.00000,13
0.49162,0.00052,5688.86963,0.10010,13791,1,0.49908,0.05808,1,0.50348,-0.01995,1,0.50128,0.01907,1,0.35035,0.67283,17.71329,1.09922,1,0.59689,0.66293,17.36524,1.09113,1,-0.03983,-0.03916,0.70361,0.00390,1,0.02446,-0.03493,0.66161,0.00383,1,0,0.00000,13
0.49134,0.00224,5688.86963,0.10889,13791,1,0.45719,0.04099,1,0.51644,0.01846,1,0.48682,0.02973,1,0.35036,0.67280,17.77810,1.10009,1,0.59691,0.66312,17.51764,1.09200,1,-0.03983,-0.03916,0.70361,0.00389,1,0.02446,-0.03493,0.66161,0.00385,1,0,0.00000,13
0.49149,0.00232,5688.86963,0.11523,13791,1,0.47753,0.05374,1,0.51067,-0.04639,1,0.49410,0.00367,1,0.35043,0.67267,17.51209,1.10096,1,0.59694,0.66323,17.49064,1.09287,1,-0.03983,-0.03916,0.70361,0.00388,1,0.02446,-0.03493,0.66161,0.00375,1,0,0.00000,13
0.49164,0.00213,5688.86963,0.12061,13791,1,0.47738,0.05297,1,0.51123,-0.05566,1,0.49431,-0.00135,1,0.35043,0.67277,17.65506,1.10183,1,0.59704,0.66322,17.42998,1.10183,1,-0.03983,-0.03916,0.70361,0.00391,1,0.02467,-0.03511,0.66591,0.00368,1,0,0.00000,13
0.49192,0.00274,5688.86963,0.12695,13791,1,0.46956,0.04169,1,0.52492,-0.01293,1,0.49724,0.01438,1,0.35048,0.67261,17.56785,1.10183,1,0.59721,0.66306,17.71405,1.10992,1,-0.03983,-0.03916,0.70361,0.00384,1,0.02467,-0.03511,0.66591,0.00383,1,0,0.00000,13
0.49212,0.00290,5688.86963,0.13379,13791,1,0.46986,0.03015,1,0.52251,-0.01798,1,0.49619,0.00608,1,0.35059,0.67273,17.41336,1.10992,1,0.59721,0.66301,17.66071,1.11801,1,-0.03983,-0.03916,0.70361,0.00388,1,0.02467,-0.03511,0.66591,0.00378,1,0,0.00000,13
0.49231,0.00308,5688.86963,0.14111,13791,1,0.47002,0.03092,1,0.52245,-0.01713,1,0.49624,0.00690,1,0.35060,0.67276,17.46228,1.10905,1,0.59730,0.66322,17.83593,1.11714,1,-0.03818,-0.03758,0.67528,0.00388,1,0.02467,-0.03511,0.66591,0.00370,1,0,0.00000,13
0.49294,0.00203,5688.86963,0.14795,13791,1,0.47979,0.04425,1,0.53370,-0.08635,1,0.50675,-0.02105,1,0.35043,0.67278,18.00362,1.10818,1,0.59738,0.66325,17.66228,1.10818,1,-0.03818,-0.03758,0.67528,0.00382,1,0.02467,-0.03511,0.66591,0.00370,1,0,0.00000,13
0.49364,0.00313,5688.86963,0.15430,13791,1,0.51394,0.03770,1,0.50576,0.01916,1,0.50985,0.02843,1,0.35075,0.67275,17.57401,1.09922,1,0.59741,0.66327,17.69819,1.09922,1,-0.03818,-0.03758,0.67528,0.00386,1,0.02467,-0.03511,0.66591,0.00377,1,0,0.00000,13
0.49430,0.00448,5688.86963,0.16113,13791,1,0.51522,0.04583,1,0.50524,0.02785,1,0.51023,0.03684,1,0.35132,0.67281,17.95968,1.09026,1,0.59798,0.66330,17.76495,1.09026,1,-0.03818,-0.03758,0.67528,0.00388,1,0.02520,-0.03577,0.67751,0.00374,1,0,0.00000,13
0.49679,0.00520,5688.86963,0.16748,13791,1,0.54580,0.02786,1,0.57210,0.01859,1,0.55895,0.02322,1,0.35214,0.67270,17.62067,1.09026,1,0.59836,0.66324,17.44395,1.09026,1,-0.03818,-0.03758,0.67528,0.00392,1,0.02520,-0.03577,0.67751,0.00389,1,0,0.00000,13
0.49911,0.00551,5688.86963,0.17480,13791,1,0.56817,0.02661,1,0.55065,0.00018,1,0.55941,0.01339,1,0.35214,0.67277,17.86300,1.09026,1,0.59875,0.66325,18.03036,1.09026,1,-0.03818,-0.03758,0.67528,0.00388,1,0.02520,-0.03577,0.67751,0.00378,1,0,0.00000,13
0.50126,0.00579,5688.86963,0.18115,13791,1,0.56817,0.02661,1,0.55065,0.00018,1,0.55941,0.01339,1,0.35239,0.67238,17.85173,1.09026,1,0.59891,0.66333,17.64832,1.09026,1,-0.03825,-0.03790,0.68200,0.00385,1,0.02528,-0.03560,0.67434,0.00381,1,0,0.00000,13
0.50367,0.00577,5688.86963,0.18799,13791,1,0.58096,0.00184,1,0.56098,0.00862,1,0.57097,0.00523,1,0.35251,0.67246,18.11577,1.09026,1,0.59901,0.66319,17.68841,1.09026,1,-0.03825,-0.03790,0.68200,0.00382,1,0.02528,-0.03560,0.67434,0.00372,1,0,0.00000,13
0.50557,0.00549,5688.86963,0.19434,13791,1,0.56719,0.00713,1,0.55439,-0.01220,1,0.56079,-0.00254,1,0.35261,0.67253,18.00396,1.09026,1,0.59896,0.66323,17.72762,1.09026,1,-0.03825,-0.03790,0.68200,0.00383,1,0.02528,-0.03560,0.67434,0.00374,1,0,0.00000,13
0.53223,0.01015,5688.86963,0.19434,13791,0,0.56719,0.00713,1,0.55439,-0.01220,1,0.56079,-0.00254,1,0.35248,0.67251,17.97447,1.09026,1,0.59891,0.66333,17.64832,1.09026,1,-0.03825,-0.03790,0.68200,0.00387,1,0.02528,-0.03560,0.67434,0.00381,1,0,0.00000,13
0.54937,0.00731,5688.86963,0.19434,13791,0,0.57778,0.00029,1,0.55524,0.00866,1,0.56651,0.00447,1,0.35248,0.67242,18.23391,1.09026,1,0.59896,0.66323,17.72762,1.09026,1,-0.03825,-0.03790,0.68200,0.00387,1,0.02528,-0.03560,0.67434,0.00374,1,0,0.00000,13
0.55469,0.00764,5688.86963,0.19434,13791,0,0.57329,0.01249,1,0.55737,0.00408,1,0.56533,0.00829,1,0.35247,0.67246,17.85416,1.09026,1,0.59909,0.66314,17.83302,1.09026,1,-0.03825,-0.03790,0.68200,0.00388,1,0.02528,-0.03560,0.67434,0.00385,1,0,0.00000,13
0.55735,0.00780,5689.07031,0.02051,13792,1,0.57329,0.01249,1,0.55737,0.00408,1,0.56533,0.00829,1,0.35235,0.67232,17.98768,1.09026,1,0.59911,0.66314,17.68280,1.09026,1,-0.03825,-0.03790,0.68200,0.00383,1,0.02528,-0.03560,0.67434,0.00382,1,0,0.00000,13
0.55890,0.00387,5689.07031,0.02686,13792,1,0.56613,0.01094,1,0.56410,-0.03467,1,0.56511,-0.01187,1,0.35235,0.67232,17.99163,1.09026,1,0.59891,0.66320,17.62326,1.09026,1,-0.03825,-0.03790,0.68200,0.00382,1,0.02528,-0.03560,0.67434,0.00390,1,0,0.00000,13
0.55845,0.00589,5689.07031,0.03369,13792,1,0.56690,0.04392,1,0.54543,-0.01194,1,0.55616,0.01599,1,0.35235,0.67232,17.99163,1.09026,1,0.59899,0.66323,17.89128,1.09026,1,-0.03825,-0.03790,0.68200,0.00382,1,0.02528,-0.03560,0.67434,0.00390,1,0,0.00000,13
0.55812,0.00733,5689.07031,0.04053,13792,1,0.56690,0.04392,1,0.54543,-0.01194,1,0.55616,0.01599,1,0.35242,0.67230,17.81354,1.09026,1,0.59895,0.66333,17.92064,1.09026,1,-0.03864,-0.03824,0.68901,0.00387,1,0.02528,-0.03560,0.67434,0.00385,1,0,0.00000,13
0.55826,0.00545,5689.07031,0.04688,13792,1,0.56080,0.00032,1,0.55761,-0.01571,1,0.55920,-0.00769,1,0.35239,0.67232,17.80841,1.09026,1,0.59895,0.66328,17.99018,1.09026,1,-0.03864,-0.03824,0.68901,0.00388,1,0.02528,-0.03560,0.67434,0.00384,1,0,0.00000,13
0.55792,0.00534,5689.07031,0.05469,13792,1,0.55606,0.04409,1,0.55444,-0.03517,1,0.55525,0.00446,1,0.35240,0.67237,17.90426,1.09026,1,0.59899,0.66318,17.76526,1.09026,1,-0.03864,-0.03824,0.68901,0.00386,1,0.02528,-0.03560,0.67434,0.00393,1,0,0.00000,13
0.55766,0.00525,5689.07031,0.06055,13792,1,0.55606,0.04409,1,0.55444,-0.03517,1,0.55525,0.00446,1,0.35236,0.67238,17.97445,1.09026,1,0.59896,0.66323,17.89617,1.09026,1,-0.03837,-0.03787,0.68233,0.00386,1,0.02536,-0.03567,0.67648,0.00381,1,0,0.00000,13
0.55674,0.00472,5689.07031,0.06689,13792,1,0.55344,0.03562,1,0.54172,-0.03679,1,0.54758,-0.00059,1,0.35230,0.67212,18.52593,1.09026,1,0.59891,0.66308,17.85155,1.09026,1,-0.03837,-0.03787,0.68233,0.00380,1,0.02536,-0.03567,0.67648,0.00377,1,0,0.00000,13
0.55692,0.00311,5689.07031,0.07471,13792,1,0.56526,0.02310,1,0.55252,-0.05246,1,0.55889,-0.01468,1,0.35231,0.67211,18.40565,1.09026,1,0.59899,0.66307,17.78029,1.09026,1,-0.03837,-0.03787,0.68233,0.00381,1,0.02536,-0.03567,0.67648,0.00374,1,0,0.00000,13
0.55710,0.00069,5689.07031,0.08008,13792,1,0.56437,0.01468,1,0.55430,-0.07128,1,0.55933,-0.02830,1,0.35259,0.67228,18.53280,1.09922,1,0.59897,0.66301,17.53249,1.10839,1,-0.03977,-0.03925,0.70811,0.00379,1,0.02618,-0.03680,0.69698,0.00385,1,0,0.00000,13
0.56148,-0.00249,5689.07031,0.08740,13792,1,0.60215,-0.01355,1,0.63471,-0.07422,1,0.61843,-0.04388,1,0.35319,0.67214,18.20099,1.11735,1,0.59969,0.66330,17.77159,1.12651,1,-0.03977,-0.03925,0.70811,0.00389,1,0.02618,-0.03680,0.69698,0.00390,1,0,0.00000,13
0.56698,-0.00612,5689.07031,0.09424,13792,1,0.62847,-0.03788,1,0.65940,-0.07579,1,0.64394,-0.05683,1,0.35376,0.67219,18.31042,1.13547,1,0.60040,0.66333,18.10789,1.14464,1,-0.03977,-0.03925,0.70811,0.00381,1,0.02618,-0.03680,0.69698,0.00376,1,0,0.00000,13
0.57178,-0.00956,5689.07031,0.10059,13792,1,0.62807,-0.04676,1,0.65940,-0.07579,1,0.64374,-0.06128,1,0.35432,0.67195,18.32950,1.14464,1,0.60095,0.66344,18.28330,1.14464,1,-0.03819,-0.03804,0.68633,0.00383,1,0.02608,-0.03629,0.68736,0.00388,1,0,0.00000,13
0.57692,-0.01503,5689.07031,0.10742,13792,1,0.65982,-0.06089,1,0.65842,-0.14402,1,0.65912,-0.10246,1,0.35459,0.67178,18.26598,1.13568,1,0.60141,0.66322,18.30434,1.12651,1,-0.03819,-0.03804,0.68633,0.00385,1,0.02608,-0.03629,0.68736,0.00371,1,0,0.00000,13
0.58120,-0.01859,5689.07031,0.11377,13792,1,0.65732,-0.04430,1,0.65076,-0.11394,1,0.65404,-0.07912,1,0.35458,0.67165,17.76062,1.11755,1,0.60128,0.66313,18.30565,1.10839,1,-0.03819,-0.03804,0.68633,0.00391,1,0.02608,-0.03629,0.68736,0.00370,1,0,0.00000,13
0.58496,-0.02079,5689.07031,0.12061,13792,1,0.65769,-0.02621,1,0.64754,-0.09462,1,0.65262,-0.06042,1,0.35431,0.67169,17.78396,1.09943,1,0.60124,0.66299,18.39472,1.09026,1,-0.03831,-0.03801,0.68674,0.00385,1,0.02608,-0.03619,0.68736,0.00369,1,0,0.00000,13
0.60744,-0.03934,5689.07031,0.12061,13792,0,0.64559,-0.01158,1,0.63656,-0.05545,1,0.64108,-0.03351,1,0.35430,0.67169,17.82758,1.09026,1,0.60115,0.66303,18.33406,1.09026,1,-0.03831,-0.03801,0.68674,0.00384,1,0.02608,-0.03619,0.68736,0.00375,1,0,0.00000,13
0.63291,-0.03579,5689.07031,0.12061,13792,0,0.63909,-0.01491,1,0.67769,-0.04957,1,0.65839,-0.03224,1,0.35429,0.67168,17.74410,1.09026,1,0.60127,0.66299,18.35680,1.09026,1,-0.03831,-0.03801,0.68674,0.00385,1,0.02608,-0.03619,0.68736,0.00370,1,0,0.00000,13
0.64172,-0.03617,5689.07031,0.12061,13792,0,0.63909,-0.01491,1,0.67956,-0.05895,1,0.65932,-0.03693,1,0.35416,0.67151,17.63807,1.09026,1,0.60121,0.66291,18.32874,1.09943,1,-0.03687,-0.03648,0.65910,0.00384,1,0.02666,-0.03707,0.70408,0.00371,1,0,0.00000,13
0.64530,-0.04045,5689.19824,0.01953,13793,1,0.66214,-0.02494,1,0.64997,-0.08163,1,0.65606,-0.05329,1,0.35414,0.67156,17.78643,1.09943,1,0.60101,0.66272,17.88882,1.10860,1,-0.03687,-0.03648,0.65910,0.00379,1,0.02666,-0.03707,0.70408,0.00382,1,0,0.00000,13
0.64523,-0.04900,5689.19824,0.02637,13793,1,0.64189,-0.06781,1,0.64796,-0.09857,1,0.64492,-0.08319,1,0.35420,0.67162,17.87837,1.10860,1,0.60081,0.66271,17.83561,1.11776,1,-0.03687,-0.03648,0.65910,0.00380,1,0.02666,-0.03707,0.70408,0.00378,1,0,0.00000,13
0.64515,-0.05548,5689.19824,0.03320,13793,1,0.64158,-0.07719,1,0.64796,-0.09857,1,0.64477,-0.08788,1,0.35398,0.67156,17.86926,1.11776,1,0.60077,0.66270,17.91441,1.11776,1,-0.03687,-0.03648,0.65910,0.00385,1,0.02545,-0.03545,0.67332,0.00379,1,0,0.00000,13
0.64909,-0.05630,5689.19824,0.04004,13793,1,0.66856,-0.05711,1,0.67695,-0.06532,1,0.67276,-0.06122,1,0.35395,0.67155,17.64428,1.11776,1,0.60071,0.66283,17.91622,1.10860,1,-0.03687,-0.03648,0.65910,0.00391,1,0.02545,-0.03545,0.67332,0.00377,1,0,0.00000,13
0.65095,-0.05790,5689.19824,0.04639,13793,1,0.66310,-0.06926,1,0.66472,-0.06888,1,0.66391,-0.06907,1,0.35392,0.67159,17.66796,1.10860,1,0.60069,0.66289,17.87236,1.09943,1,-0.03687,-0.03648,0.65910,0.00390,1,0.02545,-0.03545,0.67332,0.00374,1,0,0.00000,13
0.65230,-0.05809,5689.19824,0.05322,13793,1,0.66324,-0.05982,1,0.66297,-0.05941,1,0.66311,-0.05962,1,0.35372,0.67166,17.93909,1.09943,1,0.60044,0.66295,18.17456,1.09026,1,-0.03864,-0.03814,0.68901,0.00385,1,0.02564,-0.03586,0.68112,0.00387,1,0,0.00000,13
0.65184,-0.05690,5689.19824,0.06055,13793,1,0.65070,-0.02875,1,0.64485,-0.06366,1,0.64778,-0.04621,1,0.35364,0.67171,17.81493,1.09026,1,0.60035,0.66299,18.14007,1.09026,1,-0.03864,-0.03814,0.68901,0.00385,1,0.02564,-0.03586,0.68112,0.00380,1,0,0.00000,13
0.65182,-0.05525,5689.19824,0.06592,13793,1,0.63244,-0.01891,1,0.67069,-0.05863,1,0.65156,-0.03877,1,0.35355,0.67169,17.80175,1.09026,1,0.60041,0.66296,18.32314,1.09026,1,-0.03864,-0.03814,0.68901,0.00384,1,0.02564,-0.03586,0.68112,0.00376,1,0,0.00000,13
0.65180,-0.05388,5689.19824,0.07275,13793,1,0.63244,-0.01891,1,0.67069,-0.05863,1,0.65156,-0.03877,1,0.35331,0.67163,17.57312,1.09026,1,0.60039,0.66271,17.81816,1.09026,1,-0.03836,-0.03776,0.68219,0.00382,1,0.02564,-0.03586,0.68112,0.00375,1,0,0.00000,13
0.65155,-0.05215,5689.19824,0.07959,13793,1,0.64014,-0.01816,1,0.65709,-0.04465,1,0.64861,-0.03141,1,0.35334,0.67203,18.63422,1.09026,1,0.60036,0.66271,18.11933,1.09026,1,-0.03836,-0.03776,0.68219,0.00378,1,0.02564,-0.03586,0.68112,0.00374,1,0,0.00000,13
0.65094,-0.05116,5689.19824,0.08594,13793,1,0.63201,-0.01370,1,0.65392,-0.06282,1,0.64297,-0.03826,1,0.35341,0.67202,18.46376,1.09026,1,0.60011,0.66281,17.68824,1.09026,1,-0.03836,-0.03776,0.68219,0.00376,1,0.02564,-0.03586,0.68112,0.00368,1,0,0.00000,13
0.65041,-0.05030,5689.19824,0.09424,13793,1,0.63201,-0.01370,1,0.65392,-0.06282,1,0.64297,-0.03826,1,0.35307,0.67192,18.27898,1.09026,1,0.60001,0.66285,17.85389,1.09026,1,-0.03817,-0.03772,0.67870,0.00366,1,0.02528,-0.03550,0.67434,0.00372,1,0,0.00000,13
0.65140,-0.04968,5689.19824,0.09961,13793,1,0.64881,-0.00343,1,0.68368,-0.07726,1,0.66624,-0.04035,1,0.35293,0.67188,17.91357,1.09026,1,0.59990,0.66297,17.94467,1.09026,1,-0.03817,-0.03772,0.67870,0.00374,1,0.02528,-0.03550,0.67434,0.00374,1,0,0.00000,13
0.65136,-0.04915,5689.19824,0.10645,13793,1,0.64370,0.00871,1,0.65777,-0.09018,1,0.65074,-0.04074,1,0.35284,0.67190,18.33576,1.09026,1,0.59978,0.66293,17.68499,1.09026,1,-0.03817,-0.03772,0.67870,0.00368,1,0.02528,-0.03550,0.67434,0.00385,1,0,0.00000,13
0.65132,-0.04868,5689.19824,0.11328,13793,1,0.64370,0.00871,1,0.65777,-0.09018,1,0.65074,-0.04074,1,0.35258,0.67213,18.07749,1.09026,1,0.59964,0.66290,17.91688,1.09026,1,-0.03818,-0.03758,0.67528,0.00374,1,0.02545,-0.03588,0.68146,0.00376,1,0,0.00000,13
0.65177,-0.04754,5689.19824,0.12012,13793,1,0.65052,0.02198,1,0.66889,-0.07589,1,0.65971,-0.02696,1,0.35258,0.67204,18.23417,1.09026,1,0.59944,0.66274,17.42248,1.09026,1,-0.03818,-0.03758,0.67528,0.00376,1,0.02545,-0.03588,0.68146,0.00394,1,0,0.00000,13
0.65152,-0.04753,5689.19824,0.12842,13793,1,0.63275,-0.00676,1,0.66097,-0.08793,1,0.64686,-0.04735,1,0.35257,0.67202,18.28694,1.09026,1,0.59957,0.66278,17.81972,1.09026,1,-0.03818,-0.03758,0.67528,0.00376,1,0.02545,-0.03588,0.68146,0.00375,1,0,0.00000,13
0.65130,-0.04752,5689.19824,0.13379,13793,1,0.63275,-0.00676,1,0.66097,-0.08793,1,0.64686,-0.04735,1,0.35250,0.67212,18.33224,1.09026,1,0.59956,0.66273,17.77427,1.09026,1,-0.03818,-0.03758,0.67528,0.00376,1,0.02545,-0.03588,0.68146,0.00372,1,0,0.00000,13
0.65160,-0.04677,5689.19824,0.14014,13793,1,0.66166,0.02677,1,0.65414,-0.08859,1,0.65790,-0.03091,1,0.35209,0.67194,18.11442,1.09026,1,0.59931,0.66284,17.75714,1.09026,1,-0.03818,-0.03758,0.67528,0.00381,1,0.02545,-0.03588,0.68146,0.00381,1,0,0.00000,13
0.65153,-0.04619,5689.19824,0.14697,13793,1,0.66144,0.01989,1,0.63866,-0.08675,1,0.65005,-0.03343,1,0.35201,0.67201,18.19862,1.09026,1,0.59928,0.66290,17.69321,1.09026,1,-0.03818,-0.03758,0.67528,0.00374,1,0.02545,-0.03588,0.68146,0.00378,1,0,0.00000,13
0.65156,-0.04667,5689.19824,0.15430,13793,1,0.66111,0.00136,1,0.64348,-0.11681,1,0.65229,-0.05772,1,0.35199,0.67217,18.29058,1.10946,1,0.59922,0.66293,17.87887,1.11863,1,-0.04138,-0.04062,0.72993,0.00368,1,0.02596,-0.03682,0.69930,0.00370,1,0,0.00000,13
0.65246,-0.04811,5689.19824,0.16211,13793,1,0.64240,-0.02395,1,0.70582,-0.14149,1,0.67411,-0.08272,1,0.35191,0.67219,18.20988,1.13782,1,0.59908,0.66290,17.78783,1.14699,1,-0.04138,-0.04062,0.72993,0.00374,1,0.02596,-0.03682,0.69930,0.00370,1,0,0.00000,13
0.65357,-0.05198,5689.19824,0.16699,13793,1,0.66075,-0.11094,1,0.70154,-0.18656,1,0.68114,-0.14875,1,0.35194,0.67222,18.39122,1.16619,1,0.59903,0.66273,17.46739,1.17535,1,-0.04138,-0.04062,0.72993,0.00374,1,0.02596,-0.03682,0.69930,0.00369,1,0,0.00000,13
0.65459,-0.05574,5689.19824,0.17432,13793,1,0.66060,-0.12024,1,0.70154,-0.18656,1,0.68107,-0.15340,1,0.35184,0.67225,18.31864,1.17535,1,0.59885,0.66285,17.92562,1.17535,1,-0.03838,-0.03758,0.67535,0.00375,1,0.02467,-0.03506,0.66591,0.00375,1,0,0.00000,13
0.65515,-0.05776,5689.19824,0.18066,13793,1,0.65257,-0.07378,1,0.68831,-0.15082,1,0.67044,-0.11230,1,0.35190,0.67232,17.98273,1.15616,1,0.59884,0.66277,17.85955,1.14699,1,-0.03838,-0.03758,0.67535,0.00367,1,0.02467,-0.03506,0.66591,0.00375,1,0,0.00000,13
0.65518,-0.05866,5689.19824,0.18701,13793,1,0.64543,-0.05416,1,0.66626,-0.11385,1,0.65584,-0.08401,1,0.35170,0.67243,17.90271,1.12779,1,0.59879,0.66271,17.94720,1.11863,1,-0.03838,-0.03758,0.67535,0.00373,1,0.02467,-0.03506,0.66591,0.00374,1,0,0.00000,13
0.65512,-0.05854,5689.19824,0.19385,13793,1,0.64628,-0.02595,1,0.66091,-0.08394,1,0.65360,-0.05494,1,0.35167,0.67246,17.94938,1.09943,1,0.59878,0.66273,17.82792,1.09026,1,-0.03838,-0.03758,0.67535,0.00374,1,0.02467,-0.03506,0.66591,0.00374,1,0,0.00000,13
0.65502,-0.05850,5689.19824,0.20068,13793,1,0.63650,-0.02068,1,0.66708,-0.09380,1,0.65179,-0.05724,1,0.35159,0.67243,18.06300,1.09026,1,0.59864,0.66270,17.75071,1.09026,1,-0.03838,-0.03758,0.67535,0.00377,1,0.02467,-0.03506,0.66591,0.00373,1,0,0.00000,13
0.65497,-0.05888,5689.19824,0.20752,13793,1,0.64436,-0.03054,1,0.66258,-0.11109,1,0.65347,-0.07082,1,0.35149,0.67240,18.05323,1.09026,1,0.59863,0.66263,17.55885,1.09026,1,-0.03838,-0.03758,0.67535,0.00369,1,0.02467,-0.03506,0.66591,0.00373,1,0,0.00000,13
0.65492,-0.05924,5689.19824,0.21436,13793,1,0.64436,-0.03054,1,0.66258,-0.11109,1,0.65347,-0.07082,1,0.35138,0.67228,17.77643,1.09026,1,0.59870,0.66269,17.84019,1.09026,1,-0.03838,-0.03758,0.67535,0.00367,1,0.02467,-0.03506,0.66591,0.00372,1,0,0.00000,13
0.65472,-0.05945,5689.19824,0.22070,13793,1,0.64265,-0.03527,1,0.65313,-0.09730,1,0.64789,-0.06628,1,0.35152,0.67232,17.93786,1.09026,1,0.59865,0.66260,17.61175,1.09026,1,-0.03838,-0.03758,0.67535,0.00364,1,0.02467,-0.03506,0.66591,0.00372,1,0,0.00000,13
0.66197,-0.08535,5689.19824,0.22070,13793,0,0.67076,-0.01699,1,0.66623,-0.11334,1,0.66850,-0.06516,1,0.35138,0.67235,18.05217,1.09026,1,0.59865,0.66270,17.78458,1.09026,1,-0.03838,-0.03758,0.67535,0.00367,1,0.02467,-0.03506,0.66591,0.00373,1,0,0.00000,13
0.66484,-0.07307,5689.19824,0.22070,13793,0,0.67076,-0.01699,1,0.66467,-0.10459,1,0.66772,-0.06079,1,0.35128,0.67228,18.08331,1.09026,1,0.59856,0.66283,17.56499,1.08218,1,-0.03838,-0.03758,0.67535,0.00363,1,0.02421,-0.03443,0.65490,0.00380,1,0,0.00000,13
0.66536,-0.06524,5689.19824,0.22070,13793,0,0.67584,-0.02170,1,0.65697,-0.07750,1,0.66640,-0.04960,1,0.35135,0.67224,17.95083,1.08218,1,0.59846,0.66280,17.56137,1.07409,1,-0.03838,-0.03758,0.67535,0.00362,1,0.02421,-0.03443,0.65490,0.00379,1,0,0.00000,13
0.66079,-0.06105,5689.42578,0.02002,13794,1,0.64531,-0.01078,1,0.64887,-0.08612,1,0.64709,-0.04845,1,0.35138,0.67235,18.05217,1.07409,1,0.59865,0.66277,17.67016,1.06600,1,-0.03838,-0.03758,0.67535,0.00367,1,0.02421,-0.03443,0.65490,0.00381,1,0,0.00000,13
0.65808,-0.05771,5689.42578,0.02686,13794,1,0.64556,-0.00266,1,0.64887,-0.08612,1,0.64721,-0.04439,1,0.35124,0.67225,18.03609,1.06600,1,0.59854,0.66284,17.77761,1.06600,1,-0.03838,-0.03758,0.67535,0.00364,1,0.02503,-0.03562,0.67839,0.00379,1,0,0.00000,13
0.65653,-0.05938,5689.42578,0.03467,13794,1,0.63888,-0.02035,1,0.65874,-0.11509,1,0.64881,-0.06772,1,0.35140,0.67207,18.20221,1.06600,1,0.59862,0.66267,17.70880,1.07409,1,-0.03838,-0.03758,0.67535,0.00382,1,0.02503,-0.03562,0.67839,0.00373,1,0,0.00000,13
0.65603,-0.06440,5689.42578,0.04102,13794,1,0.64272,-0.04883,1,0.66329,-0.14020,1,0.65301,-0.09452,1,0.35147,0.67226,17.81058,1.07409,1,0.59865,0.66268,17.72385,1.08218,1,-0.03838,-0.03758,0.67535,0.00368,1,0.02503,-0.03562,0.67839,0.00370,1,0,0.00000,13
0.65584,-0.06989,5689.42578,0.04639,13794,1,0.64245,-0.05723,1,0.66659,-0.15941,1,0.65452,-0.10832,1,0.35158,0.67215,17.62747,1.08218,1,0.59869,0.66259,17.66096,1.09943,1,-0.03838,-0.03758,0.67535,0.00377,1,0.02599,-0.03691,0.70295,0.00372,1,0,0.00000,13
0.65652,-0.06993,5689.42578,0.05322,13794,1,0.65144,0.02927,1,0.67245,-0.16971,1,0.66195,-0.07022,1,0.35179,0.67228,18.22832,1.09943,1,0.59879,0.66260,17.81877,1.10860,1,-0.03838,-0.03758,0.67535,0.00373,1,0.02599,-0.03691,0.70295,0.00372,1,0,0.00000,13
0.65757,-0.07277,5689.42578,0.06006,13794,1,0.64805,-0.01258,1,0.68601,-0.18411,1,0.66703,-0.09835,1,0.35184,0.67190,18.02580,1.10860,1,0.59867,0.66261,17.62898,1.11776,1,-0.03838,-0.03758,0.67535,0.00381,1,0.02599,-0.03691,0.70295,0.00383,1,0,0.00000,13
0.65842,-0.07550,5689.42578,0.06689,13794,1,0.64779,-0.02152,1,0.68601,-0.18411,1,0.66690,-0.10282,1,0.35173,0.67202,18.29697,1.11776,1,0.59869,0.66262,17.73752,1.11776,1,-0.03838,-0.03758,0.67535,0.00372,1,0.02467,-0.03496,0.66591,0.00385,1,0,0.00000,13
0.65969,-0.07627,5689.42578,0.07373,13794,1,0.65670,-0.02168,1,0.69063,-0.14774,1,0.67366,-0.08471,1,0.35184,0.67213,18.37113,1.11776,1,0.59892,0.66253,17.71571,1.10860,1,-0.03838,-0.03758,0.67535,0.00370,1,0.02467,-0.03496,0.66591,0.00382,1,0,0.00000,13
0.66109,-0.07649,5689.42578,0.08008,13794,1,0.66091,-0.00907,1,0.69500,-0.14910,1,0.67795,-0.07909,1,0.35172,0.67218,18.49395,1.10860,1,0.59896,0.66253,17.90056,1.09943,1,-0.03838,-0.03758,0.67535,0.00375,1,0.02467,-0.03496,0.66591,0.00383,1,0,0.00000,13
0.66230,-0.07666,5689.42578,0.08838,13794,1,0.66091,-0.00887,1,0.69495,-0.14887,1,0.67793,-0.07887,1,0.35179,0.67213,18.21627,1.10839,1,0.59890,0.66246,17.81250,1.09922,1,-0.04038,-0.03954,0.71141,0.00375,1,0.02467,-0.03501,0.66591,0.00382,1,0,0.00000,13
0.66294,-0.07858,5689.42578,0.09326,13794,1,0.63575,-0.02575,1,0.70821,-0.18531,1,0.67198,-0.10553,1,0.35191,0.67199,18.33400,1.10818,1,0.59896,0.66253,17.93550,1.10818,1,-0.04038,-0.03954,0.71141,0.00374,1,0.02467,-0.03501,0.66591,0.00384,1,0,0.00000,13
0.66169,-0.07981,5689.42578,0.10254,13794,1,0.64288,-0.02188,1,0.64308,-0.17471,1,0.64298,-0.09829,1,0.35194,0.67207,17.98318,1.11714,1,0.59908,0.66246,17.58643,1.11714,1,-0.04038,-0.03954,0.71141,0.00372,1,0.02467,-0.03501,0.66591,0.00383,1,0,0.00000,13
0.66067,-0.08175,5689.42578,0.10840,13794,1,0.64259,-0.03061,1,0.64613,-0.19485,1,0.64436,-0.11273,1,0.35195,0.67192,18.21980,1.12610,1,0.59903,0.66254,17.71815,1.13526,1,-0.03984,-0.03911,0.70367,0.00372,1,0.02581,-0.03641,0.69247,0.00389,1,0,0.00000,13
0.66031,-0.08478,5689.42578,0.11523,13794,1,0.65293,-0.06694,1,0.65542,-0.20566,1,0.65418,-0.13630,1,0.35199,0.67189,18.38968,1.13526,1,0.59896,0.66257,17.53037,1.14443,1,-0.03984,-0.03911,0.70367,0.00370,1,0.02581,-0.03641,0.69247,0.00389,1,0,0.00000,13
0.66024,-0.08681,5689.42578,0.12061,13794,1,0.65252,-0.03939,1,0.66546,-0.20746,1,0.65899,-0.12343,1,0.35194,0.67201,18.34390,1.14443,1,0.59908,0.66262,17.90215,1.15360,1,-0.03984,-0.03911,0.70367,0.00375,1,0.02581,-0.03641,0.69247,0.00387,1,0,0.00000,13
0.66018,-0.08866,5689.42578,0.12744,13794,1,0.65251,-0.03960,1,0.66550,-0.20769,1,0.65900,-0.12364,1,0.35211,0.67201,18.36530,1.14464,1,0.59931,0.66239,17.82343,1.15381,1,-0.03808,-0.03743,0.67354,0.00372,1,0.02581,-0.03641,0.69247,0.00402,1,0,0.00000,13
0.65945,-0.09094,5689.42578,0.13428,13794,1,0.62371,-0.06421,1,0.66592,-0.20916,1,0.64482,-0.13669,1,0.35219,0.67195,18.55142,1.14485,1,0.59935,0.66242,17.92746,1.14485,1,-0.03808,-0.03743,0.67354,0.00373,1,0.02581,-0.03641,0.69247,0.00389,1,0,0.00000,13
0.65938,-0.09078,5689.42578,0.14062,13794,1,0.64204,-0.02588,1,0.67390,-0.14894,1,0.65797,-0.08741,1,0.35208,0.67219,18.12702,1.13589,1,0.59935,0.66261,17.79572,1.13589,1,-0.03808,-0.03743,0.67354,0.00380,1,0.02581,-0.03641,0.69247,0.00372,1,0,0.00000,13
0.65925,-0.09003,5689.42578,0.14746,13794,1,0.64234,-0.01726,1,0.67043,-0.12959,1,0.65638,-0.07342,1,0.35218,0.67241,18.07301,1.12693,1,0.59927,0.66292,17.69245,1.11776,1,-0.03818,-0.03758,0.67528,0.00375,1,0.02520,-0.03577,0.67751,0.00378,1,0,0.00000,13
0.65684,-0.08414,5689.42578,0.15381,13794,1,0.59337,0.08010,1,0.60928,0.02225,1,0.60132,0.05117,1,0.35188,0.67364,18.36732,1.11776,1,0.59843,0.66389,17.60143,1.10860,1,-0.03818,-0.03758,0.67528,0.00384,1,0.02520,-0.03577,0.67751,0.00369,1,0,0.00000,13
0.65338,-0.07298,5689.42578,0.16064,13794,1,0.56196,0.20032,1,0.57893,0.18982,1,0.57045,0.19507,1,0.35158,0.67443,17.59384,1.10860,1,0.59779,0.66513,17.34866,1.09943,1,-0.03818,-0.03758,0.67528,0.00387,1,0.02520,-0.03577,0.67751,0.00384,1,0,0.00000,13
0.65019,-0.06266,5689.42578,0.16748,13794,1,0.56198,0.20048,1,0.57891,0.18999,1,0.57045,0.19524,1,0.35088,0.67631,16.90713,1.10839,1,0.59666,0.66658,17.13088,1.09922,1,-0.04002,-0.03987,0.70502,0.00394,1,0.02483,-0.03649,0.68149,0.00375,1,0,0.00000,13
0.62377,-0.00545,5689.42578,0.16748,13794,0,0.50954,0.40784,1,0.53923,0.36211,1,0.52438,0.38498,1,0.34995,0.67897,17.64915,1.10818,1,0.59553,0.66876,17.05043,1.10818,1,-0.04002,-0.03987,0.70502,0.00399,1,0.02483,-0.03649,0.68149,0.00363,1,0,0.00000,13
0.55738,0.21392,5689.42578,0.16748,13794,0,0.47540,0.45458,1,0.50656,0.41203,1,0.49098,0.43330,1,0.34978,0.67953,17.74156,1.11714,1,0.59557,0.66955,16.94719,1.11714,1,-0.04002,-0.03987,0.70502,0.00403,1,0.02483,-0.03649,0.68149,0.00373,1,0,0.00000,13
0.53533,0.28612,5689.42578,0.16748,13794,0,0.47540,0.45458,1,0.50710,0.40648,1,0.49125,0.43053,1,0.34937,0.68076,17.90088,1.11714,1,0.59492,0.67080,17.35856,1.12631,1,-0.03838,-0.03860,0.67535,0.00398,1,0.02553,-0.03827,0.70777,0.00367,1,0,0.00000,13
0.48743,0.42739,5689.42578,0.16748,13794,0,0.43798,0.39665,1,0.52214,0.44005,1,0.48006,0.41835,1,0.34920,0.68094,17.89824,1.11735,1,0.59540,0.67074,16.23020,1.12651,1,-0.03838,-0.03860,0.67535,0.00397,1,0.02553,-0.03827,0.70777,0.00378,1,0,0.00000,13
0.48356,0.42902,5689.42578,0.16748,13794,0,0.45650,0.44816,1,0.50289,0.41313,1,0.47970,0.43065,1,0.34920,0.68092,17.88598,1.11756,1,0.59552,0.67084,16.28368,1.12672,1,-0.03838,-0.03860,0.67535,0.00391,1,0.02553,-0.03827,0.70777,0.00363,1,0,0.00000,13
0.48183,0.42590,5689.42578,0.16748,13794,0,0.45274,0.43780,1,0.50398,0.40151,1,0.47836,0.41965,1,0.34902,0.68074,17.86150,1.13696,1,0.59549,0.67069,16.97201,1.14613,1,-0.04168,-0.04164,0.73141,0.00390,1,0.02534,-0.03783,0.69962,0.00363,1,0,0.00000,13
0.48067,0.43612,5689.61963,0.02002,13795,1,0.46583,0.51306,1,0.48858,0.42054,1,0.47721,0.46680,1,0.34900,0.68074,17.87650,1.16532,1,0.59554,0.67064,16.95644,1.16532,1,-0.04168,-0.04164,0.73141,0.00389,1,0.02534,-0.03783,0.69962,0.00364,1,0,0.00000,13
0.48049,0.43509,5689.61963,0.02734,13795,1,0.45731,0.48788,1,0.50219,0.37406,1,0.47975,0.43097,1,0.34903,0.68071,17.84901,1.18452,1,0.59553,0.67068,17.14452,1.18452,1,-0.04168,-0.04164,0.73141,0.00390,1,0.02534,-0.03783,0.69962,0.00362,1,0,0.00000,13
0.48033,0.43487,5689.61963,0.03369,13795,1,0.45731,0.48788,1,0.50171,0.37959,1,0.47951,0.43374,1,0.34904,0.68069,17.85768,1.18452,1,0.59566,0.67075,17.39060,1.17535,1,-0.03869,-0.03860,0.67894,0.00388,1,0.02455,-0.03658,0.67649,0.00362,1,0,0.00000,13
0.48335,0.43960,5689.61963,0.04150,13795,1,0.48177,0.49915,1,0.52125,0.43690,1,0.50151,0.46803,1,0.34904,0.68069,17.82813,1.15616,1,0.59589,0.67057,16.71394,1.14699,1,-0.03869,-0.03860,0.67894,0.00390,1,0.02455,-0.03658,0.67649,0.00372,1,0,0.00000,13
0.48569,0.44410,5689.61963,0.04639,13795,1,0.47578,0.50520,1,0.52839,0.44598,1,0.50209,0.47559,1,0.34903,0.68066,17.99355,1.12779,1,0.59601,0.67065,16.59400,1.11863,1,-0.03869,-0.03860,0.67894,0.00390,1,0.02455,-0.03658,0.67649,0.00382,1,0,0.00000,13
0.48766,0.44845,5689.61963,0.05469,13795,1,0.47920,0.51459,1,0.52759,0.45185,1,0.50340,0.48322,1,0.34906,0.68068,17.89705,1.10839,1,0.59620,0.67075,16.90173,1.10839,1,-0.04015,-0.04010,0.70544,0.00390,1,0.02555,-0.03779,0.69978,0.00366,1,0,0.00000,13
0.48655,0.44754,5689.61963,0.06055,13795,1,0.45152,0.44171,1,0.50155,0.43693,1,0.47654,0.43932,1,0.34904,0.68059,18.09964,1.11735,1,0.59626,0.67072,17.10293,1.12651,1,-0.04015,-0.04010,0.70544,0.00388,1,0.02555,-0.03779,0.69978,0.00363,1,0,0.00000,13
0.48635,0.44785,5689.61963,0.06689,13795,1,0.45482,0.47785,1,0.51382,0.42421,1,0.48432,0.45103,1,0.34911,0.68059,17.99688,1.13547,1,0.59625,0.67073,17.22511,1.14464,1,-0.04015,-0.04010,0.70544,0.00385,1,0.02555,-0.03779,0.69978,0.00362,1,0,0.00000,13
0.48610,0.44793,5689.61963,0.07471,13795,1,0.45305,0.47326,1,0.51382,0.42421,1,0.48344,0.44873,1,0.34911,0.68052,17.61297,1.14464,1,0.59633,0.67073,17.14425,1.14464,1,-0.03838,-0.03839,0.67535,0.00387,1,0.02489,-0.03673,0.68025,0.00362,1,0,0.00000,13
0.48553,0.44841,5689.61963,0.08057,13795,1,0.45753,0.49804,1,0.49974,0.41042,1,0.47864,0.45423,1,0.34915,0.68053,17.75049,1.13568,1,0.59644,0.67073,17.27258,1.12652,1,-0.03838,-0.03839,0.67535,0.00395,1,0.02489,-0.03673,0.68025,0.00364,1,0,0.00000,13
0.48532,0.44804,5689.61963,0.08691,13795,1,0.47032,0.50770,1,0.49492,0.37861,1,0.48262,0.44315,1,0.34916,0.68046,17.49702,1.11756,1,0.59646,0.67075,17.29579,1.10839,1,-0.03838,-0.03839,0.67535,0.00395,1,0.02489,-0.03673,0.68025,0.00362,1,0,0.00000,13
0.48521,0.44856,5689.61963,0.09424,13795,1,0.47364,0.51651,1,0.49360,0.39540,1,0.48362,0.45596,1,0.34918,0.68047,17.39198,1.09943,1,0.59656,0.67061,16.79367,1.08218,1,-0.03838,-0.03839,0.67535,0.00396,1,0.02395,-0.03527,0.65312,0.00364,1,0,0.00000,13
0.48588,0.44955,5689.61963,0.10059,13795,1,0.48029,0.51528,1,0.51162,0.41353,1,0.49596,0.46441,1,0.34922,0.68056,17.67349,1.08218,1,0.59685,0.67062,16.53025,1.07409,1,-0.03838,-0.03839,0.67535,0.00386,1,0.02395,-0.03527,0.65312,0.00379,1,0,0.00000,13
0.48695,0.45046,5689.61963,0.10889,13795,1,0.48393,0.52014,1,0.52414,0.40982,1,0.50403,0.46498,1,0.34926,0.68048,17.53845,1.07409,1,0.59706,0.67075,16.39101,1.06600,1,-0.03838,-0.03839,0.67535,0.00394,1,0.02395,-0.03527,0.65312,0.00373,1,0,0.00000,13
0.48794,0.45138,5689.61963,0.11426,13795,1,0.48537,0.52415,1,0.52414,0.40982,1,0.50475,0.46699,1,0.34921,0.68048,17.43918,1.06600,1,0.59696,0.67081,16.81319,1.06600,1,-0.03806,-0.03812,0.66973,0.00394,1,0.02508,-0.03686,0.68256,0.00361,1,0,0.00000,13
0.48926,0.45265,5689.61963,0.12109,13795,1,0.48947,0.54001,1,0.53659,0.41085,1,0.51303,0.47543,1,0.34925,0.68049,17.36880,1.06600,1,0.59694,0.67087,16.85410,1.07409,1,-0.03806,-0.03812,0.66973,0.00394,1,0.02508,-0.03686,0.68256,0.00361,1,0,0.00000,13
0.48914,0.45128,5689.61963,0.12744,13795,1,0.47532,0.46346,1,0.49848,0.38729,1,0.48690,0.42537,1,0.34926,0.68065,17.45898,1.07409,1,0.59702,0.67052,17.18705,1.08218,1,-0.03806,-0.03812,0.66973,0.00398,1,0.02508,-0.03686,0.68256,0.00372,1,0,0.00000,13
0.48902,0.44968,5689.61963,0.13379,13795,1,0.47382,0.45906,1,0.49941,0.37611,1,0.48662,0.41758,1,0.34931,0.68049,17.34353,1.08218,1,0.59711,0.67082,17.00430,1.09943,1,-0.03838,-0.03849,0.67535,0.00394,1,0.02582,-0.03788,0.70142,0.00363,1,0,0.00000,13
0.48909,0.44899,5689.61963,0.14014,13795,1,0.49252,0.48216,1,0.48857,0.38705,1,0.49054,0.43460,1,0.34930,0.68067,17.58783,1.09943,1,0.59712,0.67077,17.09845,1.10860,1,-0.03838,-0.03849,0.67535,0.00395,1,0.02582,-0.03788,0.70142,0.00371,1,0,0.00000,13
0.48860,0.44764,5689.61963,0.14795,13795,1,0.46918,0.44675,1,0.48675,0.38909,1,0.47796,0.41792,1,0.34934,0.68056,17.69776,1.10860,1,0.59707,0.67082,17.25149,1.11777,1,-0.03838,-0.03849,0.67535,0.00387,1,0.02582,-0.03788,0.70142,0.00361,1,0,0.00000,13
0.48813,0.44630,5689.61963,0.15527,13795,1,0.46749,0.44179,1,0.48675,0.38909,1,0.47712,0.41544,1,0.34934,0.68055,17.75879,1.11777,1,0.59718,0.67087,16.96455,1.11777,1,-0.03864,-0.03880,0.67981,0.00386,1,0.02474,-0.03626,0.67054,0.00368,1,0,0.00000,13
0.48780,0.44571,5689.61963,0.16162,13795,1,0.47687,0.46577,1,0.48300,0.39718,1,0.47994,0.43147,1,0.34935,0.68067,17.57961,1.11777,1,0.59730,0.67080,16.98320,1.10860,1,-0.03864,-0.03880,0.67981,0.00397,1,0.02474,-0.03626,0.67054,0.00368,1,0,0.00000,13
0.48757,0.44397,5689.61963,0.16748,13795,1,0.47665,0.44413,1,0.48727,0.35687,1,0.48196,0.40050,1,0.34935,0.68054,17.78601,1.10860,1,0.59715,0.67087,17.11325,1.09943,1,-0.03864,-0.03880,0.67981,0.00388,1,0.02474,-0.03626,0.67054,0.00367,1,0,0.00000,13
0.48739,0.44256,5689.61963,0.17480,13795,1,0.47828,0.44912,1,0.48687,0.36298,1,0.48258,0.40605,1,0.34936,0.68074,17.72136,1.09943,1,0.59716,0.67090,17.17257,1.09027,1,-0.03864,-0.03880,0.67981,0.00386,1,0.02474,-0.03626,0.67054,0.00365,1,0,0.00000,13
0.48717,0.44199,5689.61963,0.18115,13795,1,0.48179,0.40887,1,0.48100,0.44411,1,0.48139,0.42649,1,0.34939,0.68070,17.74399,1.09027,1,0.59720,0.67082,17.07719,1.09027,1,-0.03864,-0.03880,0.67981,0.00388,1,0.02474,-0.03626,0.67054,0.00370,1,0,0.00000,13
0.48700,0.44194,5689.61963,0.18799,13795,1,0.48011,0.47426,1,0.48400,0.40688,1,0.48205,0.44057,1,0.34933,0.68076,17.54775,1.09027,1,0.59714,0.67082,17.30319,1.09027,1,-0.03864,-0.03880,0.67981,0.00391,1,0.02474,-0.03626,0.67054,0.00363,1,0,0.00000,13
0.48684,0.44180,5689.61963,0.19434,13795,1,0.48011,0.47426,1,0.48438,0.40114,1,0.48224,0.43770,1,0.34930,0.68059,17.37088,1.09027,1,0.59714,0.67081,17.32412,1.09943,1,-0.03806,-0.03822,0.66973,0.00394,1,0.02582,-0.03793,0.70142,0.00363,1,0,0.00000,13
0.48669,0.44104,5689.61963,0.20068,13795,1,0.47520,0.45880,1,0.48935,0.37753,1,0.48228,0.41817,1,0.34935,0.68081,17.71283,1.09943,1,0.59717,0.67082,17.17319,1.10860,1,-0.03806,-0.03822,0.66973,0.00395,1,0.02582,-0.03793,0.70142,0.00366,1,0,0.00000,13
0.48679,0.43950,5689.61963,0.20801,13795,1,0.46942,0.43978,1,0.51050,0.34401,1,0.48996,0.39190,1,0.34930,0.68054,17.45849,1.10860,1,0.59704,0.67079,17.29386,1.11777,1,-0.03806,-0.03822,0.66973,0.00395,1,0.02582,-0.03793,0.70142,0.00358,1,0,0.00000,13
0.48687,0.43798,5689.61963,0.21436,13795,1,0.46774,0.43477,1,0.51050,0.34401,1,0.48912,0.38939,1,0.34928,0.68051,17.45694,1.11777,1,0.59710,0.67072,16.97514,1.11777,1,-0.03806,-0.03822,0.66973,0.00394,1,0.02474,-0.03626,0.67054,0.00361,1,0,0.00000,13
0.48689,0.43740,5689.61963,0.22119,13795,1,0.46119,0.46033,1,0.51423,0.37579,1,0.48771,0.41806,1,0.34926,0.68048,17.53845,1.11777,1,0.59713,0.67076,16.99464,1.10860,1,-0.03806,-0.03822,0.66973,0.00393,1,0.02474,-0.03626,0.67054,0.00363,1,0,0.00000,13
0.48748,0.43661,5689.61963,0.22754,13795,1,0.46355,0.44419,1,0.55122,0.37524,1,0.50739,0.40972,1,0.34930,0.68054,17.45849,1.10860,1,0.59705,0.67067,17.23119,1.09943,1,-0.03806,-0.03822,0.66973,0.00395,1,0.02474,-0.03626,0.67054,0.00361,1,0,0.00000,13
0.48803,0.43608,5689.61963,0.23438,13795,1,0.46529,0.44917,1,0.54951,0.38638,1,0.50740,0.41777,1,0.34919,0.68052,17.34775,1.09943,1,0.59704,0.67067,17.12164,1.08218,1,-0.03838,-0.03849,0.67535,0.00395,1,0.02417,-0.03554,0.65639,0.00362,1,0,0.00000,13
0.48799,0.43568,5689.61963,0.24219,13795,1,0.46203,0.47207,1,0.51144,0.37058,1,0.48674,0.42133,1,0.34920,0.68056,17.53147,1.08218,1,0.59708,0.67060,16.91465,1.07409,1,-0.03838,-0.03849,0.67535,0.00396,1,0.02417,-0.03554,0.65639,0.00364,1,0,0.00000,13
0.48802,0.43487,5689.61963,0.24805,13795,1,0.46278,0.44487,1,0.51550,0.36438,1,0.48914,0.40462,1,0.34918,0.68051,17.77494,1.07409,1,0.59708,0.67060,16.94939,1.06600,1,-0.03838,-0.03849,0.67535,0.00395,1,0.02417,-0.03554,0.65639,0.00363,1,0,0.00000,13
0.48807,0.43415,5689.61963,0.25439,13795,1,0.46436,0.44940,1,0.51550,0.36438,1,0.48993,0.40689,1,0.34921,0.68036,17.85474,1.06600,1,0.59701,0.67052,17.08675,1.06600,1,-0.03806,-0.03812,0.66973,0.00390,1,0.02508,-0.03686,0.68256,0.00362,1,0,0.00000,13
0.48814,0.43564,5689.61963,0.26221,13795,1,0.47253,0.49113,1,0.50870,0.49665,1,0.49061,0.49389,1,0.34919,0.68034,17.77448,1.06600,1,0.59700,0.67047,17.00130,1.07409,1,-0.03806,-0.03812,0.66973,0.00390,1,0.02508,-0.03686,0.68256,0.00361,1,0,0.00000,13
0.48801,0.43581,5689.61963,0.26807,13795,1,0.46362,0.49520,1,0.50218,0.38993,1,0.48290,0.44257,1,0.34916,0.68032,17.89943,1.07409,1,0.59695,0.66989,16.57740,1.08218,1,-0.03806,-0.03812,0.66973,0.00389,1,0.02508,-0.03686,0.68256,0.00350,1,0,0.00000,13
0.48787,0.43586,5689.61963,0.27490,13795,1,0.46204,0.49103,1,0.50265,0.38471,1,0.48234,0.43787,1,0.34917,0.68033,17.98497,1.08218,1,0.59707,0.67027,16.75615,1.09027,1,-0.03838,-0.03839,0.67535,0.00389,1,0.02508,-0.03676,0.68256,0.00360,1,0,0.00000,13
0.48768,0.43635,5689.61963,0.28125,13795,1,0.45781,0.45815,1,0.50086,0.45572,1,0.47933,0.45694,1,0.34916,0.68032,17.89943,1.09027,1,0.59707,0.67020,16.88721,1.09027,1,-0.03838,-0.03839,0.67535,0.00389,1,0.02508,-0.03676,0.68256,0.00360,1,0,0.00000,13
0.48805,0.43627,5689.61963,0.28809,13795,1,0.50008,0.46681,1,0.50821,0.39906,1,0.50414,0.43293,1,0.34920,0.68035,18.05076,1.09027,1,0.59704,0.67014,17.09432,1.09027,1,-0.03838,-0.03839,0.67535,0.00388,1,0.02508,-0.03676,0.68256,0.00359,1,0,0.00000,13
0.48841,0.43613,5689.61963,0.29443,13795,1,0.50008,0.46681,1,0.50878,0.39327,1,0.50443,0.43004,1,0.34916,0.68032,17.89943,1.09027,1,0.59688,0.66980,16.56488,1.09943,1,-0.03838,-0.03839,0.67535,0.00389,1,0.02582,-0.03777,0.70142,0.00350,1,0,0.00000,13
0.48873,0.43598,5689.61963,0.30127,13795,1,0.49257,0.46326,1,0.51352,0.39449,1,0.50305,0.42888,1,0.34915,0.68033,17.88317,1.09943,1,0.59700,0.67016,16.79169,1.10860,1,-0.03838,-0.03839,0.67535,0.00387,1,0.02582,-0.03777,0.70142,0.00366,1,0,0.00000,13
0.48896,0.43598,5689.61963,0.30859,13795,1,0.48646,0.46778,1,0.51201,0.40482,1,0.49923,0.43630,1,0.34915,0.68036,17.88253,1.10860,1,0.59687,0.66985,16.64696,1.11777,1,-0.03838,-0.03839,0.67535,0.00386,1,0.02582,-0.03777,0.70142,0.00349,1,0,0.00000,13
0.48914,0.43583,5689.61963,0.31445,13795,1,0.48339,0.45827,1,0.51258,0.39935,1,0.49798,0.42881,1,0.34916,0.68032,17.88201,1.12672,1,0.59686,0.66985,17.00425,1.12672,1,-0.04015,-0.04010,0.70544,0.00385,1,0.02461,-0.03622,0.66988,0.00348,1,0,0.00000,13
0.48901,0.43673,5689.61963,0.32178,13795,1,0.45430,0.46582,1,0.50755,0.47471,1,0.48093,0.47026,1,0.34916,0.68032,17.89943,1.13568,1,0.59698,0.66990,16.81820,1.12652,1,-0.04015,-0.04010,0.70544,0.00389,1,0.02461,-0.03622,0.66988,0.00346,1,0,0.00000,13
0.48937,0.43700,5689.61963,0.32910,13795,1,0.49113,0.41494,1,0.50259,0.47230,1,0.49686,0.44362,1,0.34916,0.68032,17.89943,1.13547,1,0.59687,0.66987,16.70026,1.12631,1,-0.04015,-0.04010,0.70544,0.00389,1,0.02461,-0.03622,0.66988,0.00350,1,0,0.00000,13
0.48975,0.43750,5689.61963,0.33594,13795,1,0.49117,0.41506,1,0.50258,0.47241,1,0.49688,0.44374,1,0.34919,0.68032,17.97996,1.13527,1,0.59701,0.67027,16.56167,1.12610,1,-0.04015,-0.04021,0.70544,0.00388,1,0.02508,-0.03696,0.68256,0.00361,1,0,0.00000,13
0.48993,0.43570,5689.61963,0.34424,13795,1,0.43601,0.41986,1,0.53578,0.34083,1,0.48590,0.38035,1,0.34901,0.68063,17.83641,1.12610,1,0.59683,0.67034,17.01604,1.12610,1,-0.04015,-0.04021,0.70544,0.00405,1,0.02508,-0.03696,0.68256,0.00348,1,0,0.00000,13
0.49044,0.43422,5689.61963,0.34961,13795,1,0.48028,0.36834,1,0.52791,0.35190,1,0.50410,0.36012,1,0.34899,0.68068,17.84893,1.12610,1,0.59699,0.67055,16.77448,1.12610,1,-0.04015,-0.04021,0.70544,0.00402,1,0.02508,-0.03696,0.68256,0.00361,1,0,0.00000,13
0.49095,0.43269,5689.61963,0.35645,13795,1,0.48028,0.36834,1,0.52791,0.35190,1,0.50410,0.36012,1,0.34911,0.68072,18.16381,1.12610,1,0.59625,0.67032,16.78324,1.12610,1,-0.03938,-0.03944,0.69009,0.00390,1,0.02508,-0.03696,0.68256,0.00343,1,0,0.00000,13
0.49111,0.43044,5689.61963,0.36279,13795,1,0.49594,0.39494,1,0.52236,0.32482,1,0.50915,0.35988,1,0.34908,0.68071,18.14420,1.12610,1,0.59621,0.67017,16.53615,1.12610,1,-0.03938,-0.03944,0.69009,0.00389,1,0.02508,-0.03696,0.68256,0.00345,1,0,0.00000,13
0.49112,0.42859,5689.61963,0.36865,13795,1,0.49839,0.39833,1,0.50658,0.37595,1,0.50248,0.38714,1,0.34904,0.68087,18.07250,1.12610,1,0.59647,0.67014,15.92181,1.12610,1,-0.03938,-0.03944,0.69009,0.00393,1,0.02508,-0.03696,0.68256,0.00356,1,0,0.00000,13
0.49111,0.42670,5689.61963,0.37549,13795,1,0.49978,0.40350,1,0.50605,0.38162,1,0.50292,0.39256,1,0.34879,0.68085,17.74808,1.11714,1,0.59635,0.67033,16.91431,1.11714,1,-0.03854,-0.03854,0.67445,0.00398,1,0.02508,-0.03696,0.68256,0.00350,1,0,0.00000,13
0.49122,0.42561,5689.61963,0.38232,13795,1,0.47344,0.42351,1,0.49034,0.35028,1,0.48189,0.38690,1,0.34862,0.68081,17.81986,1.10818,1,0.59630,0.67056,17.27974,1.10818,1,-0.03854,-0.03854,0.67445,0.00399,1,0.02508,-0.03696,0.68256,0.00352,1,0,0.00000,13
0.49117,0.42417,5689.61963,0.38867,13795,1,0.47771,0.40516,1,0.48596,0.35885,1,0.48183,0.38201,1,0.34860,0.68088,17.68246,1.09922,1,0.59623,0.67046,17.40270,1.09922,1,-0.03854,-0.03854,0.67445,0.00395,1,0.02508,-0.03696,0.68256,0.00349,1,0,0.00000,13
0.49416,0.39565,5689.61963,0.38867,13795,0,0.47930,0.41039,1,0.48642,0.35175,1,0.48286,0.38107,1,0.34857,0.68093,18.00507,1.09027,1,0.59622,0.67048,17.28848,1.10991,1,-0.03854,-0.03854,0.67445,0.00387,1,0.02671,-0.03952,0.72992,0.00356,1,0,0.00000,13
0.48205,0.38440,5689.61963,0.38867,13795,0,0.45888,0.40587,1,0.48100,0.34044,1,0.46994,0.37316,1,0.34857,0.68091,18.00584,1.10991,1,0.59620,0.67048,17.42534,1.12955,1,-0.03854,-0.03854,0.67445,0.00387,1,0.02671,-0.03952,0.72992,0.00355,1,0,0.00000,13
0.49033,0.37256,5689.61963,0.38867,13795,0,0.48773,0.37938,1,0.52605,0.31837,1,0.50689,0.34888,1,0.34866,0.68065,17.61337,1.12955,1,0.59639,0.67041,16.86260,1.14919,1,-0.03854,-0.03854,0.67445,0.00384,1,0.02671,-0.03952,0.72992,0.00353,1,0,0.00000,13
0.49385,0.36218,5690.01514,0.01953,13796,1,0.48136,0.35649,1,0.52746,0.30555,1,0.50441,0.33102,1,0.34930,0.68070,17.71089,1.16839,1,0.59698,0.67036,17.07395,1.16839,1,-0.04127,-0.04139,0.72418,0.00387,1,0.02461,-0.03622,0.66988,0.00351,1,0,0.00000,13
0.50968,0.35539,5690.01514,0.02637,13796,1,0.57399,0.36523,1,0.57205,0.29130,1,0.57302,0.32827,1,0.35010,0.68053,17.39683,1.18759,1,0.59788,0.67074,17.20916,1.16794,1,-0.04127,-0.04139,0.72418,0.00383,1,0.02461,-0.03622,0.66988,0.00365,1,0,0.00000,13
0.52268,0.35203,5690.01514,0.03320,13796,1,0.54912,0.35484,1,0.62625,0.31563,1,0.58768,0.33523,1,0.35056,0.68028,17.54878,1.18714,1,0.59825,0.67090,17.02438,1.16750,1,-0.04127,-0.04139,0.72418,0.00391,1,0.02461,-0.03622,0.66988,0.00373,1,0,0.00000,13
0.53188,0.35208,5690.01514,0.03955,13796,1,0.55206,0.37109,1,0.62201,0.33363,1,0.58703,0.35236,1,0.35087,0.68044,17.83666,1.15959,1,0.59875,0.67077,17.25360,1.13995,1,-0.03741,-0.03767,0.66087,0.00379,1,0.02467,-0.03606,0.66591,0.00372,1,0,0.00000,13
0.53987,0.35694,5690.01514,0.04688,13796,1,0.56357,0.42120,1,0.62809,0.36071,1,0.59583,0.39096,1,0.35122,0.68017,17.81751,1.11285,1,0.59865,0.67021,16.89756,1.11285,1,-0.03741,-0.03767,0.66087,0.00391,1,0.02467,-0.03606,0.66591,0.00363,1,0,0.00000,13
0.54521,0.36186,5690.01514,0.05518,13796,1,0.55566,0.43895,1,0.62012,0.36348,1,0.58789,0.40122,1,0.35108,0.68027,17.67182,1.08575,1,0.59849,0.67005,17.16528,1.08575,1,-0.03741,-0.03767,0.66087,0.00387,1,0.02467,-0.03606,0.66591,0.00353,1,0,0.00000,13
0.54939,0.36669,5690.01514,0.06152,13796,1,0.55681,0.44479,1,0.61717,0.37558,1,0.58699,0.41018,1,0.35098,0.68004,17.76539,1.07551,1,0.59868,0.67040,17.35466,1.06742,1,-0.04038,-0.04050,0.71141,0.00390,1,0.02452,-0.03582,0.66331,0.00365,1,0,0.00000,13
0.55389,0.37502,5690.01514,0.06641,13796,1,0.58443,0.49972,1,0.61339,0.41697,1,0.59891,0.45835,1,0.35098,0.68014,17.83070,1.08429,1,0.59864,0.67042,17.21882,1.07620,1,-0.04038,-0.04050,0.71141,0.00383,1,0.02452,-0.03582,0.66331,0.00367,1,0,0.00000,13
0.55818,0.38001,5690.01514,0.07324,13796,1,0.59540,0.46561,1,0.61529,0.40415,1,0.60535,0.43488,1,0.35099,0.68011,18.08218,1.09306,1,0.59871,0.67039,17.35319,1.08497,1,-0.04038,-0.04050,0.71141,0.00386,1,0.02452,-0.03582,0.66331,0.00368,1,0,0.00000,13
0.56194,0.38342,5690.01514,0.08105,13796,1,0.59474,0.46081,1,0.61937,0.38792,1,0.60706,0.42436,1,0.35095,0.68006,17.78103,1.10184,1,0.59859,0.67046,17.44840,1.11100,1,-0.04038,-0.04050,0.71141,0.00389,1,0.02596,-0.03776,0.69930,0.00365,1,0,0.00000,13
0.56665,0.38439,5690.01514,0.08643,13796,1,0.62526,0.44109,1,0.63065,0.35287,1,0.62795,0.39698,1,0.35093,0.67991,17.87402,1.11100,1,0.59873,0.67031,17.08311,1.12826,1,-0.04038,-0.04050,0.71141,0.00388,1,0.02596,-0.03776,0.69930,0.00369,1,0,0.00000,13
0.56952,0.38393,5690.01514,0.09375,13796,1,0.58387,0.41806,1,0.63565,0.33699,1,0.60976,0.37752,1,0.35094,0.67994,17.57058,1.12826,1,0.59870,0.67014,17.04972,1.14551,1,-0.04038,-0.04050,0.71141,0.00391,1,0.02596,-0.03776,0.69930,0.00369,1,0,0.00000,13
0.59810,0.39003,5690.01514,0.09375,13796,0,0.58244,0.40821,1,0.63698,0.33176,1,0.60971,0.36999,1,0.35093,0.67971,17.67313,1.14551,1,0.59862,0.67014,17.22217,1.15360,1,-0.04002,-0.04008,0.70502,0.00390,1,0.02467,-0.03591,0.66591,0.00369,1,0,0.00000,13
0.60598,0.38742,5690.01514,0.09375,13796,0,0.58921,0.39187,1,0.63851,0.37777,1,0.61386,0.38482,1,0.35092,0.67978,17.97510,1.15360,1,0.59872,0.66991,17.11075,1.14443,1,-0.04002,-0.04008,0.70502,0.00388,1,0.02467,-0.03591,0.66591,0.00375,1,0,0.00000,13
0.60793,0.38906,5690.01514,0.09375,13796,0,0.58955,0.38639,1,0.63409,0.39830,1,0.61182,0.39235,1,0.35105,0.67957,17.83987,1.14443,1,0.59870,0.67013,16.87701,1.13527,1,-0.04002,-0.04008,0.70502,0.00392,1,0.02467,-0.03591,0.66591,0.00375,1,0,0.00000,13
0.60880,0.39125,5690.11572,0.01953,13797,1,0.59026,0.39181,1,0.63258,0.40380,1,0.61142,0.39780,1,0.35110,0.67959,17.83439,1.13527,1,0.59869,0.67018,17.29156,1.12610,1,-0.04002,-0.04008,0.70502,0.00395,1,0.02467,-0.03591,0.66591,0.00368,1,0,0.00000,13
0.61130,0.38845,5690.11572,0.02637,13797,1,0.60188,0.38037,1,0.64072,0.37415,1,0.62130,0.37726,1,0.35112,0.67939,17.64727,1.12610,1,0.59874,0.67001,17.62700,1.12610,1,-0.04002,-0.04008,0.70502,0.00395,1,0.02467,-0.03591,0.66591,0.00365,1,0,0.00000,13
0.61344,0.38414,5690.11572,0.03271,13797,1,0.60127,0.38011,1,0.64703,0.34501,1,0.62415,0.36256,1,0.35115,0.67941,17.70276,1.12610,1,0.59874,0.67001,17.62700,1.12610,1,-0.04002,-0.04008,0.70502,0.00395,1,0.02467,-0.03591,0.66591,0.00365,1,0,0.00000,13
0.61509,0.38063,5690.11572,0.03955,13797,1,0.60127,0.38011,1,0.64865,0.33905,1,0.62496,0.35958,1,0.35116,0.67936,17.95876,1.12610,1,0.59874,0.66999,17.62589,1.13527,1,-0.04002,-0.04008,0.70502,0.00397,1,0.02596,-0.03766,0.69930,0.00366,1,0,0.00000,13
0.61430,0.37838,5690.11572,0.04688,13797,1,0.58771,0.35857,1,0.62981,0.36679,1,0.60876,0.36268,1,0.35111,0.67923,18.26159,1.13527,1,0.59878,0.66984,17.32490,1.14443,1,-0.04002,-0.04008,0.70502,0.00398,1,0.02596,-0.03766,0.69930,0.00369,1,0,0.00000,13
0.61412,0.37487,5690.11572,0.05273,13797,1,0.59234,0.35668,1,0.63309,0.33686,1,0.61271,0.34677,1,0.35110,0.67915,18.17703,1.14443,1,0.59872,0.66993,17.53527,1.15360,1,-0.04002,-0.04008,0.70502,0.00399,1,0.02596,-0.03766,0.69930,0.00370,1,0,0.00000,13
0.61395,0.37178,5690.11572,0.06104,13797,1,0.59166,0.35103,1,0.63309,0.33686,1,0.61237,0.34395,1,0.35106,0.67911,17.83767,1.15360,1,0.59868,0.66991,17.38857,1.15360,1,-0.04038,-0.04039,0.71141,0.00396,1,0.02467,-0.03586,0.66591,0.00368,1,0,0.00000,13
0.61516,0.36994,5690.11572,0.06689,13797,1,0.61089,0.38626,1,0.64374,0.31673,1,0.62731,0.35150,1,0.35117,0.67921,18.36896,1.15360,1,0.59846,0.66933,17.24314,1.14443,1,-0.04038,-0.04039,0.71141,0.00394,1,0.02467,-0.03586,0.66591,0.00353,1,0,0.00000,13
0.61539,0.36766,5690.11572,0.07275,13797,1,0.61371,0.34380,1,0.62200,0.34139,1,0.61786,0.34259,1,0.35102,0.67922,18.24228,1.14443,1,0.59861,0.66984,17.25814,1.13527,1,-0.04038,-0.04039,0.71141,0.00392,1,0.02467,-0.03586,0.66591,0.00371,1,0,0.00000,13
0.61549,0.36638,5690.11572,0.08008,13797,1,0.61423,0.34958,1,0.61933,0.35260,1,0.61678,0.35109,1,0.35090,0.67931,18.09324,1.13527,1,0.59863,0.66973,17.06863,1.11801,1,-0.04038,-0.04039,0.71141,0.00392,1,0.02421,-0.03522,0.65490,0.00373,1,0,0.00000,13
0.61548,0.36549,5690.11572,0.08691,13797,1,0.61269,0.35888,1,0.61787,0.34897,1,0.61528,0.35393,1,0.35096,0.67916,18.18038,1.11801,1,0.59848,0.66931,17.23095,1.10992,1,-0.04038,-0.04039,0.71141,0.00398,1,0.02421,-0.03522,0.65490,0.00349,1,0,0.00000,13
0.61484,0.36503,5690.11572,0.09473,13797,1,0.60793,0.36425,1,0.60393,0.35281,1,0.60593,0.35853,1,0.35083,0.67919,18.01376,1.10992,1,0.59848,0.66932,17.17603,1.10184,1,-0.04038,-0.04039,0.71141,0.00389,1,0.02421,-0.03522,0.65490,0.00349,1,0,0.00000,13
0.61424,0.36531,5690.11572,0.10010,13797,1,0.60901,0.37501,1,0.60148,0.36407,1,0.60524,0.36954,1,0.35075,0.67903,17.63150,1.09288,1,0.59851,0.66968,16.81650,1.08479,1,-0.03838,-0.03839,0.67535,0.00393,1,0.02421,-0.03522,0.65490,0.00372,1,0,0.00000,13
0.61355,0.36649,5690.11572,0.10889,13797,1,0.60430,0.40907,1,0.60059,0.36161,1,0.60245,0.38534,1,0.35069,0.67918,17.57128,1.07583,1,0.59847,0.66964,16.84088,1.07583,1,-0.03838,-0.03839,0.67535,0.00401,1,0.02421,-0.03522,0.65490,0.00375,1,0,0.00000,13
0.61294,0.36770,5690.11572,0.12158,13797,1,0.60492,0.41453,1,0.60047,0.36219,1,0.60269,0.38836,1,0.35072,0.67914,17.59780,1.06687,1,0.59835,0.66967,17.12405,1.07496,1,-0.03838,-0.03839,0.67535,0.00402,1,0.02474,-0.03606,0.67054,0.00369,1,0,0.00000,13
0.61144,0.36946,5690.11572,0.12939,13797,1,0.58006,0.41965,1,0.58861,0.38243,1,0.58434,0.40104,1,0.35063,0.67917,17.73687,1.06600,1,0.59793,0.66904,16.93862,1.07409,1,-0.03838,-0.03839,0.67535,0.00399,1,0.02474,-0.03606,0.67054,0.00351,1,0,0.00000,13
0.61011,0.36984,5690.11572,0.13379,13797,1,0.57944,0.38875,1,0.59041,0.36560,1,0.58493,0.37718,1,0.35061,0.67926,17.78977,1.07409,1,0.59793,0.66904,16.93862,1.08218,1,-0.03838,-0.03839,0.67535,0.00400,1,0.02474,-0.03606,0.67054,0.00351,1,0,0.00000,13
0.60892,0.36995,5690.11572,0.14111,13797,1,0.57871,0.38370,1,0.59151,0.36024,1,0.58511,0.37197,1,0.35063,0.67932,17.81036,1.08218,1,0.59793,0.66893,16.91790,1.09027,1,-0.03838,-0.03839,0.67535,0.00401,1,0.02508,-0.03676,0.68256,0.00349,1,0,0.00000,13
0.60800,0.36991,5690.11572,0.14697,13797,1,0.57133,0.39119,1,0.60579,0.34722,1,0.58856,0.36921,1,0.35057,0.67919,18.04544,1.09027,1,0.59817,0.66906,16.74431,1.09027,1,-0.03838,-0.03839,0.67535,0.00398,1,0.02508,-0.03676,0.68256,0.00353,1,0,0.00000,13
0.60775,0.36960,5690.11572,0.15381,13797,1,0.57961,0.39520,1,0.62505,0.33042,1,0.60233,0.36281,1,0.35060,0.67927,17.85340,1.09027,1,0.59812,0.66905,16.74572,1.09027,1,-0.03838,-0.03839,0.67535,0.00400,1,0.02508,-0.03676,0.68256,0.00351,1,0,0.00000,13
0.60752,0.36932,5690.11572,0.16016,13797,1,0.57961,0.39520,1,0.62505,0.33042,1,0.60233,0.36281,1,0.35054,0.67928,17.80962,1.09027,1,0.59792,0.66910,16.72367,1.09027,1,-0.03838,-0.03839,0.67535,0.00401,1,0.02508,-0.03676,0.68256,0.00357,1,0,0.00000,13
0.60685,0.36861,5690.11572,0.16699,13797,1,0.56628,0.36558,1,0.61528,0.33766,1,0.59078,0.35162,1,0.35056,0.67925,17.82878,1.09027,1,0.59794,0.66903,16.81647,1.09027,1,-0.03838,-0.03839,0.67535,0.00399,1,0.02508,-0.03676,0.68256,0.00355,1,0,0.00000,13
0.60649,0.36835,5690.11572,0.17432,13797,1,0.57123,0.38858,1,0.62371,0.33511,1,0.59747,0.36185,1,0.35054,0.67929,17.86172,1.09027,1,0.59790,0.66903,16.85089,1.09027,1,-0.03838,-0.03839,0.67535,0.00401,1,0.02508,-0.03676,0.68256,0.00360,1,0,0.00000,13
0.60616,0.36811,5690.11572,0.18018,13797,1,0.57123,0.38858,1,0.62371,0.33511,1,0.59747,0.36185,1,0.35054,0.67929,17.86172,1.09027,1,0.59792,0.66910,16.94173,1.09027,1,-0.03838,-0.03839,0.67535,0.00401,1,0.02508,-0.03676,0.68256,0.00360,1,0,0.00000,13
0.60561,0.36769,5690.11572,0.18701,13797,1,0.57105,0.36603,1,0.61071,0.34656,1,0.59088,0.35629,1,0.35051,0.67927,17.98344,1.09027,1,0.59791,0.66914,16.87486,1.09027,1,-0.03838,-0.03839,0.67535,0.00397,1,0.02508,-0.03676,0.68256,0.00355,1,0,0.00000,13
0.60514,0.36791,5690.11572,0.19385,13797,1,0.57397,0.39354,1,0.60971,0.35447,1,0.59184,0.37401,1,0.35054,0.67927,17.93477,1.09027,1,0.59799,0.66925,17.19512,1.09027,1,-0.03838,-0.03839,0.67535,0.00399,1,0.02508,-0.03676,0.68256,0.00350,1,0,0.00000,13
0.60472,0.36801,5690.11572,0.20068,13797,1,0.57397,0.39354,1,0.61109,0.34837,1,0.59253,0.37096,1,0.35051,0.67918,17.75128,1.09027,1,0.59806,0.66919,16.84527,1.09943,1,-0.03838,-0.03839,0.67535,0.00396,1,0.02582,-0.03777,0.70142,0.00352,1,0,0.00000,13
0.60450,0.36796,5690.11572,0.20752,13797,1,0.58801,0.39836,1,0.60814,0.33466,1,0.59807,0.36651,1,0.35055,0.67919,17.66294,1.09943,1,0.59802,0.66913,16.86267,1.10860,1,-0.03838,-0.03839,0.67535,0.00398,1,0.02582,-0.03777,0.70142,0.00351,1,0,0.00000,13
0.60468,0.36778,5690.11572,0.21387,13797,1,0.57802,0.39362,1,0.64231,0.33106,1,0.61017,0.36234,1,0.35059,0.67921,17.72615,1.10860,1,0.59806,0.66919,16.84527,1.11777,1,-0.03838,-0.03839,0.67535,0.00398,1,0.02582,-0.03777,0.70142,0.00352,1,0,0.00000,13
0.60483,0.36754,5690.11572,0.22070,13797,1,0.57720,0.38811,1,0.64231,0.33106,1,0.60976,0.35958,1,0.35053,0.67915,17.69161,1.11777,1,0.59804,0.66913,16.82109,1.11777,1,-0.03838,-0.03839,0.67535,0.00398,1,0.02503,-0.03653,0.67839,0.00352,1,0,0.00000,13
0.60415,0.36784,5690.11572,0.22705,13797,1,0.57917,0.39125,1,0.58408,0.36469,1,0.58162,0.37797,1,0.35068,0.67922,17.81097,1.11777,1,0.59802,0.66922,16.88117,1.10860,1,-0.03838,-0.03839,0.67535,0.00396,1,0.02503,-0.03653,0.67839,0.00353,1,0,0.00000,13
0.60365,0.36737,5690.11572,0.23389,13797,1,0.58402,0.36370,1,0.58881,0.33904,1,0.58642,0.35137,1,0.35062,0.67924,17.78403,1.10860,1,0.59801,0.66917,16.91453,1.09943,1,-0.03838,-0.03839,0.67535,0.00405,1,0.02503,-0.03653,0.67839,0.00351,1,0,0.00000,13
0.60316,0.36709,5690.11572,0.24072,13797,1,0.58480,0.36946,1,0.58761,0.34523,1,0.58620,0.35735,1,0.35061,0.67958,18.19858,1.09943,1,0.59806,0.66917,16.84649,1.09027,1,-0.03838,-0.03839,0.67535,0.00408,1,0.02495,-0.03647,0.67634,0.00352,1,0,0.00000,13
0.60300,0.36728,5690.11572,0.24756,13797,1,0.59556,0.38237,1,0.59917,0.36572,1,0.59736,0.37404,1,0.35066,0.67922,17.56849,1.09027,1,0.59808,0.66939,16.79620,1.09027,1,-0.03838,-0.03839,0.67535,0.00400,1,0.02495,-0.03647,0.67634,0.00350,1,0,0.00000,13
0.60286,0.36785,5690.11572,0.25391,13797,1,0.60398,0.39561,1,0.59106,0.38252,1,0.59752,0.38906,1,0.35068,0.67919,17.59532,1.09027,1,0.59798,0.66926,17.04379,1.09027,1,-0.03838,-0.03839,0.67535,0.00401,1,0.02495,-0.03647,0.67634,0.00356,1,0,0.00000,13
0.60272,0.36840,5690.11572,0.26221,13797,1,0.60398,0.39561,1,0.59106,0.38252,1,0.59752,0.38906,1,0.35072,0.67914,17.55764,1.09027,1,0.59819,0.66937,17.20630,1.09027,1,-0.03838,-0.03839,0.67535,0.00409,1,0.02467,-0.03591,0.66591,0.00346,1,0,0.00000,13
0.60298,0.36872,5690.11572,0.26904,13797,1,0.61270,0.38849,1,0.61324,0.37367,1,0.61297,0.38108,1,0.35070,0.67912,17.52200,1.09027,1,0.59817,0.66929,17.08501,1.09027,1,-0.03838,-0.03839,0.67535,0.00403,1,0.02467,-0.03591,0.66591,0.00349,1,0,0.00000,13
0.60311,0.36877,5690.11572,0.27393,13797,1,0.61272,0.37691,1,0.60407,0.36498,1,0.60839,0.37094,1,0.35079,0.67900,17.57557,1.09027,1,0.59839,0.66941,17.39474,1.09027,1,-0.03838,-0.03839,0.67535,0.00409,1,0.02467,-0.03591,0.66591,0.00353,1,0,0.00000,13
0.60324,0.36882,5690.11572,0.28271,13797,1,0.61272,0.37691,1,0.60407,0.36498,1,0.60839,0.37094,1,0.35088,0.67905,17.70906,1.09027,1,0.59843,0.66943,17.15275,1.09027,1,-0.03838,-0.03839,0.67535,0.00399,1,0.02467,-0.03591,0.66591,0.00356,1,0,0.00000,13
0.60343,0.36897,5690.11572,0.28760,13797,1,0.60914,0.37679,1,0.61414,0.37334,1,0.61164,0.37507,1,0.35099,0.67919,17.96526,1.09027,1,0.59846,0.66939,17.21341,1.09027,1,-0.03838,-0.03839,0.67535,0.00400,1,0.02467,-0.03591,0.66591,0.00357,1,0,0.00000,13
0.60377,0.36897,5690.11572,0.29736,13797,1,0.62042,0.37842,1,0.61569,0.35966,1,0.61806,0.36904,1,0.35093,0.67921,18.08056,1.09027,1,0.59843,0.66947,17.11176,1.09027,1,-0.03838,-0.03839,0.67535,0.00396,1,0.02467,-0.03591,0.66591,0.00357,1,0,0.00000,13
0.60409,0.36884,5690.11572,0.30078,13797,1,0.61994,0.37276,1,0.61709,0.35374,1,0.61852,0.36325,1,0.35109,0.67919,18.14851,1.09923,1,0.59845,0.66947,17.11560,1.09923,1,-0.04002,-0.04008,0.70502,0.00403,1,0.02467,-0.03591,0.66591,0.00358,1,0,0.00000,13
0.60455,0.36842,5690.11572,0.30957,13797,1,0.62026,0.36992,1,0.63032,0.32924,1,0.62529,0.34958,1,0.35109,0.67911,18.03349,1.10818,1,0.59853,0.66931,16.92538,1.10818,1,-0.04002,-0.04008,0.70502,0.00403,1,0.02467,-0.03591,0.66591,0.00359,1,0,0.00000,13
0.60471,0.36760,5690.11572,0.31592,13797,1,0.59939,0.32588,1,0.62478,0.33367,1,0.61209,0.32978,1,0.35109,0.67911,18.03349,1.11714,1,0.59855,0.66936,16.89007,1.11714,1,-0.04002,-0.04008,0.70502,0.00403,1,0.02467,-0.03591,0.66591,0.00358,1,0,0.00000,13
0.60489,0.36655,5690.11572,0.32178,13797,1,0.59804,0.31323,1,0.62785,0.32087,1,0.61295,0.31705,1,0.35110,0.67915,18.09846,1.13634,1,0.59853,0.66921,16.94156,1.13634,1,-0.04093,-0.04104,0.72197,0.00402,1,0.02467,-0.03586,0.66591,0.00358,1,0,0.00000,13
0.60538,0.36502,5690.11572,0.33008,13797,1,0.59477,0.35226,1,0.64856,0.28147,1,0.62167,0.31687,1,0.35107,0.67906,18.01392,1.14658,1,0.59861,0.66914,17.06604,1.14658,1,-0.04093,-0.04104,0.72197,0.00405,1,0.02467,-0.03586,0.66591,0.00365,1,0,0.00000,13
0.60546,0.36383,5690.11572,0.33496,13797,1,0.59298,0.35856,1,0.64305,0.29639,1,0.61801,0.32747,1,0.35113,0.67899,17.90369,1.15682,1,0.59862,0.66909,17.07376,1.15682,1,-0.04093,-0.04104,0.72197,0.00398,1,0.02467,-0.03586,0.66591,0.00365,1,0,0.00000,13
0.60560,0.36234,5690.11572,0.34180,13797,1,0.59223,0.35234,1,0.64477,0.28948,1,0.61850,0.32091,1,0.35115,0.67905,18.07288,1.16705,1,0.59864,0.66897,17.02974,1.16705,1,-0.04093,-0.04099,0.72197,0.00396,1,0.02467,-0.03586,0.66591,0.00360,1,0,0.00000,13
0.60537,0.36060,5690.11572,0.34814,13797,1,0.60149,0.34617,1,0.59916,0.28262,1,0.60033,0.31440,1,0.35116,0.67893,17.86461,1.16705,1,0.59858,0.66887,17.03296,1.16705,1,-0.04093,-0.04099,0.72197,0.00399,1,0.02467,-0.03586,0.66591,0.00356,1,0,0.00000,13
0.60476,0.35909,5690.11572,0.35498,13797,1,0.56173,0.33569,1,0.62207,0.27327,1,0.59190,0.30448,1,0.35125,0.67891,18.13760,1.16705,1,0.59857,0.66885,17.01887,1.16705,1,-0.04093,-0.04099,0.72197,0.00401,1,0.02467,-0.03586,0.66591,0.00355,1,0,0.00000,13
0.61170,0.33374,5690.11572,0.35498,13797,0,0.56361,0.34754,1,0.61919,0.28651,1,0.59140,0.31703,1,0.35139,0.67876,18.16617,1.14786,1,0.59898,0.66880,17.01855,1.14786,1,-0.03861,-0.03862,0.68286,0.00394,1,0.02537,-0.03659,0.67943,0.00347,1,0,0.00000,13
0.63532,0.33061,5690.11572,0.35498,13797,0,0.63218,0.37464,1,0.68572,0.28031,1,0.65895,0.32747,1,0.35254,0.67865,18.20774,1.12866,1,0.59995,0.66908,17.35470,1.12866,1,-0.03861,-0.03862,0.68286,0.00388,1,0.02537,-0.03659,0.67943,0.00367,1,0,0.00000,13
0.65881,0.33354,5690.11572,0.35498,13797,0,0.66489,0.36575,1,0.74664,0.31303,1,0.70577,0.33939,1,0.35341,0.67845,18.16751,1.10946,1,0.60050,0.66974,17.49487,1.10946,1,-0.03861,-0.03862,0.68286,0.00385,1,0.02537,-0.03659,0.67943,0.00378,1,0,0.00000,13
0.67023,0.33669,5690.47705,0.02002,13798,1,0.66504,0.37229,1,0.74393,0.32001,1,0.70449,0.34615,1,0.35455,0.67837,18.15689,1.09923,1,0.60153,0.66911,17.59357,1.09923,1,-0.03906,-0.03954,0.69913,0.00394,1,0.02608,-0.03701,0.68736,0.00376,1,0,0.00000,13
0.68570,0.33802,5690.47705,0.02637,13798,1,0.71878,0.39407,1,0.77646,0.29261,1,0.74762,0.34334,1,0.35585,0.67805,17.24279,1.10818,1,0.60228,0.66919,17.39880,1.10818,1,-0.03906,-0.03954,0.69913,0.00404,1,0.02608,-0.03701,0.68736,0.00361,1,0,0.00000,13
0.69868,0.33517,5690.47705,0.03271,13798,1,0.74251,0.36716,1,0.78462,0.27465,1,0.76356,0.32091,1,0.35572,0.67765,17.26369,1.11714,1,0.60222,0.66920,17.29769,1.11714,1,-0.03906,-0.03954,0.69913,0.00396,1,0.02608,-0.03701,0.68736,0.00360,1,0,0.00000,13
0.70814,0.33267,5690.47705,0.03955,13798,1,0.74251,0.36716,1,0.78731,0.26817,1,0.76491,0.31767,1,0.35585,0.67806,18.11093,1.11714,1,0.60240,0.66910,17.66914,1.12631,1,-0.03708,-0.03764,0.66641,0.00396,1,0.02698,-0.03816,0.70964,0.00364,1,0,0.00000,13
0.71484,0.32942,5690.47705,0.04883,13798,1,0.73345,0.37330,1,0.79007,0.24012,1,0.76176,0.30671,1,0.35577,0.67774,17.63000,1.11735,1,0.60254,0.66878,17.35025,1.12652,1,-0.03708,-0.03764,0.66641,0.00392,1,0.02698,-0.03816,0.70964,0.00366,1,0,0.00000,13
0.71917,0.32954,5690.47705,0.05322,13798,1,0.72516,0.35294,1,0.78240,0.30793,1,0.75378,0.33044,1,0.35583,0.67779,17.72658,1.11756,1,0.60252,0.66874,17.18426,1.12673,1,-0.03708,-0.03764,0.66641,0.00391,1,0.02698,-0.03816,0.70964,0.00367,1,0,0.00000,13
0.72263,0.32961,5690.47705,0.06104,13798,1,0.72517,0.35281,1,0.78246,0.30779,1,0.75381,0.33030,1,0.35590,0.67798,18.33963,1.11777,1,0.60261,0.66877,17.11320,1.12693,1,-0.03708,-0.03764,0.66641,0.00390,1,0.02698,-0.03816,0.70964,0.00368,1,0,0.00000,13
0.72481,0.32826,5690.47705,0.06934,13798,1,0.73439,0.34780,1,0.75872,0.28177,1,0.74655,0.31478,1,0.35581,0.67755,17.91582,1.12693,1,0.60262,0.66860,17.40695,1.12693,1,-0.03708,-0.03764,0.66641,0.00388,1,0.02698,-0.03816,0.70964,0.00360,1,0,0.00000,13
0.72655,0.32933,5690.47705,0.07373,13798,1,0.72503,0.39241,1,0.76628,0.28964,1,0.74565,0.34102,1,0.35587,0.67751,17.70946,1.12693,1,0.60277,0.66870,17.35048,1.12693,1,-0.03708,-0.03764,0.66641,0.00389,1,0.02698,-0.03816,0.70964,0.00366,1,0,0.00000,13
0.72802,0.33023,5690.47705,0.08008,13798,1,0.72503,0.39241,1,0.76628,0.28964,1,0.74565,0.34102,1,0.35588,0.67772,18.37500,1.12693,1,0.60260,0.66860,17.61041,1.12693,1,-0.03708,-0.03754,0.66641,0.00397,1,0.02722,-0.03840,0.71612,0.00363,1,0,0.00000,13
0.72977,0.33105,5690.47705,0.08691,13798,1,0.73384,0.40035,1,0.77117,0.28322,1,0.75251,0.34179,1,0.35575,0.67733,18.10983,1.12693,1,0.60267,0.66822,17.34386,1.12693,1,-0.03708,-0.03754,0.66641,0.00388,1,0.02722,-0.03840,0.71612,0.00361,1,0,0.00000,13
0.73034,0.33101,5690.47705,0.09375,13798,1,0.72645,0.39372,1,0.75023,0.26726,1,0.73834,0.33049,1,0.35590,0.67680,16.94782,1.12693,1,0.60270,0.66821,17.41074,1.12693,1,-0.03708,-0.03754,0.66641,0.00402,1,0.02722,-0.03840,0.71612,0.00368,1,0,0.00000,13
0.73076,0.33119,5690.47705,0.10156,13798,1,0.72645,0.39372,1,0.74782,0.27377,1,0.73713,0.33374,1,0.35579,0.67684,17.72059,1.12693,1,0.60274,0.66820,17.42394,1.11777,1,-0.03819,-0.03861,0.68633,0.00395,1,0.02564,-0.03599,0.67309,0.00359,1,0,0.00000,13
0.73113,0.32959,5690.47705,0.10742,13798,1,0.73385,0.36706,1,0.74033,0.24122,1,0.73709,0.30414,1,0.35584,0.67673,17.77563,1.11777,1,0.60284,0.66816,17.37431,1.10860,1,-0.03819,-0.03861,0.68633,0.00395,1,0.02564,-0.03599,0.67309,0.00367,1,0,0.00000,13
0.73145,0.33014,5690.47705,0.11426,13798,1,0.73066,0.35713,1,0.74305,0.32175,1,0.73685,0.33944,1,0.35564,0.67654,17.63917,1.10860,1,0.60288,0.66808,17.39194,1.09943,1,-0.03819,-0.03861,0.68633,0.00387,1,0.02564,-0.03599,0.67309,0.00362,1,0,0.00000,13
0.73161,0.33110,5690.47705,0.12109,13798,1,0.73027,0.36315,1,0.73849,0.33349,1,0.73438,0.34832,1,0.35577,0.67654,18.03987,1.09943,1,0.60278,0.66792,17.32753,1.08218,1,-0.03708,-0.03744,0.66641,0.00391,1,0.02530,-0.03546,0.66302,0.00369,1,0,0.00000,13
0.73211,0.33142,5690.47705,0.12744,13798,1,0.73764,0.34939,1,0.74589,0.32582,1,0.74177,0.33761,1,0.35594,0.67652,18.01230,1.08218,1,0.60295,0.66774,17.09900,1.07409,1,-0.03708,-0.03744,0.66641,0.00385,1,0.02530,-0.03546,0.66302,0.00364,1,0,0.00000,13
0.73207,0.33309,5690.47705,0.13574,13798,1,0.72772,0.40428,1,0.73456,0.32867,1,0.73114,0.36647,1,0.35563,0.67635,17.84739,1.07409,1,0.60300,0.66765,17.45669,1.06600,1,-0.03708,-0.03744,0.66641,0.00388,1,0.02530,-0.03546,0.66302,0.00364,1,0,0.00000,13
0.73197,0.33485,5690.47705,0.14111,13798,1,0.72739,0.40940,1,0.73241,0.33430,1,0.72990,0.37185,1,0.35580,0.67643,18.48199,1.06600,1,0.60315,0.66766,17.48207,1.05792,1,-0.03708,-0.03734,0.66641,0.00389,1,0.02488,-0.03477,0.65195,0.00358,1,0,0.00000,13
0.73228,0.33690,5690.47705,0.14746,13798,1,0.73888,0.39233,1,0.73930,0.37152,1,0.73909,0.38193,1,0.35586,0.67642,18.61765,1.05792,1,0.60305,0.66729,17.33663,1.05792,1,-0.03708,-0.03734,0.66641,0.00383,1,0.02488,-0.03477,0.65195,0.00362,1,0,0.00000,13
0.73256,0.33833,5690.47705,0.15430,13798,1,0.73623,0.38924,1,0.74169,0.35297,1,0.73896,0.37110,1,0.35582,0.67635,18.36064,1.05792,1,0.60306,0.66743,17.33582,1.05792,1,-0.03708,-0.03734,0.66641,0.00389,1,0.02488,-0.03477,0.65195,0.00360,1,0,0.00000,13
0.73286,0.33953,5690.47705,0.16113,13798,1,0.73623,0.38924,1,0.74391,0.34748,1,0.74007,0.36836,1,0.35584,0.67593,17.19709,1.05792,1,0.60302,0.66737,17.50682,1.06600,1,-0.03819,-0.03840,0.68633,0.00400,1,0.02620,-0.03649,0.68525,0.00364,1,0,0.00000,13
0.73301,0.34079,5690.47705,0.16748,13798,1,0.73545,0.40116,1,0.73812,0.34368,1,0.73679,0.37242,1,0.35610,0.67567,17.32962,1.06600,1,0.60307,0.66733,17.45798,1.07409,1,-0.03819,-0.03840,0.68633,0.00389,1,0.02620,-0.03649,0.68525,0.00368,1,0,0.00000,13
0.73353,0.34176,5690.47705,0.17432,13798,1,0.74341,0.41374,1,0.75061,0.31996,1,0.74701,0.36685,1,0.35614,0.67564,17.43431,1.07409,1,0.60307,0.66724,17.76832,1.08218,1,-0.03819,-0.03840,0.68633,0.00389,1,0.02620,-0.03649,0.68525,0.00365,1,0,0.00000,13
0.73406,0.34246,5690.47705,0.18164,13798,1,0.74386,0.40867,1,0.75283,0.31436,1,0.74834,0.36152,1,0.35608,0.67558,17.44645,1.08218,1,0.60307,0.66728,17.71356,1.09027,1,-0.03819,-0.03840,0.68633,0.00390,1,0.02591,-0.03603,0.67756,0.00370,1,0,0.00000,13
0.73476,0.34193,5690.47705,0.18750,13798,1,0.74287,0.39405,1,0.76601,0.26011,1,0.75444,0.32708,1,0.35610,0.67562,17.43967,1.09027,1,0.60311,0.66730,17.76434,1.09027,1,-0.03819,-0.03840,0.68633,0.00390,1,0.02591,-0.03603,0.67756,0.00367,1,0,0.00000,13
0.73550,0.34210,5690.47705,0.19434,13798,1,0.74546,0.39246,1,0.76874,0.30130,1,0.75710,0.34688,1,0.35585,0.67574,17.61894,1.09027,1,0.60299,0.66707,17.50265,1.09027,1,-0.03819,-0.03840,0.68633,0.00396,1,0.02591,-0.03603,0.67756,0.00366,1,0,0.00000,13
0.73624,0.34215,5690.47705,0.20215,13798,1,0.74546,0.39246,1,0.77138,0.29486,1,0.75842,0.34366,1,0.35580,0.67571,17.63229,1.09027,1,0.60297,0.66712,17.59631,1.09944,1,-0.03819,-0.03840,0.68633,0.00395,1,0.02725,-0.03787,0.71120,0.00367,1,0,0.00000,13
0.73676,0.34170,5690.47705,0.20752,13798,1,0.73484,0.38771,1,0.77065,0.26806,1,0.75275,0.32788,1,0.35586,0.67564,17.46790,1.09944,1,0.60312,0.66731,17.89810,1.10860,1,-0.03819,-0.03840,0.68633,0.00395,1,0.02725,-0.03787,0.71120,0.00367,1,0,0.00000,13
0.73725,0.34062,5690.47705,0.21631,13798,1,0.73767,0.31891,1,0.76854,0.29322,1,0.75310,0.30606,1,0.35586,0.67576,17.69707,1.10860,1,0.60313,0.66720,17.92027,1.11777,1,-0.03819,-0.03840,0.68633,0.00394,1,0.02725,-0.03787,0.71120,0.00359,1,0,0.00000,13
0.73776,0.33942,5690.47705,0.22119,13798,1,0.73811,0.31256,1,0.77111,0.28688,1,0.75461,0.29972,1,0.35582,0.67572,17.45328,1.11777,1,0.60306,0.66722,17.78332,1.12694,1,-0.03819,-0.03840,0.68633,0.00393,1,0.02725,-0.03787,0.71120,0.00371,1,0,0.00000,13
0.73817,0.33877,5690.47705,0.22803,13798,1,0.73395,0.32915,1,0.76986,0.30409,1,0.75191,0.31662,1,0.35588,0.67576,17.40373,1.12694,1,0.60302,0.66721,17.71472,1.12694,1,-0.03819,-0.03840,0.68633,0.00396,1,0.02725,-0.03787,0.71120,0.00373,1,0,0.00000,13
0.73873,0.33816,5690.47705,0.23438,13798,1,0.73742,0.31880,1,0.77902,0.31472,1,0.75822,0.31676,1,0.35586,0.67583,17.55844,1.12694,1,0.60308,0.66749,17.94814,1.12694,1,-0.03819,-0.03840,0.68633,0.00394,1,0.02725,-0.03787,0.71120,0.00364,1,0,0.00000,13
0.73922,0.33766,5690.47705,0.24121,13798,1,0.73742,0.31880,1,0.77638,0.32083,1,0.75690,0.31982,1,0.35588,0.67571,17.08457,1.12694,1,0.60307,0.66743,17.53373,1.11777,1,-0.03708,-0.03744,0.66641,0.00399,1,0.02570,-0.03584,0.67215,0.00361,1,0,0.00000,13
0.73941,0.33744,5690.47705,0.24805,13798,1,0.72764,0.38355,1,0.76536,0.27478,1,0.74650,0.32917,1,0.35582,0.67632,18.06064,1.11777,1,0.60316,0.66753,17.63531,1.10860,1,-0.03708,-0.03744,0.66641,0.00387,1,0.02570,-0.03584,0.67215,0.00365,1,0,0.00000,13
0.73932,0.33658,5690.47705,0.25391,13798,1,0.71175,0.31045,1,0.75982,0.29722,1,0.73579,0.30384,1,0.35585,0.67628,17.85502,1.10860,1,0.60315,0.66753,17.53455,1.09944,1,-0.03708,-0.03744,0.66641,0.00388,1,0.02570,-0.03584,0.67215,0.00365,1,0,0.00000,13
0.73924,0.33565,5690.47705,0.26123,13798,1,0.71201,0.30347,1,0.76036,0.29586,1,0.73618,0.29966,1,0.35548,0.67637,18.02816,1.11863,1,0.60303,0.66768,17.40625,1.10138,1,-0.04065,-0.04098,0.72857,0.00384,1,0.02530,-0.03546,0.66302,0.00366,1,0,0.00000,13
0.73883,0.33521,5690.47705,0.26758,13798,1,0.72011,0.32902,1,0.72460,0.30620,1,0.72235,0.31761,1,0.35491,0.67647,18.19345,1.12057,1,0.60264,0.66751,16.75618,1.11249,1,-0.04065,-0.04098,0.72857,0.00388,1,0.02530,-0.03546,0.66302,0.00371,1,0,0.00000,13
0.73807,0.33462,5690.47705,0.27490,13798,1,0.70775,0.31342,1,0.70657,0.30762,1,0.70716,0.31052,1,0.35483,0.67647,17.96268,1.13168,1,0.60239,0.66757,17.22979,1.12359,1,-0.04065,-0.04098,0.72857,0.00391,1,0.02530,-0.03546,0.66302,0.00369,1,0,0.00000,13
0.73738,0.33399,5690.47705,0.28076,13798,1,0.70777,0.31283,1,0.70860,0.30153,1,0.70819,0.30718,1,0.35476,0.67657,17.53483,1.13255,1,0.60215,0.66770,17.66474,1.13255,1,-0.03915,-0.03937,0.69889,0.00395,1,0.02608,-0.03676,0.68736,0.00363,1,0,0.00000,13
0.73656,0.33358,5690.47705,0.28857,13798,1,0.69813,0.38011,1,0.70453,0.25239,1,0.70133,0.31625,1,0.35473,0.67670,17.69312,1.12231,1,0.60212,0.66770,17.63296,1.13040,1,-0.03915,-0.03937,0.69889,0.00389,1,0.02608,-0.03676,0.68736,0.00371,1,0,0.00000,13
0.73564,0.33275,5690.47705,0.29492,13798,1,0.69537,0.32559,1,0.69553,0.26627,1,0.69545,0.29593,1,0.35492,0.67700,17.84451,1.12016,1,0.60185,0.66793,17.79196,1.12825,1,-0.03915,-0.03937,0.69889,0.00396,1,0.02608,-0.03676,0.68736,0.00363,1,0,0.00000,13
0.73476,0.33198,5690.47705,0.30371,13798,1,0.69535,0.32704,1,0.69506,0.26781,1,0.69521,0.29742,1,0.35472,0.67685,17.37524,1.11801,1,0.60196,0.66772,17.17939,1.12610,1,-0.03915,-0.03937,0.69889,0.00390,1,0.02608,-0.03681,0.68736,0.00371,1,0,0.00000,13
0.72078,0.30661,5690.47705,0.30371,13798,0,0.67821,0.32385,1,0.69390,0.20650,1,0.68606,0.26517,1,0.35469,0.67740,19.05725,1.12610,1,0.60180,0.66792,18.03506,1.12610,1,-0.03915,-0.03937,0.69889,0.00391,1,0.02608,-0.03681,0.68736,0.00366,1,0,0.00000,13
0.69969,0.29348,5690.47705,0.30371,13798,0,0.67103,0.33183,1,0.68617,0.22886,1,0.67860,0.28035,1,0.35432,0.67734,18.67505,1.12610,1,0.60185,0.66791,17.96207,1.12610,1,-0.03915,-0.03937,0.69889,0.00377,1,0.02608,-0.03681,0.68736,0.00365,1,0,0.00000,13
0.69238,0.29011,5690.47705,0.30371,13798,0,0.67103,0.33183,1,0.68448,0.23491,1,0.67776,0.28337,1,0.35423,0.67726,18.39464,1.12610,1,0.60173,0.66806,17.52771,1.11801,1,-0.03958,-0.03991,0.70662,0.00379,1,0.02463,-0.03484,0.65056,0.00373,1,0,0.00000,13
0.69739,0.28713,5690.78564,0.01953,13799,1,0.70682,0.32150,1,0.71803,0.23485,1,0.71243,0.27818,1,0.35425,0.67739,18.51372,1.11801,1,0.60167,0.66814,17.21973,1.10993,1,-0.03958,-0.03991,0.70662,0.00379,1,0.02463,-0.03484,0.65056,0.00369,1,0,0.00000,13
0.69897,0.28932,5690.78564,0.02637,13799,1,0.70275,0.34309,1,0.70785,0.25310,1,0.70530,0.29809,1,0.35425,0.67744,18.36977,1.10993,1,0.60157,0.66800,17.38003,1.10184,1,-0.03958,-0.03991,0.70662,0.00378,1,0.02463,-0.03484,0.65056,0.00368,1,0,0.00000,13
0.70001,0.29123,5690.78564,0.03369,13799,1,0.70260,0.34847,1,0.70785,0.25310,1,0.70523,0.30078,1,0.35420,0.67742,18.24411,1.10184,1,0.60172,0.66814,17.46786,1.10184,1,-0.03977,-0.04004,0.70811,0.00373,1,0.02545,-0.03611,0.67332,0.00369,1,0,0.00000,13
0.70463,0.29076,5690.78564,0.04004,13799,1,0.72585,0.32884,1,0.73876,0.24709,1,0.73230,0.28797,1,0.35398,0.67752,18.07750,1.10184,1,0.60172,0.66814,17.44712,1.10993,1,-0.03977,-0.04004,0.70811,0.00381,1,0.02545,-0.03611,0.67332,0.00365,1,0,0.00000,13
0.70721,0.29458,5690.78564,0.04639,13799,1,0.72329,0.35877,1,0.72723,0.28380,1,0.72526,0.32128,1,0.35400,0.67756,17.91058,1.10993,1,0.60175,0.66815,17.11166,1.11801,1,-0.03977,-0.04004,0.70811,0.00384,1,0.02545,-0.03611,0.67332,0.00366,1,0,0.00000,13
0.70932,0.29725,5690.78564,0.05371,13799,1,0.72325,0.35934,1,0.72926,0.27797,1,0.72626,0.31865,1,0.35406,0.67775,17.90643,1.10906,1,0.60153,0.66848,17.36483,1.12631,1,-0.03837,-0.03859,0.68233,0.00388,1,0.02635,-0.03757,0.69863,0.00372,1,0,0.00000,13
0.71077,0.29665,5690.78564,0.06006,13799,1,0.71088,0.31054,1,0.73666,0.27181,1,0.72377,0.29118,1,0.35398,0.67758,17.29954,1.11735,1,0.60152,0.66851,17.35038,1.12652,1,-0.03837,-0.03859,0.68233,0.00398,1,0.02635,-0.03757,0.69863,0.00375,1,0,0.00000,13
0.71056,0.29644,5690.78564,0.06689,13799,1,0.70009,0.30800,1,0.71683,0.28076,1,0.70846,0.29438,1,0.35394,0.67759,17.32154,1.11756,1,0.60152,0.66838,17.22660,1.12673,1,-0.03837,-0.03859,0.68233,0.00396,1,0.02635,-0.03757,0.69863,0.00376,1,0,0.00000,13
0.71029,0.29652,5690.78564,0.07324,13799,1,0.70009,0.30786,1,0.71472,0.28704,1,0.70741,0.29745,1,0.35398,0.67756,17.17253,1.11777,1,0.60140,0.66854,17.47695,1.11777,1,-0.03837,-0.03859,0.68233,0.00392,1,0.02564,-0.03663,0.68112,0.00373,1,0,0.00000,13
0.70984,0.29783,5690.78564,0.07959,13799,1,0.69806,0.32000,1,0.71060,0.30691,1,0.70433,0.31346,1,0.35398,0.67756,17.16122,1.11777,1,0.60127,0.66867,17.96204,1.10860,1,-0.03837,-0.03859,0.68233,0.00392,1,0.02564,-0.03663,0.68112,0.00372,1,0,0.00000,13
0.70793,0.29682,5690.78564,0.08691,13799,1,0.67866,0.30721,1,0.68762,0.26021,1,0.68314,0.28371,1,0.35399,0.67763,17.35940,1.10860,1,0.60128,0.66866,17.71351,1.09944,1,-0.03837,-0.03859,0.68233,0.00391,1,0.02564,-0.03663,0.68112,0.00371,1,0,0.00000,13
0.70621,0.29638,5690.78564,0.09277,13799,1,0.67869,0.31357,1,0.68564,0.26698,1,0.68217,0.29027,1,0.35350,0.67778,17.25605,1.09944,1,0.60126,0.66853,17.33478,1.09027,1,-0.03837,-0.03859,0.68233,0.00382,1,0.02564,-0.03668,0.68112,0.00374,1,0,0.00000,13
0.70459,0.29686,5690.78564,0.09961,13799,1,0.66837,0.34979,1,0.69221,0.25839,1,0.68029,0.30409,1,0.35347,0.67785,17.69898,1.09027,1,0.60113,0.66871,17.92114,1.09027,1,-0.03837,-0.03859,0.68233,0.00375,1,0.02564,-0.03668,0.68112,0.00374,1,0,0.00000,13
0.70443,0.29657,5690.78564,0.10693,13799,1,0.69967,0.33304,1,0.70408,0.25067,1,0.70187,0.29186,1,0.35346,0.67802,17.68130,1.09027,1,0.60113,0.66875,17.86429,1.09027,1,-0.03837,-0.03859,0.68233,0.00385,1,0.02564,-0.03668,0.68112,0.00377,1,0,0.00000,13
0.70430,0.29612,5690.78564,0.11328,13799,1,0.69981,0.32690,1,0.70428,0.25002,1,0.70204,0.28846,1,0.35344,0.67798,18.03327,1.09923,1,0.60100,0.66870,18.00505,1.09114,1,-0.03940,-0.03946,0.69783,0.00398,1,0.02457,-0.03517,0.65408,0.00378,1,0,0.00000,13
0.70468,0.29556,5690.78564,0.12012,13799,1,0.72501,0.33938,1,0.69794,0.23158,1,0.71147,0.28548,1,0.35337,0.67785,17.94732,1.10010,1,0.60116,0.66852,17.48294,1.09201,1,-0.03940,-0.03946,0.69783,0.00392,1,0.02457,-0.03517,0.65408,0.00382,1,0,0.00000,13
0.70500,0.29618,5690.78564,0.12695,13799,1,0.71853,0.32950,1,0.70369,0.28647,1,0.71111,0.30799,1,0.35309,0.67774,17.72712,1.10097,1,0.60106,0.66845,17.53612,1.09288,1,-0.03940,-0.03946,0.69783,0.00385,1,0.02457,-0.03517,0.65408,0.00377,1,0,0.00000,13
0.70533,0.29672,5690.78564,0.13330,13799,1,0.71827,0.33504,1,0.70580,0.27989,1,0.71204,0.30747,1,0.35322,0.67760,17.38087,1.09288,1,0.60077,0.66842,17.73303,1.10205,1,-0.03797,-0.03803,0.67165,0.00392,1,0.02652,-0.03812,0.70883,0.00378,1,0,0.00000,13
0.70573,0.29683,5690.78564,0.14209,13799,1,0.70266,0.34246,1,0.72566,0.25581,1,0.71416,0.29914,1,0.35328,0.67759,17.15926,1.09309,1,0.60079,0.66824,17.67651,1.11034,1,-0.03797,-0.03803,0.67165,0.00391,1,0.02652,-0.03812,0.70883,0.00379,1,0,0.00000,13
0.70545,0.29630,5690.78564,0.14795,13799,1,0.69243,0.32297,1,0.70601,0.24644,1,0.69922,0.28471,1,0.35315,0.67753,17.16604,1.10138,1,0.60079,0.66824,17.67651,1.11864,1,-0.03797,-0.03803,0.67165,0.00396,1,0.02652,-0.03812,0.70883,0.00379,1,0,0.00000,13
0.70519,0.29571,5690.78564,0.15527,13799,1,0.69251,0.31728,1,0.70581,0.24708,1,0.69916,0.28218,1,0.35304,0.67763,17.51922,1.10968,1,0.60055,0.66809,17.67223,1.11777,1,-0.03861,-0.03862,0.68286,0.00393,1,0.02515,-0.03612,0.67363,0.00380,1,0,0.00000,13
0.70603,0.29493,5690.78564,0.16211,13799,1,0.71202,0.31223,1,0.74039,0.24029,1,0.72620,0.27626,1,0.35297,0.67781,17.84596,1.11777,1,0.60047,0.66807,17.77308,1.10860,1,-0.03861,-0.03862,0.68286,0.00390,1,0.02515,-0.03612,0.67363,0.00381,1,0,0.00000,13
0.70659,0.29373,5690.78564,0.16699,13799,1,0.70753,0.29759,1,0.73363,0.22955,1,0.72058,0.26357,1,0.35280,0.67780,17.88154,1.10860,1,0.60042,0.66811,17.68736,1.09944,1,-0.03861,-0.03862,0.68286,0.00385,1,0.02515,-0.03612,0.67363,0.00383,1,0,0.00000,13
0.70707,0.29273,5690.78564,0.17383,13799,1,0.70752,0.29774,1,0.73152,0.23587,1,0.71952,0.26681,1,0.35281,0.67780,17.80064,1.10839,1,0.60041,0.66803,17.69077,1.09114,1,-0.04002,-0.03987,0.70502,0.00381,1,0.02489,-0.03582,0.66800,0.00379,1,0,0.00000,13
0.70722,0.29474,5690.78564,0.18066,13799,1,0.71618,0.38943,1,0.70637,0.30878,1,0.71127,0.34911,1,0.35234,0.67760,17.51953,1.10010,1,0.60008,0.66798,17.98083,1.09201,1,-0.04002,-0.03987,0.70502,0.00385,1,0.02489,-0.03582,0.66800,0.00372,1,0,0.00000,13
0.70700,0.29495,5690.78564,0.18799,13799,1,0.70930,0.31833,1,0.69238,0.28282,1,0.70084,0.30058,1,0.35233,0.67759,17.44580,1.10097,1,0.60018,0.66788,17.71427,1.09288,1,-0.04002,-0.03987,0.70502,0.00391,1,0.02489,-0.03582,0.66800,0.00376,1,0,0.00000,13
0.70682,0.29512,5690.78564,0.19385,13799,1,0.70910,0.32394,1,0.69440,0.27620,1,0.70175,0.30007,1,0.35243,0.67767,17.42462,1.09288,1,0.60011,0.66796,17.77721,1.10205,1,-0.03864,-0.03849,0.67981,0.00389,1,0.02632,-0.03802,0.70908,0.00378,1,0,0.00000,13
0.70776,0.29635,5690.78564,0.20068,13799,1,0.73516,0.38649,1,0.73630,0.28032,1,0.73573,0.33340,1,0.35264,0.67773,17.34568,1.09309,1,0.60003,0.66805,17.71817,1.11034,1,-0.03864,-0.03849,0.67981,0.00394,1,0.02632,-0.03802,0.70908,0.00382,1,0,0.00000,13
0.70980,0.29612,5690.78564,0.20752,13799,1,0.73960,0.28815,1,0.80692,0.28959,1,0.77326,0.28887,1,0.35318,0.67781,17.87181,1.10139,1,0.60071,0.66835,17.89538,1.11864,1,-0.03864,-0.03849,0.67981,0.00384,1,0.02632,-0.03802,0.70908,0.00374,1,0,0.00000,13
0.71178,0.29562,5690.78564,0.21387,13799,1,0.74046,0.27562,1,0.80945,0.28399,1,0.77495,0.27981,1,0.35405,0.67783,17.64501,1.11864,1,0.60148,0.66838,18.03272,1.12673,1,-0.03940,-0.03946,0.69783,0.00391,1,0.02564,-0.03652,0.68112,0.00380,1,0,0.00000,13
0.71611,0.29406,5690.78564,0.22119,13799,1,0.83522,0.30054,1,0.88296,0.18413,1,0.85909,0.24233,1,0.35504,0.67766,17.84068,1.13569,1,0.60225,0.66845,18.12475,1.12652,1,-0.03940,-0.03946,0.69783,0.00403,1,0.02564,-0.03652,0.68112,0.00383,1,0,0.00000,13
0.74944,0.28785,5690.78564,0.22119,13799,0,0.86685,0.30393,1,0.87498,0.23863,1,0.87092,0.27128,1,0.35553,0.67748,17.49932,1.13548,1,0.60238,0.66830,18.59124,1.12631,1,-0.03940,-0.03946,0.69783,0.00394,1,0.02564,-0.03652,0.68112,0.00384,1,0,0.00000,13
0.80982,0.28120,5690.78564,0.22119,13799,0,0.86543,0.31045,1,0.87498,0.23863,1,0.87021,0.27454,1,0.35555,0.67750,18.45109,1.12631,1,0.60284,0.66814,18.17731,1.12631,1,-0.03837,-0.03859,0.68233,0.00388,1,0.02670,-0.03790,0.70778,0.00401,1,0,0.00000,13
0.82793,0.27590,5690.78564,0.22119,13799,0,0.85773,0.31190,1,0.87054,0.21874,1,0.86413,0.26532,1,0.35551,0.67741,18.27531,1.11735,1,0.60262,0.66779,17.77492,1.12652,1,-0.03837,-0.03859,0.68233,0.00393,1,0.02670,-0.03790,0.70778,0.00387,1,0,0.00000,13
0.86684,0.26785,5690.78564,0.22119,13799,0,0.84374,0.32024,1,0.88862,0.20716,1,0.86618,0.26370,1,0.35551,0.67736,18.06922,1.11756,1,0.60246,0.66804,18.14563,1.12673,1,-0.03837,-0.03859,0.68233,0.00393,1,0.02670,-0.03790,0.70778,0.00403,1,0,0.00000,13
0.86654,0.26570,5690.78564,0.22119,13799,0,0.84377,0.32009,1,0.88870,0.20700,1,0.86623,0.26355,1,0.35557,0.67738,18.03959,1.11777,1,0.60246,0.66797,18.00008,1.12694,1,-0.03837,-0.03859,0.68233,0.00395,1,0.02670,-0.03790,0.70778,0.00392,1,0,0.00000,13
0.86600,0.26264,5690.78564,0.22119,13799,0,0.83803,0.30949,1,0.89181,0.20358,1,0.86492,0.25653,1,0.35552,0.67720,17.82316,1.12694,1,0.60271,0.66758,17.99664,1.12694,1,-0.03837,-0.03859,0.68233,0.00395,1,0.02670,-0.03790,0.70778,0.00384,1,0,0.00000,13
0.86522,0.25867,5691.03223,0.02100,13800,1,0.83338,0.29176,1,0.89236,0.20171,1,0.86287,0.24673,1,0.35547,0.67737,18.18835,1.12694,1,0.60275,0.66768,18.11355,1.12694,1,-0.03837,-0.03859,0.68233,0.00392,1,0.02670,-0.03790,0.70778,0.00380,1,0,0.00000,13
0.86440,0.25697,5691.03223,0.02881,13800,1,0.83338,0.29176,1,0.88888,0.20863,1,0.86113,0.25020,1,0.35545,0.67736,18.33753,1.12694,1,0.60271,0.66763,18.05517,1.11777,1,-0.03837,-0.03859,0.68233,0.00388,1,0.02568,-0.03648,0.68214,0.00379,1,0,0.00000,13
0.86291,0.25374,5691.03223,0.03516,13800,1,0.82944,0.27746,1,0.88153,0.19765,1,0.85549,0.23756,1,0.35536,0.67708,17.66601,1.11777,1,0.60269,0.66760,17.91286,1.10860,1,-0.03837,-0.03859,0.68233,0.00391,1,0.02568,-0.03648,0.68214,0.00384,1,0,0.00000,13
0.86135,0.25185,5691.03223,0.04102,13800,1,0.82193,0.27642,1,0.88206,0.20468,1,0.85199,0.24055,1,0.35539,0.67706,17.55477,1.10860,1,0.60269,0.66765,18.05544,1.09944,1,-0.03837,-0.03859,0.68233,0.00391,1,0.02568,-0.03648,0.68214,0.00379,1,0,0.00000,13
0.85990,0.25131,5691.03223,0.04736,13800,1,0.82083,0.28326,1,0.87857,0.21177,1,0.84970,0.24751,1,0.35536,0.67697,17.81886,1.09944,1,0.60278,0.66751,18.49967,1.09027,1,-0.03837,-0.03859,0.68233,0.00388,1,0.02568,-0.03648,0.68214,0.00380,1,0,0.00000,13
0.85908,0.24916,5691.03223,0.05420,13800,1,0.82512,0.27225,1,0.87990,0.19162,1,0.85251,0.23193,1,0.35525,0.67689,17.99312,1.09027,1,0.60263,0.66749,18.50851,1.09027,1,-0.03837,-0.03859,0.68233,0.00382,1,0.02568,-0.03648,0.68214,0.00382,1,0,0.00000,13
0.85889,0.24975,5691.03223,0.06104,13800,1,0.82537,0.32521,1,0.88903,0.18487,1,0.85720,0.25504,1,0.35533,0.67687,18.01362,1.09027,1,0.60271,0.66761,18.41586,1.09027,1,-0.03837,-0.03859,0.68233,0.00392,1,0.02568,-0.03648,0.68214,0.00379,1,0,0.00000,13
0.85890,0.24990,5691.03223,0.06982,13800,1,0.82537,0.32521,1,0.89260,0.17758,1,0.85898,0.25140,1,0.35537,0.67672,17.80839,1.09027,1,0.60275,0.66750,18.36584,1.09944,1,-0.03797,-0.03813,0.67524,0.00399,1,0.02635,-0.03736,0.69863,0.00378,1,0,0.00000,13
0.85941,0.24803,5691.03223,0.07861,13800,1,0.83005,0.30083,1,0.90008,0.15412,1,0.86506,0.22748,1,0.35539,0.67667,17.74943,1.09944,1,0.60281,0.66752,18.19431,1.10860,1,-0.03797,-0.03813,0.67524,0.00393,1,0.02635,-0.03736,0.69863,0.00383,1,0,0.00000,13
0.85993,0.24637,5691.03223,0.08398,13800,1,0.83305,0.30310,1,0.89917,0.14974,1,0.86611,0.22642,1,0.35537,0.67669,17.74502,1.10860,1,0.60284,0.66758,18.00047,1.11777,1,-0.03797,-0.03813,0.67524,0.00390,1,0.02635,-0.03736,0.69863,0.00384,1,0,0.00000,13
0.86054,0.24444,5691.03223,0.08789,13800,1,0.83424,0.29646,1,0.90271,0.14236,1,0.86848,0.21941,1,0.35541,0.67653,17.52901,1.11777,1,0.60283,0.66758,17.93629,1.12694,1,-0.03797,-0.03813,0.67524,0.00391,1,0.02635,-0.03736,0.69863,0.00396,1,0,0.00000,13
0.86047,0.24345,5691.03223,0.09424,13800,1,0.84321,0.27451,1,0.87595,0.18459,1,0.85958,0.22955,1,0.35558,0.67649,17.39951,1.12694,1,0.60288,0.66762,18.01056,1.12694,1,-0.03797,-0.03813,0.67524,0.00393,1,0.02635,-0.03736,0.69863,0.00398,1,0,0.00000,13
0.85951,0.24228,5691.03223,0.10107,13800,1,0.85142,0.29767,1,0.83880,0.15182,1,0.84511,0.22474,1,0.35562,0.67656,17.33952,1.12694,1,0.60293,0.66765,17.92114,1.12694,1,-0.03797,-0.03813,0.67524,0.00397,1,0.02635,-0.03736,0.69863,0.00403,1,0,0.00000,13
0.85858,0.24146,5691.03223,0.11230,13800,1,0.85142,0.29767,1,0.83574,0.15917,1,0.84358,0.22842,1,0.35560,0.67653,17.69081,1.12694,1,0.60294,0.66769,18.33395,1.11777,1,-0.03797,-0.03813,0.67524,0.00395,1,0.02592,-0.03668,0.68595,0.00396,1,0,0.00000,13
0.85826,0.24164,5691.03223,0.11768,13800,1,0.86132,0.29409,1,0.84437,0.19529,1,0.85285,0.24469,1,0.35558,0.67655,17.67625,1.11777,1,0.60291,0.66768,18.52618,1.10860,1,-0.03797,-0.03813,0.67524,0.00395,1,0.02592,-0.03668,0.68595,0.00387,1,0,0.00000,13
0.85802,0.24142,5691.03223,0.12354,13800,1,0.86820,0.27580,1,0.83927,0.19909,1,0.85374,0.23745,1,0.35562,0.67675,17.88957,1.10860,1,0.60289,0.66770,18.51020,1.09944,1,-0.03797,-0.03813,0.67524,0.00396,1,0.02592,-0.03668,0.68595,0.00387,1,0,0.00000,13
0.85780,0.24123,5691.03223,0.12891,13800,1,0.86816,0.27596,1,0.83920,0.19925,1,0.85368,0.23761,1,0.35554,0.67663,17.89562,1.10840,1,0.60325,0.66756,18.39154,1.09923,1,-0.03977,-0.03994,0.70811,0.00393,1,0.02592,-0.03668,0.68595,0.00377,1,0,0.00000,13
0.85724,0.24105,5691.03223,0.13477,13800,1,0.82908,0.28160,1,0.86283,0.19327,1,0.84595,0.23744,1,0.35563,0.67660,18.12243,1.10819,1,0.60339,0.66760,18.47348,1.10819,1,-0.03977,-0.03994,0.70811,0.00393,1,0.02592,-0.03668,0.68595,0.00384,1,0,0.00000,13
0.85686,0.24105,5691.03223,0.14258,13800,1,0.83419,0.30735,1,0.86370,0.17493,1,0.84895,0.24114,1,0.35565,0.67669,17.82364,1.11715,1,0.60332,0.66763,18.35650,1.11715,1,-0.03977,-0.03994,0.70811,0.00394,1,0.02592,-0.03668,0.68595,0.00380,1,0,0.00000,13
0.85655,0.24090,5691.03223,0.14844,13800,1,0.83535,0.30094,1,0.86401,0.17424,1,0.84968,0.23759,1,0.35574,0.67667,17.90951,1.12610,1,0.60332,0.66754,18.00342,1.11802,1,-0.03977,-0.03994,0.70811,0.00393,1,0.02483,-0.03507,0.65580,0.00384,1,0,0.00000,13
0.85626,0.24036,5691.03223,0.15527,13800,1,0.83386,0.26866,1,0.86532,0.18688,1,0.84959,0.22777,1,0.35578,0.67672,18.16443,1.11802,1,0.60348,0.66764,17.84056,1.10993,1,-0.03977,-0.03994,0.70811,0.00388,1,0.02483,-0.03507,0.65580,0.00392,1,0,0.00000,13
0.85645,0.23982,5691.03223,0.16162,13800,1,0.84673,0.25266,1,0.87535,0.20127,1,0.86104,0.22697,1,0.35561,0.67658,18.14431,1.10993,1,0.60342,0.66760,17.92819,1.10184,1,-0.03977,-0.03994,0.70811,0.00382,1,0.02483,-0.03507,0.65580,0.00382,1,0,0.00000,13
0.85655,0.23957,5691.03223,0.16797,13800,1,0.84559,0.25890,1,0.87233,0.20754,1,0.85896,0.23322,1,0.35561,0.67652,18.17685,1.10184,1,0.60346,0.66768,17.98175,1.09375,1,-0.03958,-0.03980,0.70662,0.00381,1,0.02463,-0.03474,0.65056,0.00382,1,0,0.00000,13
0.85671,0.23836,5691.03223,0.17578,13800,1,0.84577,0.25590,1,0.87589,0.15786,1,0.86083,0.20688,1,0.35571,0.67644,18.13236,1.09375,1,0.60338,0.66749,18.48302,1.09375,1,-0.03958,-0.03980,0.70662,0.00384,1,0.02463,-0.03474,0.65056,0.00383,1,0,0.00000,13
0.85621,0.23806,5691.03223,0.18213,13800,1,0.80791,0.31720,1,0.87786,0.14303,1,0.84289,0.23011,1,0.35582,0.67632,18.52130,1.09375,1,0.60338,0.66749,18.49426,1.09375,1,-0.03958,-0.03980,0.70662,0.00375,1,0.02463,-0.03474,0.65056,0.00383,1,0,0.00000,13
0.85586,0.23754,5691.03223,0.18848,13800,1,0.80791,0.31720,1,0.88436,0.12871,1,0.84613,0.22295,1,0.35588,0.67622,18.60493,1.09375,1,0.60348,0.66752,18.33840,1.11101,1,-0.03910,-0.03927,0.69807,0.00373,1,0.02698,-0.03795,0.70964,0.00381,1,0,0.00000,13
0.85602,0.23741,5691.03223,0.19629,13800,1,0.81712,0.28664,1,0.90419,0.18035,1,0.86065,0.23350,1,0.35598,0.67601,17.64254,1.11101,1,0.60360,0.66732,17.97083,1.12826,1,-0.03910,-0.03927,0.69807,0.00383,1,0.02698,-0.03795,0.70964,0.00388,1,0,0.00000,13
0.85645,0.23665,5691.03223,0.20166,13800,1,0.82269,0.27582,1,0.91577,0.15194,1,0.86923,0.21388,1,0.35599,0.67599,17.51451,1.12826,1,0.60321,0.66715,17.58481,1.14552,1,-0.03910,-0.03927,0.69807,0.00385,1,0.02698,-0.03795,0.70964,0.00406,1,0,0.00000,13
0.85692,0.23574,5691.03223,0.20898,13800,1,0.82367,0.26973,1,0.91901,0.14545,1,0.87134,0.20759,1,0.35614,0.67605,17.73406,1.13656,1,0.60374,0.66730,18.17721,1.15381,1,-0.03687,-0.03707,0.65910,0.00388,1,0.02652,-0.03725,0.69760,0.00396,1,0,0.00000,13
0.85780,0.23558,5691.03223,0.21533,13800,1,0.84471,0.23670,1,0.92772,0.22419,1,0.88622,0.23044,1,0.35614,0.67605,17.73406,1.14485,1,0.60362,0.66721,18.41186,1.14485,1,-0.03687,-0.03707,0.65910,0.00388,1,0.02652,-0.03725,0.69760,0.00399,1,0,0.00000,13
0.85800,0.23535,5691.03223,0.22217,13800,1,0.83637,0.22070,1,0.89294,0.23519,1,0.86465,0.22795,1,0.35620,0.67607,17.70363,1.13590,1,0.60355,0.66733,18.27218,1.13590,1,-0.03687,-0.03707,0.65910,0.00391,1,0.02652,-0.03725,0.69760,0.00404,1,0,0.00000,13
0.85808,0.23543,5691.03223,0.22852,13800,1,0.83522,0.22771,1,0.88608,0.24827,1,0.86065,0.23799,1,0.35616,0.67592,17.39305,1.12694,1,0.60369,0.66736,18.39131,1.11777,1,-0.03687,-0.03707,0.65910,0.00393,1,0.02564,-0.03594,0.67309,0.00396,1,0,0.00000,13
0.85857,0.23564,5691.03223,0.23535,13800,1,0.88055,0.25915,1,0.87068,0.22662,1,0.87561,0.24289,1,0.35643,0.67623,18.12932,1.11777,1,0.60375,0.66745,18.54907,1.10860,1,-0.03687,-0.03707,0.65910,0.00393,1,0.02564,-0.03594,0.67309,0.00387,1,0,0.00000,13
0.85899,0.23657,5691.03223,0.24219,13800,1,0.84445,0.29795,1,0.90416,0.24217,1,0.87430,0.27006,1,0.35683,0.67607,17.77435,1.10860,1,0.60429,0.66747,18.60408,1.09944,1,-0.03687,-0.03707,0.65910,0.00384,1,0.02564,-0.03594,0.67309,0.00377,1,0,0.00000,13
0.85933,0.23763,5691.03223,0.24854,13800,1,0.84317,0.30464,1,0.90049,0.24894,1,0.87183,0.27679,1,0.35718,0.67619,17.61765,1.09944,1,0.60450,0.66762,18.02138,1.09027,1,-0.03819,-0.03861,0.68633,0.00392,1,0.02620,-0.03670,0.68525,0.00399,1,0,0.00000,13
0.86015,0.23774,5691.03223,0.25488,13800,1,0.86342,0.28989,1,0.91893,0.19416,1,0.89118,0.24203,1,0.35720,0.67617,17.70068,1.09027,1,0.60450,0.66757,17.81812,1.09027,1,-0.03819,-0.03861,0.68633,0.00395,1,0.02620,-0.03670,0.68525,0.00402,1,0,0.00000,13
0.86103,0.23779,5691.03223,0.26123,13800,1,0.86646,0.31187,1,0.92426,0.16780,1,0.89536,0.23984,1,0.35716,0.67616,17.74325,1.09027,1,0.60450,0.66762,18.02138,1.09027,1,-0.03819,-0.03861,0.68633,0.00391,1,0.02620,-0.03670,0.68525,0.00399,1,0,0.00000,13
0.86186,0.23784,5691.03223,0.26855,13800,1,0.86646,0.31187,1,0.92426,0.16780,1,0.89536,0.23984,1,0.35729,0.67622,17.50230,1.09027,1,0.60458,0.66762,18.10719,1.09027,1,-0.03819,-0.03861,0.68633,0.00389,1,0.02591,-0.03623,0.67756,0.00393,1,0,0.00000,13
0.86240,0.23848,5691.03223,0.27539,13800,1,0.85841,0.33422,1,0.91055,0.19534,1,0.88448,0.26478,1,0.35729,0.67630,17.47077,1.09027,1,0.60450,0.66762,18.02138,1.09027,1,-0.03819,-0.03861,0.68633,0.00391,1,0.02591,-0.03623,0.67756,0.00399,1,0,0.00000,13
0.86286,0.23915,5691.03223,0.28223,13800,1,0.85452,0.32899,1,0.90944,0.20523,1,0.88198,0.26711,1,0.35739,0.67626,17.57186,1.09027,1,0.60450,0.66762,18.02138,1.09027,1,-0.03819,-0.03861,0.68633,0.00386,1,0.02591,-0.03623,0.67756,0.00399,1,0,0.00000,13
0.86329,0.23978,5691.03223,0.28857,13800,1,0.85452,0.32899,1,0.90944,0.20523,1,0.88198,0.26711,1,0.35730,0.67629,17.52831,1.09027,1,0.60458,0.66761,18.11263,1.09027,1,-0.03819,-0.03866,0.68633,0.00388,1,0.02620,-0.03670,0.68525,0.00390,1,0,0.00000,13
0.86377,0.23972,5691.03223,0.29492,13800,1,0.85346,0.26736,1,0.91575,0.20617,1,0.88460,0.23676,1,0.35723,0.67661,17.98331,1.09027,1,0.60461,0.66770,18.06710,1.09027,1,-0.03819,-0.03866,0.68633,0.00389,1,0.02620,-0.03670,0.68525,0.00400,1,0,0.00000,13
0.86424,0.24038,5691.03223,0.30273,13800,1,0.85456,0.33703,1,0.91666,0.20385,1,0.88561,0.27044,1,0.35722,0.67654,18.08960,1.09027,1,0.60455,0.66761,18.16360,1.09027,1,-0.03819,-0.03866,0.68633,0.00388,1,0.02620,-0.03670,0.68525,0.00387,1,0,0.00000,13
0.88399,0.25734,5691.03223,0.30273,13800,0,0.85456,0.33703,1,0.91666,0.20385,1,0.88561,0.27044,1,0.35738,0.67674,17.89044,1.09027,1,0.60459,0.66766,18.48568,1.09027,1,-0.03819,-0.03866,0.68633,0.00384,1,0.02620,-0.03670,0.68525,0.00386,1,0,0.00000,13
0.88401,0.25457,5691.03223,0.30273,13800,0,0.85522,0.28316,1,0.91283,0.22046,1,0.88403,0.25181,1,0.35722,0.67667,17.75024,1.09027,1,0.60464,0.66767,18.08176,1.09027,1,-0.03819,-0.03866,0.68633,0.00383,1,0.02620,-0.03670,0.68525,0.00398,1,0,0.00000,13
0.88310,0.25230,5691.03223,0.30273,13800,0,0.85399,0.28222,1,0.90856,0.21327,1,0.88127,0.24775,1,0.35725,0.67658,17.62075,1.09027,1,0.60451,0.66760,18.08450,1.09027,1,-0.03819,-0.03866,0.68633,0.00389,1,0.02620,-0.03670,0.68525,0.00395,1,0,0.00000,13
0.88223,0.25194,5691.34277,0.02002,13801,1,0.85399,0.28222,1,0.90527,0.21950,1,0.87963,0.25086,1,0.35725,0.67659,17.55812,1.09027,1,0.60441,0.66769,17.96133,1.08218,1,-0.03708,-0.03764,0.66641,0.00387,1,0.02488,-0.03496,0.65195,0.00391,1,0,0.00000,13
0.88071,0.25763,5691.34277,0.02539,13801,1,0.84820,0.31752,1,0.90105,0.24324,1,0.87462,0.28038,1,0.35732,0.67673,17.99561,1.08218,1,0.60436,0.66763,17.72212,1.07410,1,-0.03708,-0.03764,0.66641,0.00376,1,0.02488,-0.03496,0.65195,0.00393,1,0,0.00000,13
0.87959,0.25561,5691.34277,0.03223,13801,1,0.86082,0.24795,1,0.88721,0.24306,1,0.87402,0.24551,1,0.35728,0.67666,17.82910,1.07410,1,0.60444,0.66775,18.18580,1.06601,1,-0.03708,-0.03764,0.66641,0.00371,1,0.02488,-0.03496,0.65195,0.00386,1,0,0.00000,13
0.87848,0.25507,5691.34277,0.04053,13801,1,0.85955,0.25446,1,0.88399,0.24923,1,0.87177,0.25185,1,0.35707,0.67675,17.65606,1.06601,1,0.60434,0.66764,17.76127,1.05792,1,-0.03708,-0.03764,0.66641,0.00382,1,0.02488,-0.03496,0.65195,0.00392,1,0,0.00000,13
0.87666,0.25460,5691.34277,0.04736,13801,1,0.85204,0.24726,1,0.87593,0.25533,1,0.86398,0.25130,1,0.35695,0.67670,17.74858,1.05792,1,0.60439,0.66765,18.12949,1.05792,1,-0.03708,-0.03764,0.66641,0.00386,1,0.02488,-0.03496,0.65195,0.00384,1,0,0.00000,13
0.87448,0.25422,5691.34277,0.05469,13801,1,0.83531,0.27908,1,0.87873,0.22335,1,0.85702,0.25122,1,0.35694,0.67676,17.81666,1.05792,1,0.60436,0.66769,17.90080,1.05792,1,-0.03708,-0.03764,0.66641,0.00383,1,0.02488,-0.03496,0.65195,0.00387,1,0,0.00000,13
0.87340,0.25210,5691.34277,0.05859,13801,1,0.83795,0.26405,1,0.88943,0.20193,1,0.86369,0.23299,1,0.35691,0.67677,17.94340,1.07712,1,0.60434,0.66759,17.97660,1.08520,1,-0.04065,-0.04109,0.72857,0.00385,1,0.02564,-0.03594,0.67309,0.00387,1,0,0.00000,13
0.87262,0.24998,5691.34277,0.06543,13801,1,0.83996,0.29025,1,0.88963,0.16745,1,0.86479,0.22885,1,0.35686,0.67683,18.26485,1.10440,1,0.60427,0.66761,18.06379,1.11249,1,-0.04065,-0.04109,0.72857,0.00381,1,0.02564,-0.03594,0.67309,0.00387,1,0,0.00000,13
0.87422,0.24590,5691.34277,0.07227,13801,1,0.88165,0.24970,1,0.90202,0.15217,1,0.89184,0.20093,1,0.35676,0.67680,17.97330,1.13168,1,0.60433,0.66747,18.05467,1.13977,1,-0.04065,-0.04109,0.72857,0.00385,1,0.02564,-0.03594,0.67309,0.00383,1,0,0.00000,13
0.87594,0.24142,5691.34277,0.07861,13801,1,0.88450,0.23662,1,0.90852,0.13876,1,0.89651,0.18769,1,0.35683,0.67691,18.24773,1.14873,1,0.60431,0.66755,18.70521,1.15682,1,-0.03906,-0.03943,0.69913,0.00383,1,0.02564,-0.03594,0.67309,0.00374,1,0,0.00000,13
0.87826,0.24085,5691.34277,0.08594,13801,1,0.90863,0.24681,1,0.90823,0.22007,1,0.90843,0.23344,1,0.35680,0.67685,18.23773,1.14658,1,0.60405,0.66756,18.65990,1.14658,1,-0.03906,-0.03943,0.69913,0.00385,1,0.02564,-0.03594,0.67309,0.00389,1,0,0.00000,13
0.87923,0.23926,5691.34277,0.09229,13801,1,0.89188,0.22636,1,0.89369,0.20779,1,0.89279,0.21708,1,0.35677,0.67691,18.45725,1.13634,1,0.60387,0.66744,18.33414,1.13634,1,-0.03906,-0.03943,0.69913,0.00378,1,0.02564,-0.03594,0.67309,0.00390,1,0,0.00000,13
0.87985,0.23858,5691.34277,0.10059,13801,1,0.88852,0.24146,1,0.88990,0.21526,1,0.88921,0.22836,1,0.35659,0.67660,18.12446,1.11715,1,0.60382,0.66745,18.53288,1.12631,1,-0.03687,-0.03717,0.65910,0.00378,1,0.02652,-0.03725,0.69760,0.00387,1,0,0.00000,13
0.87760,0.23900,5691.34277,0.10693,13801,1,0.80976,0.27442,1,0.87347,0.21709,1,0.84161,0.24576,1,0.35552,0.67659,17.91167,1.11736,1,0.60309,0.66730,18.38166,1.12652,1,-0.03687,-0.03717,0.65910,0.00389,1,0.02652,-0.03725,0.69760,0.00379,1,0,0.00000,13
0.86978,0.23699,5691.34277,0.11328,13801,1,0.71259,0.23313,1,0.76113,0.17226,1,0.73686,0.20270,1,0.35460,0.67653,17.85909,1.11756,1,0.60198,0.66696,17.70713,1.12673,1,-0.03687,-0.03717,0.65910,0.00370,1,0.02652,-0.03725,0.69760,0.00372,1,0,0.00000,13
0.86279,0.23517,5691.34277,0.11914,13801,1,0.71260,0.23297,1,0.76119,0.17210,1,0.73689,0.20253,1,0.35240,0.67677,17.06397,1.11777,1,0.59988,0.66699,17.88286,1.12694,1,-0.03854,-0.03814,0.67445,0.00378,1,0.02665,-0.03865,0.72375,0.00376,1,0,0.00000,13
0.84940,0.23288,5691.34277,0.12598,13801,1,0.59450,0.20554,1,0.59575,0.17305,1,0.59512,0.18930,1,0.34961,0.67710,17.00917,1.12694,1,0.59700,0.66634,16.87192,1.12694,1,-0.03854,-0.03814,0.67445,0.00394,1,0.02665,-0.03865,0.72375,0.00391,1,0,0.00000,13
0.80045,0.21796,5691.34277,0.12598,13801,0,0.46525,0.27570,1,0.51010,0.21601,1,0.48768,0.24586,1,0.34797,0.67778,17.28420,1.12694,1,0.59474,0.66613,15.92310,1.12694,1,-0.03854,-0.03814,0.67445,0.00409,1,0.02665,-0.03865,0.72375,0.00380,1,0,0.00000,13
0.64379,0.22866,5691.34277,0.12598,13801,0,0.46362,0.26965,1,0.51065,0.20909,1,0.48713,0.23937,1,0.34558,0.67825,17.65414,1.13590,1,0.59307,0.66676,17.42143,1.13590,1,-0.04119,-0.03998,0.70329,0.00388,1,0.02473,-0.03765,0.70313,0.00380,1,0,0.00000,13
0.53858,0.22010,5691.34277,0.12598,13801,0,0.29320,0.24022,1,0.36311,0.16575,1,0.32815,0.20298,1,0.34332,0.67932,18.31633,1.14486,1,0.59009,0.66687,17.34291,1.14486,1,-0.04119,-0.03998,0.70329,0.00381,1,0.02473,-0.03765,0.70313,0.00369,1,0,0.00000,13
0.34863,0.22981,5691.34277,0.12598,13801,0,0.20830,0.27063,1,0.25292,0.22353,1,0.23061,0.24708,1,0.34216,0.67968,17.70036,1.15381,1,0.58842,0.66712,15.90319,1.15381,1,-0.04119,-0.03998,0.70329,0.00384,1,0.02473,-0.03765,0.70313,0.00377,1,0,0.00000,13
0.28962,0.23844,5691.34277,0.12598,13801,0,0.20830,0.27063,1,0.25292,0.22353,1,0.23061,0.24708,1,0.34018,0.68017,18.78800,1.15381,1,0.58671,0.66723,16.68685,1.15381,1,-0.03997,-0.03832,0.67144,0.00383,1,0.02372,-0.03740,0.69841,0.00361,1,0,0.00000,13
0.25512,0.25041,5691.34277,0.12598,13801,0,0.16405,0.25517,1,0.20820,0.29351,1,0.18612,0.27434,1,0.33938,0.68053,19.20412,1.14486,1,0.58545,0.66788,17.72990,1.14486,1,-0.03997,-0.03832,0.67144,0.00387,1,0.02372,-0.03740,0.69841,0.00371,1,0,0.00000,13
0.21015,0.26843,5691.34277,0.12598,13801,0,0.20664,0.29240,1,0.22077,0.27538,1,0.21370,0.28389,1,0.33929,0.68044,19.08496,1.13590,1,0.58547,0.66779,17.48445,1.13590,1,-0.03997,-0.03832,0.67144,0.00384,1,0.02372,-0.03740,0.69841,0.00371,1,0,0.00000,13
0.21363,0.28088,5691.34277,0.12598,13801,0,0.21021,0.29794,1,0.22402,0.28870,1,0.21712,0.29332,1,0.33901,0.68026,18.68268,1.12694,1,0.58532,0.66747,17.01005,1.11777,1,-0.04079,-0.03896,0.68346,0.00392,1,0.02282,-0.03622,0.67632,0.00375,1,0,0.00000,13
0.21466,0.28395,5691.34277,0.12598,13801,0,0.21499,0.32313,1,0.21845,0.25707,1,0.21672,0.29010,1,0.33903,0.68025,18.53930,1.11777,1,0.58532,0.66750,16.55555,1.10861,1,-0.04079,-0.03896,0.68346,0.00395,1,0.02282,-0.03622,0.67632,0.00374,1,0,0.00000,13
0.21611,0.29207,5691.51514,0.02002,13802,1,0.21031,0.33806,1,0.23065,0.29476,1,0.22048,0.31641,1,0.33902,0.68028,18.56824,1.10861,1,0.58529,0.66750,16.66158,1.09944,1,-0.04079,-0.03896,0.68346,0.00395,1,0.02282,-0.03622,0.67632,0.00374,1,0,0.00000,13
0.21752,0.29816,5691.51514,0.02686,13802,1,0.21404,0.34355,1,0.23227,0.30155,1,0.22316,0.32255,1,0.33900,0.68023,18.61016,1.09944,1,0.58526,0.66774,16.91936,1.09027,1,-0.04079,-0.03896,0.68346,0.00394,1,0.02282,-0.03622,0.67632,0.00375,1,0,0.00000,13
0.21952,0.30191,5691.51514,0.03320,13802,1,0.22127,0.34011,1,0.23773,0.30113,1,0.22950,0.32062,1,0.33893,0.68023,18.77391,1.09027,1,0.58538,0.66756,16.98784,1.09027,1,-0.04079,-0.03896,0.68346,0.00388,1,0.02282,-0.03622,0.67632,0.00373,1,0,0.00000,13
0.21830,0.29969,5691.51514,0.04102,13802,1,0.20981,0.32130,1,0.21211,0.25149,1,0.21096,0.28640,1,0.33901,0.68015,18.73890,1.09027,1,0.58540,0.66754,17.00008,1.09027,1,-0.04079,-0.03896,0.68346,0.00395,1,0.02282,-0.03622,0.67632,0.00371,1,0,0.00000,13
0.21727,0.29758,5691.51514,0.04785,13802,1,0.20981,0.32130,1,0.21034,0.24426,1,0.21007,0.28278,1,0.33901,0.68021,18.90818,1.09027,1,0.58541,0.66745,17.11894,1.09944,1,-0.04079,-0.03896,0.68346,0.00391,1,0.02372,-0.03740,0.69841,0.00369,1,0,0.00000,13
0.21476,0.29923,5691.51514,0.05371,13802,1,0.20026,0.36200,1,0.18905,0.26291,1,0.19466,0.31245,1,0.33918,0.68019,19.06931,1.09944,1,0.58550,0.66750,17.19040,1.10861,1,-0.04079,-0.03896,0.68346,0.00384,1,0.02372,-0.03740,0.69841,0.00369,1,0,0.00000,13
0.21310,0.30010,5691.51514,0.06055,13802,1,0.20829,0.35994,1,0.18818,0.25587,1,0.19823,0.30790,1,0.33914,0.68008,18.71821,1.10861,1,0.58566,0.66744,17.00379,1.11777,1,-0.04079,-0.03896,0.68346,0.00388,1,0.02372,-0.03740,0.69841,0.00365,1,0,0.00000,13
0.21150,0.30024,5691.51514,0.06738,13802,1,0.20454,0.35461,1,0.18627,0.24883,1,0.19540,0.30172,1,0.33915,0.68004,18.74122,1.11777,1,0.58588,0.66727,17.03001,1.12694,1,-0.04079,-0.03896,0.68346,0.00389,1,0.02383,-0.03752,0.70156,0.00355,1,0,0.00000,13
0.21028,0.29993,5691.51514,0.07373,13802,1,0.19562,0.32966,1,0.19813,0.26324,1,0.19688,0.29645,1,0.33914,0.67990,19.07636,1.12694,1,0.58571,0.66739,16.94761,1.12694,1,-0.04079,-0.03896,0.68346,0.00390,1,0.02383,-0.03752,0.70156,0.00367,1,0,0.00000,13
0.20959,0.29769,5691.51514,0.08203,13802,1,0.20648,0.32716,1,0.19632,0.21454,1,0.20140,0.27085,1,0.33917,0.67983,19.05806,1.12694,1,0.58585,0.66723,17.19134,1.12694,1,-0.04079,-0.03896,0.68346,0.00390,1,0.02383,-0.03752,0.70156,0.00357,1,0,0.00000,13
0.20901,0.29577,5691.51514,0.08740,13802,1,0.20648,0.32716,1,0.19632,0.21454,1,0.20140,0.27085,1,0.33918,0.67985,19.12215,1.12694,1,0.58577,0.66725,17.34858,1.12694,1,-0.04109,-0.03919,0.68849,0.00389,1,0.02383,-0.03752,0.70156,0.00359,1,0,0.00000,13
0.20901,0.29266,5691.51514,0.09424,13802,1,0.21051,0.29223,1,0.20757,0.20592,1,0.20904,0.24908,1,0.33917,0.67980,19.04877,1.12694,1,0.58591,0.66714,17.40148,1.12694,1,-0.04109,-0.03919,0.68849,0.00388,1,0.02383,-0.03752,0.70156,0.00364,1,0,0.00000,13
0.20850,0.29146,5691.51514,0.10107,13802,1,0.18398,0.29734,1,0.21767,0.24963,1,0.20083,0.27349,1,0.33929,0.67982,19.29243,1.12694,1,0.58595,0.66701,17.61283,1.12694,1,-0.04109,-0.03919,0.68849,0.00391,1,0.02383,-0.03752,0.70156,0.00365,1,0,0.00000,13
0.20810,0.29061,5691.51514,0.10791,13802,1,0.18398,0.29734,1,0.21934,0.25664,1,0.20166,0.27699,1,0.33932,0.67972,19.01827,1.12694,1,0.58597,0.66683,17.13285,1.11777,1,-0.04109,-0.03909,0.68849,0.00390,1,0.02299,-0.03606,0.67523,0.00368,1,0,0.00000,13
0.20763,0.29117,5691.51514,0.11475,13802,1,0.17415,0.25970,1,0.22521,0.34156,1,0.19968,0.30063,1,0.33935,0.67945,19.11997,1.11777,1,0.58591,0.66689,17.31015,1.10861,1,-0.04109,-0.03909,0.68849,0.00390,1,0.02299,-0.03606,0.67523,0.00365,1,0,0.00000,13
0.20742,0.28931,5691.51514,0.12061,13802,1,0.18219,0.25562,1,0.22505,0.25627,1,0.20362,0.25595,1,0.33937,0.67935,19.16486,1.10861,1,0.58598,0.66688,17.24438,1.09944,1,-0.04109,-0.03909,0.68849,0.00388,1,0.02299,-0.03606,0.67523,0.00367,1,0,0.00000,13
0.20737,0.28797,5691.51514,0.12695,13802,1,0.18612,0.26167,1,0.22671,0.26339,1,0.20642,0.26253,1,0.33940,0.67933,19.08102,1.09944,1,0.58617,0.66682,17.25914,1.09027,1,-0.04081,-0.03877,0.68370,0.00390,1,0.02299,-0.03596,0.67523,0.00366,1,0,0.00000,13
0.20690,0.28885,5691.51514,0.13477,13802,1,0.16608,0.30394,1,0.22912,0.30888,1,0.19760,0.30641,1,0.33939,0.67921,18.98505,1.09027,1,0.58624,0.66704,17.68090,1.09027,1,-0.04081,-0.03877,0.68370,0.00390,1,0.02299,-0.03596,0.67523,0.00364,1,0,0.00000,13
0.20654,0.28926,5691.51514,0.14062,13802,1,0.16230,0.29325,1,0.23554,0.30223,1,0.19892,0.29774,1,0.33947,0.67915,19.08697,1.09027,1,0.58631,0.66676,17.40389,1.09027,1,-0.04081,-0.03877,0.68370,0.00388,1,0.02299,-0.03596,0.67523,0.00364,1,0,0.00000,13
0.20609,0.28936,5691.51514,0.14795,13802,1,0.15823,0.28755,1,0.23398,0.29560,1,0.19610,0.29157,1,0.33952,0.67908,19.09908,1.09923,1,0.58639,0.66695,17.90031,1.09923,1,-0.04173,-0.03969,0.70004,0.00387,1,0.02291,-0.03569,0.67014,0.00367,1,0,0.00000,13
0.20611,0.28975,5691.51514,0.15381,13802,1,0.17051,0.32828,1,0.24297,0.26926,1,0.20674,0.29877,1,0.33925,0.67867,18.51495,1.10819,1,0.58636,0.66659,17.11938,1.10819,1,-0.04173,-0.03969,0.70004,0.00388,1,0.02291,-0.03569,0.67014,0.00370,1,0,0.00000,13
0.20640,0.28997,5691.51514,0.16113,13802,1,0.19678,0.32069,1,0.22974,0.26974,1,0.21326,0.29522,1,0.33927,0.67864,18.22846,1.11715,1,0.58628,0.66657,17.43712,1.11715,1,-0.04173,-0.03969,0.70004,0.00391,1,0.02291,-0.03569,0.67014,0.00370,1,0,0.00000,13
0.20666,0.29017,5691.51514,0.16797,13802,1,0.19678,0.32069,1,0.22974,0.26974,1,0.21326,0.29522,1,0.33949,0.67825,18.25631,1.11715,1,0.58634,0.66657,17.44665,1.11715,1,-0.03997,-0.03802,0.67144,0.00390,1,0.02336,-0.03622,0.68010,0.00371,1,0,0.00000,13
0.20732,0.29001,5691.51514,0.17432,13802,1,0.20551,0.32193,1,0.24352,0.24969,1,0.22452,0.28581,1,0.33955,0.67807,18.24450,1.10819,1,0.58636,0.66660,17.67204,1.10819,1,-0.03997,-0.03802,0.67144,0.00387,1,0.02336,-0.03622,0.68010,0.00372,1,0,0.00000,13
0.20795,0.28992,5691.51514,0.18115,13802,1,0.21786,0.31958,1,0.23205,0.25573,1,0.22496,0.28765,1,0.33939,0.67814,18.01513,1.09923,1,0.58637,0.66661,17.67087,1.09923,1,-0.03997,-0.03802,0.67144,0.00389,1,0.02336,-0.03622,0.68010,0.00373,1,0,0.00000,13
0.20863,0.29006,5691.51514,0.18799,13802,1,0.22147,0.32513,1,0.23362,0.26269,1,0.22755,0.29391,1,0.33939,0.67801,18.15036,1.09027,1,0.58652,0.66648,17.51908,1.09027,1,-0.03997,-0.03802,0.67144,0.00385,1,0.02336,-0.03622,0.68010,0.00376,1,0,0.00000,13
0.20882,0.29001,5691.51514,0.19531,13802,1,0.22644,0.34035,1,0.20239,0.23659,1,0.21442,0.28847,1,0.33941,0.67799,18.11599,1.09027,1,0.58657,0.66645,17.36394,1.09027,1,-0.03997,-0.03802,0.67144,0.00386,1,0.02336,-0.03622,0.68010,0.00376,1,0,0.00000,13
0.20903,0.28996,5691.51514,0.20117,13802,1,0.21685,0.32982,1,0.21371,0.24698,1,0.21528,0.28840,1,0.33940,0.67803,18.11543,1.09027,1,0.58669,0.66649,17.34723,1.09027,1,-0.03997,-0.03802,0.67144,0.00385,1,0.02336,-0.03622,0.68010,0.00374,1,0,0.00000,13
0.20923,0.28991,5691.51514,0.20947,13802,1,0.21685,0.32982,1,0.21371,0.24698,1,0.21528,0.28840,1,0.33937,0.67799,18.02482,1.09027,1,0.58631,0.66639,17.63804,1.09027,1,-0.04030,-0.03828,0.67692,0.00386,1,0.02291,-0.03569,0.67014,0.00370,1,0,0.00000,13
0.20884,0.28993,5691.51514,0.21484,13802,1,0.20015,0.30239,1,0.19253,0.27857,1,0.19634,0.29048,1,0.33926,0.67791,18.02387,1.09027,1,0.58638,0.66596,17.31010,1.09027,1,-0.04030,-0.03828,0.67692,0.00393,1,0.02291,-0.03569,0.67014,0.00359,1,0,0.00000,13
0.20806,0.28852,5691.51514,0.22119,13802,1,0.18785,0.26463,1,0.17708,0.21976,1,0.18247,0.24220,1,0.33922,0.67785,18.22163,1.09027,1,0.58625,0.66601,17.18412,1.09027,1,-0.04030,-0.03828,0.67692,0.00392,1,0.02291,-0.03569,0.67014,0.00364,1,0,0.00000,13
0.20733,0.28720,5691.51514,0.22949,13802,1,0.18785,0.26463,1,0.17708,0.21976,1,0.18247,0.24220,1,0.33916,0.67773,18.08923,1.09027,1,0.58597,0.66580,17.05730,1.09027,1,-0.04030,-0.03828,0.67692,0.00398,1,0.02299,-0.03591,0.67523,0.00361,1,0,0.00000,13
0.20694,0.28541,5691.51514,0.23486,13802,1,0.18888,0.25328,1,0.19760,0.19227,1,0.19324,0.22277,1,0.33922,0.67768,18.19608,1.09027,1,0.58595,0.66557,17.44482,1.09027,1,-0.04030,-0.03828,0.67692,0.00395,1,0.02299,-0.03591,0.67523,0.00365,1,0,0.00000,13
0.20682,0.28435,5691.51514,0.24170,13802,1,0.19128,0.24822,1,0.21356,0.24405,1,0.20242,0.24614,1,0.33922,0.67768,18.19608,1.09027,1,0.58594,0.66573,17.16014,1.09027,1,-0.04030,-0.03828,0.67692,0.00395,1,0.02299,-0.03591,0.67523,0.00361,1,0,0.00000,13
0.20670,0.28334,5691.51514,0.24805,13802,1,0.19128,0.24822,1,0.21356,0.24405,1,0.20242,0.24614,1,0.33922,0.67767,18.15661,1.09027,1,0.58593,0.66572,17.16939,1.09027,1,-0.04030,-0.03828,0.67692,0.00399,1,0.02299,-0.03591,0.67523,0.00366,1,0,0.00000,13
0.20679,0.28256,5691.51514,0.25488,13802,1,0.19102,0.27012,1,0.22962,0.23544,1,0.21032,0.25278,1,0.33926,0.67766,18.16782,1.09027,1,0.58593,0.66566,17.16215,1.09027,1,-0.04030,-0.03828,0.67692,0.00395,1,0.02299,-0.03591,0.67523,0.00367,1,0,0.00000,13
0.20677,0.28155,5691.51514,0.26123,13802,1,0.18839,0.25052,1,0.22338,0.23386,1,0.20588,0.24219,1,0.33925,0.67774,18.02135,1.09027,1,0.58593,0.66572,17.16939,1.09027,1,-0.04030,-0.03828,0.67692,0.00393,1,0.02299,-0.03591,0.67523,0.00366,1,0,0.00000,13
0.20668,0.28043,5691.51514,0.26807,13802,1,0.18453,0.24448,1,0.22174,0.22665,1,0.20314,0.23556,1,0.33918,0.67773,18.05534,1.09923,1,0.58590,0.66570,17.34957,1.09923,1,-0.04173,-0.03959,0.70004,0.00399,1,0.02299,-0.03585,0.67523,0.00369,1,0,0.00000,13
0.20039,0.25228,5691.51514,0.26807,13802,0,0.18067,0.25115,1,0.21016,0.20898,1,0.19542,0.23007,1,0.33921,0.67770,18.09947,1.10819,1,0.58593,0.66571,17.29412,1.10819,1,-0.04173,-0.03959,0.70004,0.00397,1,0.02299,-0.03585,0.67523,0.00363,1,0,0.00000,13
0.19789,0.23302,5691.51514,0.26807,13802,0,0.17674,0.24972,1,0.21403,0.17782,1,0.19538,0.21377,1,0.33920,0.67771,18.06278,1.11715,1,0.58597,0.66580,17.32782,1.11715,1,-0.04173,-0.03959,0.70004,0.00391,1,0.02299,-0.03585,0.67523,0.00366,1,0,0.00000,13
0.19585,0.22309,5691.51514,0.26807,13802,0,0.17289,0.24383,1,0.21066,0.16263,1,0.19177,0.20323,1,0.33917,0.67781,18.32331,1.12611,1,0.58595,0.66570,17.24704,1.13527,1,-0.04173,-0.03959,0.70004,0.00390,1,0.02383,-0.03715,0.69855,0.00362,1,0,0.00000,13
0.19444,0.22445,5691.79004,0.02002,13803,1,0.16742,0.23273,1,0.21300,0.22433,1,0.19021,0.22853,1,0.33925,0.67787,18.35513,1.13527,1,0.58595,0.66577,16.97077,1.14444,1,-0.04173,-0.03959,0.70004,0.00390,1,0.02383,-0.03715,0.69855,0.00362,1,0,0.00000,13
0.19285,0.22151,5691.79004,0.02686,13803,1,0.16852,0.23867,1,0.20447,0.18085,1,0.18649,0.20976,1,0.33927,0.67789,18.47572,1.14444,1,0.58595,0.66577,16.97077,1.15361,1,-0.04173,-0.03959,0.70004,0.00389,1,0.02383,-0.03715,0.69855,0.00362,1,0,0.00000,13
0.19192,0.22015,5691.79004,0.03467,13803,1,0.16843,0.23854,1,0.20615,0.18810,1,0.18729,0.21332,1,0.33919,0.67799,18.30560,1.14465,1,0.58601,0.66587,17.19174,1.14465,1,-0.04030,-0.03828,0.67692,0.00398,1,0.02299,-0.03591,0.67523,0.00361,1,0,0.00000,13
0.19126,0.21725,5691.79004,0.04004,13803,1,0.16419,0.26082,1,0.21035,0.13896,1,0.18727,0.19989,1,0.33923,0.67813,18.66364,1.13569,1,0.58597,0.66600,17.44249,1.12652,1,-0.04030,-0.03828,0.67692,0.00393,1,0.02299,-0.03591,0.67523,0.00363,1,0,0.00000,13
0.19223,0.21678,5691.79004,0.04688,13803,1,0.16914,0.26207,1,0.22886,0.16481,1,0.19900,0.21344,1,0.33920,0.67816,18.57278,1.11756,1,0.58599,0.66599,17.47052,1.10840,1,-0.04030,-0.03828,0.67692,0.00394,1,0.02299,-0.03591,0.67523,0.00362,1,0,0.00000,13
0.19329,0.21717,5691.79004,0.05322,13803,1,0.17314,0.26801,1,0.23046,0.17265,1,0.20180,0.22033,1,0.33923,0.67812,18.57913,1.10840,1,0.58611,0.66608,17.65876,1.09923,1,-0.04173,-0.03959,0.70004,0.00394,1,0.02299,-0.03591,0.67523,0.00363,1,0,0.00000,13
0.19385,0.21741,5691.79004,0.06104,13803,1,0.19476,0.29967,1,0.20311,0.13944,1,0.19893,0.21955,1,0.33922,0.67820,18.35464,1.10819,1,0.58629,0.66617,17.53303,1.10819,1,-0.04173,-0.03959,0.70004,0.00394,1,0.02299,-0.03591,0.67523,0.00376,1,0,0.00000,13
0.19405,0.21426,5691.79004,0.06738,13803,1,0.18517,0.23040,1,0.20687,0.13520,1,0.19602,0.18280,1,0.33916,0.67834,18.45944,1.11715,1,0.58598,0.66608,17.51102,1.11715,1,-0.04173,-0.03959,0.70004,0.00397,1,0.02299,-0.03591,0.67523,0.00369,1,0,0.00000,13
0.19399,0.21106,5691.79004,0.07275,13803,1,0.18140,0.22437,1,0.20515,0.12733,1,0.19327,0.17585,1,0.33910,0.67824,18.05789,1.12611,1,0.58606,0.66583,17.65795,1.12611,1,-0.04173,-0.03969,0.70004,0.00399,1,0.02299,-0.03596,0.67523,0.00353,1,0,0.00000,13
0.19381,0.21020,5691.79004,0.08008,13803,1,0.17195,0.25014,1,0.21143,0.14960,1,0.19169,0.19987,1,0.33915,0.67841,18.26667,1.12611,1,0.58597,0.66641,17.23613,1.12611,1,-0.04173,-0.03969,0.70004,0.00401,1,0.02299,-0.03596,0.67523,0.00368,1,0,0.00000,13
0.19406,0.20938,5691.79004,0.08643,13803,1,0.19166,0.23993,1,0.20300,0.15753,1,0.19733,0.19873,1,0.33918,0.67845,18.25260,1.12611,1,0.58598,0.66631,17.60809,1.12611,1,-0.04173,-0.03969,0.70004,0.00398,1,0.02299,-0.03596,0.67523,0.00369,1,0,0.00000,13
0.19440,0.20886,5691.79004,0.09326,13803,1,0.19536,0.24587,1,0.20296,0.15735,1,0.19916,0.20161,1,0.33914,0.67842,18.08454,1.11715,1,0.58601,0.66608,17.63574,1.12631,1,-0.03997,-0.03812,0.67144,0.00404,1,0.02401,-0.03748,0.70388,0.00358,1,0,0.00000,13
0.19288,0.20858,5691.79004,0.10059,13803,1,0.17272,0.26208,1,0.16752,0.14664,1,0.17012,0.20436,1,0.33944,0.67825,17.60849,1.11736,1,0.58619,0.66628,17.57628,1.12652,1,-0.03997,-0.03812,0.67144,0.00391,1,0.02401,-0.03748,0.70388,0.00359,1,0,0.00000,13
0.19434,0.20735,5691.79004,0.10693,13803,1,0.19264,0.23159,1,0.24249,0.14383,1,0.21757,0.18771,1,0.33985,0.67843,18.22688,1.11756,1,0.58680,0.66623,17.22051,1.12673,1,-0.03997,-0.03812,0.67144,0.00391,1,0.02401,-0.03748,0.70388,0.00350,1,0,0.00000,13
0.19566,0.20647,5691.79004,0.11377,13803,1,0.19256,0.23145,1,0.24393,0.15153,1,0.21824,0.19149,1,0.34045,0.67828,18.22188,1.11777,1,0.58747,0.66619,17.43865,1.11777,1,-0.03993,-0.03817,0.67402,0.00387,1,0.02369,-0.03642,0.68394,0.00352,1,0,0.00000,13
0.20022,0.20650,5691.79004,0.12061,13803,1,0.27891,0.27029,1,0.28544,0.14354,1,0.28218,0.20691,1,0.34136,0.67771,17.75204,1.11777,1,0.58845,0.66580,17.45631,1.10861,1,-0.03993,-0.03817,0.67402,0.00375,1,0.02369,-0.03642,0.68394,0.00354,1,0,0.00000,13
0.20461,0.20619,5691.79004,0.12842,13803,1,0.26587,0.26612,1,0.31036,0.13464,1,0.28811,0.20038,1,0.34142,0.67771,17.71810,1.10861,1,0.58836,0.66589,17.55761,1.09944,1,-0.03993,-0.03817,0.67402,0.00388,1,0.02369,-0.03642,0.68394,0.00354,1,0,0.00000,13
0.20869,0.20625,5691.79004,0.13330,13803,1,0.26914,0.27220,1,0.31134,0.14273,1,0.29024,0.20747,1,0.34158,0.67771,18.24171,1.09944,1,0.58846,0.66581,17.60519,1.09027,1,-0.04009,-0.03837,0.67856,0.00382,1,0.02365,-0.03630,0.68261,0.00356,1,0,0.00000,13
0.21253,0.20571,5691.79004,0.14062,13803,1,0.29476,0.24833,1,0.29142,0.14038,1,0.29309,0.19436,1,0.34140,0.67776,18.10434,1.09027,1,0.58841,0.66587,17.71718,1.09027,1,-0.04009,-0.03837,0.67856,0.00385,1,0.02365,-0.03630,0.68261,0.00357,1,0,0.00000,13
0.21600,0.20573,5691.79004,0.14697,13803,1,0.28665,0.25348,1,0.29801,0.15872,1,0.29233,0.20610,1,0.34139,0.67778,18.17971,1.09027,1,0.58841,0.66587,17.71718,1.09027,1,-0.04009,-0.03837,0.67856,0.00382,1,0.02365,-0.03630,0.68261,0.00357,1,0,0.00000,13
0.24452,0.20094,5691.79004,0.14697,13803,0,0.28937,0.25893,1,0.29895,0.16559,1,0.29416,0.21226,1,0.34144,0.67753,17.62401,1.08237,1,0.58839,0.66580,17.62117,1.08237,1,-0.03903,-0.03731,0.65979,0.00389,1,0.02365,-0.03630,0.68261,0.00358,1,0,0.00000,13
0.27099,0.21032,5691.79004,0.14697,13803,0,0.28865,0.27418,1,0.30628,0.16524,1,0.29746,0.21971,1,0.34136,0.67757,17.59699,1.07446,1,0.58850,0.66571,17.58131,1.07446,1,-0.03903,-0.03731,0.65979,0.00392,1,0.02365,-0.03630,0.68261,0.00354,1,0,0.00000,13
0.27377,0.20452,5691.79004,0.14697,13803,0,0.25525,0.24791,1,0.30342,0.13788,1,0.27933,0.19290,1,0.34132,0.67753,17.65335,1.06656,1,0.58859,0.66562,17.17038,1.06656,1,-0.03903,-0.03731,0.65979,0.00386,1,0.02365,-0.03630,0.68261,0.00358,1,0,0.00000,13
0.27516,0.20161,5691.94434,0.02100,13804,1,0.25525,0.24791,1,0.30342,0.13788,1,0.27933,0.19290,1,0.34135,0.67760,17.76434,1.06656,1,0.58853,0.66566,17.03399,1.06656,1,-0.04060,-0.03876,0.68536,0.00385,1,0.02365,-0.03630,0.68261,0.00360,1,0,0.00000,13
0.27920,0.20158,5691.94434,0.02637,13804,1,0.29259,0.26127,1,0.29806,0.14159,1,0.29533,0.20143,1,0.34135,0.67759,17.72568,1.07446,1,0.58843,0.66578,17.51030,1.07446,1,-0.04060,-0.03876,0.68536,0.00392,1,0.02365,-0.03630,0.68261,0.00355,1,0,0.00000,13
0.28067,0.20153,5691.94434,0.03418,13804,1,0.28542,0.24945,1,0.29067,0.15314,1,0.28805,0.20129,1,0.34137,0.67760,17.84801,1.08237,1,0.58837,0.66579,17.38874,1.08237,1,-0.04060,-0.03876,0.68536,0.00381,1,0.02365,-0.03630,0.68261,0.00357,1,0,0.00000,13
0.28146,0.20060,5691.94434,0.04102,13804,1,0.28268,0.24395,1,0.28968,0.14617,1,0.28618,0.19506,1,0.34137,0.67765,17.97109,1.09027,1,0.58848,0.66555,17.26459,1.09027,1,-0.03993,-0.03817,0.67402,0.00379,1,0.02369,-0.03642,0.68394,0.00351,1,0,0.00000,13
0.28151,0.19914,5691.94434,0.04785,13804,1,0.27075,0.24861,1,0.29301,0.12911,1,0.28188,0.18886,1,0.34135,0.67769,18.05432,1.09027,1,0.58842,0.66561,17.09779,1.09027,1,-0.03993,-0.03817,0.67402,0.00382,1,0.02369,-0.03642,0.68394,0.00359,1,0,0.00000,13
0.28071,0.19798,5691.94434,0.05469,13804,1,0.26376,0.25171,1,0.28479,0.12580,1,0.27428,0.18875,1,0.34142,0.67766,18.05387,1.09027,1,0.58854,0.66539,16.88449,1.09027,1,-0.03993,-0.03817,0.67402,0.00382,1,0.02369,-0.03642,0.68394,0.00371,1,0,0.00000,13
0.28012,0.19742,5691.94434,0.05957,13804,1,0.26376,0.25171,1,0.28584,0.13309,1,0.27480,0.19240,1,0.34137,0.67774,17.98773,1.09027,1,0.58837,0.66551,17.15920,1.08219,1,-0.03993,-0.03817,0.67402,0.00383,1,0.02299,-0.03536,0.66499,0.00367,1,0,0.00000,13
0.28012,0.19745,5691.94434,0.06689,13804,1,0.27365,0.25541,1,0.28664,0.14000,1,0.28015,0.19770,1,0.34134,0.67766,18.12101,1.08219,1,0.58832,0.66563,17.65574,1.07410,1,-0.03993,-0.03817,0.67402,0.00378,1,0.02299,-0.03536,0.66499,0.00356,1,0,0.00000,13
0.28022,0.20063,5691.94434,0.07373,13804,1,0.28664,0.27930,1,0.27596,0.19192,1,0.28130,0.23561,1,0.34127,0.67774,17.99581,1.07410,1,0.58830,0.66568,17.25998,1.06601,1,-0.03993,-0.03817,0.67402,0.00382,1,0.02299,-0.03536,0.66499,0.00350,1,0,0.00000,13
0.28045,0.20380,5691.94434,0.08154,13804,1,0.28947,0.28478,1,0.27710,0.19887,1,0.28329,0.24182,1,0.34127,0.67753,17.72972,1.06601,1,0.58837,0.66573,17.24303,1.05792,1,-0.03993,-0.03817,0.67402,0.00383,1,0.02299,-0.03536,0.66499,0.00356,1,0,0.00000,13
0.27971,0.20523,5691.94434,0.08691,13804,1,0.26897,0.28320,1,0.27103,0.16447,1,0.27000,0.22383,1,0.34125,0.67759,17.73782,1.05792,1,0.58843,0.66576,17.29676,1.05792,1,-0.03993,-0.03817,0.67402,0.00384,1,0.02299,-0.03536,0.66499,0.00356,1,0,0.00000,13
0.27890,0.20441,5691.94434,0.09473,13804,1,0.26337,0.22345,1,0.27198,0.16231,1,0.26768,0.19288,1,0.34120,0.67762,17.68592,1.05792,1,0.58836,0.66586,17.45268,1.05792,1,-0.03993,-0.03817,0.67402,0.00391,1,0.02299,-0.03536,0.66499,0.00353,1,0,0.00000,13
0.27820,0.20369,5691.94434,0.10107,13804,1,0.26337,0.22345,1,0.27198,0.16231,1,0.26768,0.19288,1,0.34112,0.67755,17.72439,1.05792,1,0.58837,0.66599,17.35769,1.05792,1,-0.04060,-0.03876,0.68536,0.00391,1,0.02299,-0.03536,0.66499,0.00354,1,0,0.00000,13
0.27745,0.20333,5691.94434,0.10693,13804,1,0.26306,0.22652,1,0.26788,0.16886,1,0.26547,0.19769,1,0.34116,0.67752,17.69476,1.05792,1,0.58840,0.66584,17.13784,1.05792,1,-0.04060,-0.03876,0.68536,0.00388,1,0.02299,-0.03536,0.66499,0.00355,1,0,0.00000,13
0.27694,0.20292,5691.94434,0.11377,13804,1,0.26320,0.21987,1,0.27315,0.17178,1,0.26817,0.19582,1,0.34117,0.67748,17.76937,1.05792,1,0.58833,0.66588,17.11272,1.05792,1,-0.04060,-0.03876,0.68536,0.00391,1,0.02299,-0.03536,0.66499,0.00353,1,0,0.00000,13
0.27641,0.20214,5691.94434,0.12061,13804,1,0.26320,0.21987,1,0.27066,0.15650,1,0.26693,0.18818,1,0.34117,0.67762,17.99820,1.05792,1,0.58825,0.66588,17.03940,1.07518,1,-0.04060,-0.03876,0.68536,0.00386,1,0.02439,-0.03757,0.70554,0.00359,1,0,0.00000,13
0.27537,0.20180,5691.94434,0.12744,13804,1,0.24969,0.25251,1,0.26166,0.13808,1,0.25568,0.19529,1,0.34108,0.67761,17.99451,1.07518,1,0.58830,0.66564,17.17809,1.09243,1,-0.04060,-0.03876,0.68536,0.00388,1,0.02439,-0.03757,0.70554,0.00366,1,0,0.00000,13
0.27531,0.20094,5691.94434,0.13379,13804,1,0.28781,0.21194,1,0.26041,0.15568,1,0.27411,0.18381,1,0.34099,0.67770,18.12828,1.09243,1,0.58816,0.66599,17.33299,1.10969,1,-0.04060,-0.03876,0.68536,0.00392,1,0.02439,-0.03757,0.70554,0.00356,1,0,0.00000,13
0.27500,0.19940,5691.94434,0.14014,13804,1,0.27887,0.19309,1,0.25789,0.14102,1,0.26838,0.16706,1,0.34109,0.67749,18.19673,1.11864,1,0.58819,0.66600,17.38614,1.12673,1,-0.04151,-0.03958,0.69991,0.00387,1,0.02356,-0.03637,0.68296,0.00354,1,0,0.00000,13
0.27514,0.19632,5691.94434,0.14795,13804,1,0.26986,0.14892,1,0.28652,0.10817,1,0.27819,0.12854,1,0.34105,0.67758,18.25972,1.13569,1,0.58813,0.66586,17.39441,1.12652,1,-0.04151,-0.03958,0.69991,0.00379,1,0.02356,-0.03637,0.68296,0.00358,1,0,0.00000,13
0.27557,0.19516,5691.94434,0.15332,13804,1,0.25903,0.21328,1,0.31177,0.12384,1,0.28540,0.16856,1,0.34106,0.67755,18.09507,1.13548,1,0.58809,0.66586,17.29279,1.12632,1,-0.04151,-0.03958,0.69991,0.00381,1,0.02356,-0.03637,0.68296,0.00355,1,0,0.00000,13
0.27594,0.19395,5691.94434,0.15967,13804,1,0.25910,0.21343,1,0.31085,0.11603,1,0.28497,0.16473,1,0.34091,0.67780,18.80758,1.13527,1,0.58812,0.66578,17.13999,1.13527,1,-0.04215,-0.04008,0.70878,0.00378,1,0.02395,-0.03705,0.69579,0.00357,1,0,0.00000,13
0.27599,0.19128,5691.94434,0.16699,13804,1,0.25355,0.19658,1,0.30065,0.05265,1,0.27710,0.12461,1,0.34082,0.67771,18.34417,1.13527,1,0.58777,0.66567,16.94601,1.14444,1,-0.04215,-0.04008,0.70878,0.00379,1,0.02395,-0.03705,0.69579,0.00351,1,0,0.00000,13
0.27601,0.18886,5691.94434,0.17383,13804,1,0.24271,0.20121,1,0.31052,0.05088,1,0.27661,0.12605,1,0.34074,0.67768,18.32590,1.14444,1,0.58770,0.66540,16.64382,1.15361,1,-0.04215,-0.04008,0.70878,0.00384,1,0.02395,-0.03705,0.69579,0.00344,1,0,0.00000,13
0.27596,0.18636,5691.94434,0.18115,13804,1,0.23938,0.19490,1,0.30960,0.04249,1,0.27449,0.11869,1,0.34084,0.67766,18.31701,1.15361,1,0.58777,0.66574,17.14250,1.16277,1,-0.04215,-0.04008,0.70878,0.00381,1,0.02391,-0.03694,0.69470,0.00354,1,0,0.00000,13
0.27387,0.15609,5691.94434,0.18115,13804,0,0.26542,0.20021,1,0.28738,0.02325,1,0.27640,0.11173,1,0.34073,0.67771,18.30247,1.16277,1,0.58770,0.66548,16.77435,1.16277,1,-0.04215,-0.04008,0.70878,0.00390,1,0.02391,-0.03694,0.69470,0.00347,1,0,0.00000,13
0.27538,0.13192,5691.94434,0.18115,13804,0,0.26422,0.18742,1,0.28957,0.02808,1,0.27689,0.10775,1,0.34072,0.67771,18.28610,1.16277,1,0.58770,0.66552,16.87051,1.16277,1,-0.04215,-0.04008,0.70878,0.00391,1,0.02391,-0.03694,0.69470,0.00352,1,0,0.00000,13
0.27675,0.12771,5691.94434,0.18115,13804,0,0.26726,0.19362,1,0.29169,0.04493,1,0.27947,0.11928,1,0.34063,0.67768,18.49074,1.15382,1,0.58768,0.66542,16.53912,1.14465,1,-0.04215,-0.04008,0.70878,0.00386,1,0.02301,-0.03563,0.66999,0.00360,1,0,0.00000,13
0.27585,0.13527,5692.13086,0.02051,13805,1,0.25461,0.19172,1,0.29174,0.12418,1,0.27318,0.15795,1,0.34068,0.67787,18.46974,1.13569,1,0.58765,0.66540,16.86354,1.12652,1,-0.04215,-0.04008,0.70878,0.00390,1,0.02301,-0.03563,0.66999,0.00353,1,0,0.00000,13
0.27461,0.14170,5692.13086,0.02783,13805,1,0.26329,0.20680,1,0.27602,0.12803,1,0.26966,0.16742,1,0.34066,0.67774,18.62037,1.11757,1,0.58762,0.66540,17.04310,1.10840,1,-0.04215,-0.04008,0.70878,0.00389,1,0.02301,-0.03563,0.66999,0.00354,1,0,0.00000,13
0.27453,0.14839,5692.13086,0.03369,13805,1,0.26972,0.21959,1,0.27847,0.14407,1,0.27410,0.18183,1,0.34066,0.67758,18.23442,1.09944,1,0.58759,0.66526,16.85260,1.09027,1,-0.04215,-0.04008,0.70878,0.00391,1,0.02301,-0.03563,0.66999,0.00354,1,0,0.00000,13
0.27436,0.15086,5692.13086,0.04053,13805,1,0.26952,0.21224,1,0.27717,0.11919,1,0.27335,0.16571,1,0.34060,0.67744,17.85231,1.09027,1,0.58756,0.66528,16.94352,1.09027,1,-0.04215,-0.04008,0.70878,0.00400,1,0.02301,-0.03563,0.66999,0.00352,1,0,0.00000,13
0.27391,0.15243,5692.13086,0.04785,13805,1,0.26449,0.20349,1,0.27703,0.12331,1,0.27076,0.16340,1,0.34045,0.67735,17.50447,1.09027,1,0.58752,0.66515,16.96740,1.09027,1,-0.04215,-0.04008,0.70878,0.00402,1,0.02301,-0.03563,0.66999,0.00357,1,0,0.00000,13
0.27356,0.15365,5692.13086,0.05420,13805,1,0.26449,0.20349,1,0.27703,0.12331,1,0.27076,0.16340,1,0.34038,0.67738,17.47886,1.09027,1,0.58740,0.66507,17.37358,1.09027,1,-0.04215,-0.04008,0.70878,0.00396,1,0.02336,-0.03611,0.68010,0.00352,1,0,0.00000,13
0.27242,0.15309,5692.13086,0.06152,13805,1,0.25933,0.19037,1,0.26495,0.10574,1,0.26214,0.14805,1,0.34041,0.67729,17.48941,1.09027,1,0.58735,0.66510,17.13658,1.09027,1,-0.04215,-0.04008,0.70878,0.00397,1,0.02336,-0.03611,0.68010,0.00352,1,0,0.00000,13
0.27110,0.15323,5692.13086,0.06787,13805,1,0.25550,0.20598,1,0.26030,0.10338,1,0.25790,0.15468,1,0.34034,0.67720,17.65131,1.09027,1,0.58739,0.66508,17.01495,1.09027,1,-0.04215,-0.04008,0.70878,0.00394,1,0.02336,-0.03611,0.68010,0.00346,1,0,0.00000,13
0.26975,0.15239,5692.13086,0.07568,13805,1,0.25219,0.19953,1,0.25759,0.08663,1,0.25489,0.14308,1,0.34035,0.67707,17.84359,1.09923,1,0.58738,0.66512,17.12382,1.10840,1,-0.04215,-0.04008,0.70878,0.00391,1,0.02496,-0.03863,0.72846,0.00345,1,0,0.00000,13
0.26929,0.14820,5692.13086,0.08252,13805,1,0.23783,0.14501,1,0.28966,0.05094,1,0.26374,0.09797,1,0.34035,0.67704,17.87753,1.11736,1,0.58742,0.66503,17.31922,1.12652,1,-0.04215,-0.04008,0.70878,0.00388,1,0.02496,-0.03863,0.72846,0.00349,1,0,0.00000,13
0.27028,0.14477,5692.13086,0.08789,13805,1,0.27275,0.15164,1,0.29361,0.04859,1,0.28318,0.10012,1,0.34018,0.67698,17.65152,1.13548,1,0.58739,0.66514,17.44600,1.14465,1,-0.04215,-0.04008,0.70878,0.00394,1,0.02496,-0.03863,0.72846,0.00349,1,0,0.00000,13
0.27086,0.14078,5692.13086,0.09521,13805,1,0.26660,0.13829,1,0.29152,0.03180,1,0.27906,0.08504,1,0.34023,0.67712,18.02121,1.15361,1,0.58732,0.66503,17.54394,1.16277,1,-0.04215,-0.04008,0.70878,0.00386,1,0.02413,-0.03729,0.70425,0.00350,1,0,0.00000,13
0.27021,0.13621,5692.13086,0.10156,13805,1,0.24938,0.11244,1,0.27132,0.02271,1,0.26035,0.06758,1,0.34024,0.67704,17.91819,1.16277,1,0.58751,0.66505,16.98811,1.16277,1,-0.04215,-0.04008,0.70878,0.00390,1,0.02413,-0.03729,0.70425,0.00351,1,0,0.00000,13
0.26981,0.13114,5692.13086,0.10889,13805,1,0.24696,0.10954,1,0.27996,-0.00959,1,0.26346,0.04998,1,0.34026,0.67696,17.72721,1.16277,1,0.58741,0.66496,17.18001,1.16277,1,-0.04215,-0.04008,0.70878,0.00394,1,0.02413,-0.03729,0.70425,0.00353,1,0,0.00000,13
0.26946,0.12663,5692.13086,0.11475,13805,1,0.24696,0.10954,1,0.27996,-0.00959,1,0.26346,0.04998,1,0.34018,0.67692,17.75788,1.16277,1,0.58736,0.66498,17.30537,1.16277,1,-0.04215,-0.04008,0.70878,0.00391,1,0.02413,-0.03729,0.70425,0.00352,1,0,0.00000,13
0.26894,0.12489,5692.13086,0.12158,13805,1,0.24375,0.17257,1,0.27539,0.01479,1,0.25957,0.09368,1,0.34013,0.67693,17.76919,1.16277,1,0.58722,0.66494,17.34452,1.16277,1,-0.04215,-0.04008,0.70878,0.00394,1,0.02413,-0.03729,0.70425,0.00357,1,0,0.00000,13
0.26783,0.12345,5692.13086,0.12793,13805,1,0.23670,0.11174,1,0.25707,0.08017,1,0.24689,0.09596,1,0.34041,0.67696,17.80509,1.16277,1,0.58747,0.66501,17.40211,1.16277,1,-0.04215,-0.04008,0.70878,0.00392,1,0.02413,-0.03729,0.70425,0.00349,1,0,0.00000,13
0.26694,0.12249,5692.13086,0.13477,13805,1,0.23992,0.11842,1,0.25836,0.08812,1,0.24914,0.10327,1,0.34069,0.67680,17.88537,1.15382,1,0.58755,0.66480,17.09787,1.15382,1,-0.04004,-0.03803,0.67425,0.00384,1,0.02395,-0.03689,0.69579,0.00360,1,0,0.00000,13
0.27084,0.09601,5692.13086,0.13477,13805,0,0.35889,0.13907,1,0.37791,0.08250,1,0.36840,0.11078,1,0.34181,0.67654,17.76684,1.14486,1,0.58914,0.66510,16.85973,1.14486,1,-0.04004,-0.03803,0.67425,0.00390,1,0.02395,-0.03689,0.69579,0.00351,1,0,0.00000,13
0.33326,0.09933,5692.13086,0.13477,13805,0,0.36963,0.13527,1,0.42174,0.07004,1,0.39568,0.10266,1,0.34248,0.67626,17.69936,1.13590,1,0.58934,0.66523,17.17228,1.13590,1,-0.04004,-0.03803,0.67425,0.00379,1,0.02395,-0.03689,0.69579,0.00348,1,0,0.00000,13
0.35447,0.10294,5692.13086,0.13477,13805,0,0.37195,0.14216,1,0.42184,0.07812,1,0.39690,0.11014,1,0.34319,0.67621,18.14198,1.12694,1,0.59020,0.66506,17.22239,1.12694,1,-0.03975,-0.03794,0.67446,0.00381,1,0.02456,-0.03735,0.70439,0.00347,1,0,0.00000,13
0.39821,0.11151,5692.13086,0.13477,13805,0,0.39814,0.17702,1,0.40594,0.06644,1,0.40204,0.12173,1,0.34348,0.67611,18.14520,1.12694,1,0.59048,0.66500,17.11502,1.12694,1,-0.03975,-0.03794,0.67446,0.00385,1,0.02456,-0.03735,0.70439,0.00356,1,0,0.00000,13
0.39807,0.11322,5692.13086,0.13477,13805,0,0.39713,0.17086,1,0.39873,0.05900,1,0.39793,0.11493,1,0.34338,0.67605,18.10290,1.12694,1,0.59055,0.66496,17.19526,1.12694,1,-0.03975,-0.03794,0.67446,0.00385,1,0.02456,-0.03735,0.70439,0.00355,1,0,0.00000,13
0.39762,0.11129,5692.13086,0.13477,13805,0,0.39500,0.16413,1,0.39845,0.05075,1,0.39672,0.10744,1,0.34339,0.67600,17.90642,1.13590,1,0.59046,0.66501,17.22229,1.13590,1,-0.04159,-0.03979,0.70650,0.00384,1,0.02443,-0.03709,0.70054,0.00355,1,0,0.00000,13
0.39547,0.11020,5692.29248,0.02002,13806,1,0.38429,0.10371,1,0.39373,0.11015,1,0.38901,0.10693,1,0.34328,0.67601,18.21813,1.14486,1,0.59040,0.66499,17.31133,1.14486,1,-0.04159,-0.03979,0.70650,0.00382,1,0.02443,-0.03709,0.70054,0.00355,1,0,0.00000,13
0.39421,0.10922,5692.29248,0.02686,13806,1,0.38568,0.10464,1,0.39264,0.10593,1,0.38916,0.10528,1,0.34332,0.67595,18.10406,1.15382,1,0.59045,0.66482,17.48687,1.15382,1,-0.04159,-0.03979,0.70650,0.00382,1,0.02443,-0.03709,0.70054,0.00354,1,0,0.00000,13
0.39319,0.10799,5692.29248,0.03467,13806,1,0.38353,0.09762,1,0.39265,0.10611,1,0.38809,0.10186,1,0.34325,0.67601,18.06244,1.16277,1,0.59035,0.66475,17.41832,1.15361,1,-0.04159,-0.03979,0.70650,0.00388,1,0.02385,-0.03614,0.68258,0.00352,1,0,0.00000,13
0.39188,0.10781,5692.29248,0.03955,13806,1,0.38002,0.13583,1,0.38804,0.07766,1,0.38403,0.10674,1,0.34332,0.67601,18.10119,1.15361,1,0.59037,0.66477,17.48820,1.14444,1,-0.04159,-0.03979,0.70650,0.00389,1,0.02385,-0.03614,0.68258,0.00352,1,0,0.00000,13
0.39106,0.10933,5692.29248,0.04688,13806,1,0.37830,0.14882,1,0.39239,0.09104,1,0.38534,0.11993,1,0.34333,0.67596,18.05046,1.14444,1,0.59046,0.66481,17.50575,1.13527,1,-0.04159,-0.03979,0.70650,0.00388,1,0.02385,-0.03614,0.68258,0.00355,1,0,0.00000,13
0.39071,0.11216,5692.29248,0.05420,13806,1,0.38283,0.16250,1,0.39304,0.10711,1,0.38793,0.13480,1,0.34331,0.67602,18.19322,1.12632,1,0.59049,0.66483,17.44590,1.11715,1,-0.03991,-0.03814,0.67715,0.00380,1,0.02385,-0.03614,0.68258,0.00358,1,0,0.00000,13
0.39053,0.11530,5692.29248,0.06006,13806,1,0.39008,0.14726,1,0.38773,0.13981,1,0.38891,0.14353,1,0.34330,0.67599,18.16469,1.10819,1,0.59040,0.66480,17.34626,1.10819,1,-0.03991,-0.03814,0.67715,0.00387,1,0.02385,-0.03614,0.68258,0.00356,1,0,0.00000,13
0.39067,0.11757,5692.29248,0.06836,13806,1,0.39264,0.17289,1,0.39132,0.10766,1,0.39198,0.14027,1,0.34329,0.67600,18.13818,1.09923,1,0.59047,0.66485,17.41158,1.09923,1,-0.03991,-0.03814,0.67715,0.00387,1,0.02385,-0.03614,0.68258,0.00357,1,0,0.00000,13
0.39088,0.12008,5692.29248,0.07471,13806,1,0.39486,0.17976,1,0.39166,0.11573,1,0.39326,0.14775,1,0.34332,0.67576,18.04571,1.09027,1,0.59044,0.66456,17.17102,1.09027,1,-0.03975,-0.03794,0.67446,0.00389,1,0.02385,-0.03614,0.68258,0.00368,1,0,0.00000,13
0.39054,0.12198,5692.29248,0.08008,13806,1,0.38735,0.16815,1,0.38555,0.12148,1,0.38645,0.14482,1,0.34329,0.67571,17.93739,1.09027,1,0.59038,0.66464,17.42416,1.09027,1,-0.03975,-0.03794,0.67446,0.00387,1,0.02385,-0.03614,0.68258,0.00355,1,0,0.00000,13
0.39020,0.12272,5692.29248,0.08643,13806,1,0.37945,0.16226,1,0.39196,0.10231,1,0.38571,0.13228,1,0.34318,0.67553,17.23199,1.09027,1,0.59038,0.66473,17.47241,1.09027,1,-0.03975,-0.03794,0.67446,0.00400,1,0.02385,-0.03614,0.68258,0.00359,1,0,0.00000,13
0.38990,0.12336,5692.29248,0.09375,13806,1,0.37945,0.16226,1,0.39196,0.10231,1,0.38571,0.13228,1,0.34309,0.67545,17.59597,1.09027,1,0.59043,0.66474,17.66855,1.09027,1,-0.03975,-0.03794,0.67446,0.00396,1,0.02385,-0.03614,0.68258,0.00358,1,0,0.00000,13
0.38932,0.12340,5692.29248,0.10059,13806,1,0.38391,0.13018,1,0.37730,0.11779,1,0.38061,0.12398,1,0.34318,0.67533,17.39440,1.09027,1,0.59033,0.66450,17.72327,1.09027,1,-0.03975,-0.03794,0.67446,0.00398,1,0.02385,-0.03614,0.68258,0.00357,1,0,0.00000,13
0.38873,0.12371,5692.29248,0.10693,13806,1,0.37109,0.13917,1,0.38770,0.11821,1,0.37940,0.12869,1,0.34314,0.67536,17.53774,1.09027,1,0.59036,0.66455,17.57120,1.09027,1,-0.03975,-0.03794,0.67446,0.00396,1,0.02385,-0.03614,0.68258,0.00365,1,0,0.00000,13
0.38821,0.12398,5692.29248,0.11523,13806,1,0.37109,0.13917,1,0.38770,0.11821,1,0.37940,0.12869,1,0.34307,0.67538,17.50774,1.09027,1,0.59022,0.66461,17.92346,1.09027,1,-0.03975,-0.03794,0.67446,0.00398,1,0.02385,-0.03614,0.68258,0.00363,1,0,0.00000,13
0.38780,0.12524,5692.29248,0.12256,13806,1,0.38255,0.20777,1,0.37822,0.08807,1,0.38038,0.14792,1,0.34315,0.67528,17.37420,1.09027,1,0.59021,0.66433,17.15135,1.09027,1,-0.03975,-0.03794,0.67446,0.00396,1,0.02385,-0.03614,0.68258,0.00363,1,0,0.00000,13
0.38768,0.12656,5692.29248,0.12793,13806,1,0.37843,0.19894,1,0.39234,0.10427,1,0.38539,0.15160,1,0.34306,0.67535,17.28547,1.09027,1,0.59020,0.66430,17.11545,1.09027,1,-0.03975,-0.03794,0.67446,0.00392,1,0.02385,-0.03614,0.68258,0.00362,1,0,0.00000,13
0.38756,0.12756,5692.29248,0.13428,13806,1,0.37843,0.19894,1,0.39200,0.09592,1,0.38522,0.14743,1,0.34309,0.67530,17.57595,1.09027,1,0.59017,0.66458,17.86019,1.09944,1,-0.03975,-0.03794,0.67446,0.00388,1,0.02443,-0.03709,0.70054,0.00363,1,0,0.00000,13
0.38852,0.12597,5692.29248,0.14062,13806,1,0.39564,0.11678,1,0.42146,0.06852,1,0.40855,0.09265,1,0.34305,0.67530,17.55667,1.09944,1,0.59018,0.66452,17.91694,1.10861,1,-0.03975,-0.03794,0.67446,0.00395,1,0.02443,-0.03709,0.70054,0.00368,1,0,0.00000,13
0.38924,0.12365,5692.29248,0.14746,13806,1,0.40069,0.12198,1,0.40971,0.02335,1,0.40520,0.07266,1,0.34308,0.67532,17.42402,1.10861,1,0.59022,0.66459,18.02847,1.11777,1,-0.03975,-0.03794,0.67446,0.00395,1,0.02443,-0.03709,0.70054,0.00364,1,0,0.00000,13
0.38981,0.12104,5692.29248,0.15625,13806,1,0.39637,0.10741,1,0.40952,0.01475,1,0.40295,0.06108,1,0.34305,0.67536,17.71889,1.12673,1,0.59024,0.66429,17.18060,1.12673,1,-0.04092,-0.03895,0.69337,0.00393,1,0.02375,-0.03614,0.68251,0.00366,1,0,0.00000,13
0.39040,0.11945,5692.29248,0.16064,13806,1,0.39453,0.10921,1,0.41456,0.05300,1,0.40455,0.08110,1,0.34310,0.67531,17.74103,1.13569,1,0.59015,0.66450,18.04969,1.12652,1,-0.04092,-0.03895,0.69337,0.00392,1,0.02375,-0.03614,0.68251,0.00363,1,0,0.00000,13
0.39015,0.11757,5692.29248,0.16943,13806,1,0.39181,0.09196,1,0.37603,0.04918,1,0.38392,0.07057,1,0.34308,0.67532,17.78543,1.13548,1,0.59016,0.66438,17.86494,1.12632,1,-0.04092,-0.03895,0.69337,0.00388,1,0.02375,-0.03614,0.68251,0.00371,1,0,0.00000,13
0.38991,0.11549,5692.29248,0.17383,13806,1,0.39186,0.09212,1,0.37507,0.03105,1,0.38346,0.06159,1,0.34302,0.67531,17.75064,1.13527,1,0.59016,0.66444,17.92383,1.14575,1,-0.04092,-0.03895,0.69337,0.00392,1,0.02548,-0.03877,0.73219,0.00368,1,0,0.00000,13
0.39002,0.11261,5692.29248,0.18115,13806,1,0.37626,0.07810,1,0.41003,-0.00847,1,0.39314,0.03482,1,0.34302,0.67531,17.91231,1.14575,1,0.59013,0.66434,18.12095,1.16539,1,-0.04092,-0.03895,0.69337,0.00389,1,0.02548,-0.03877,0.73219,0.00368,1,0,0.00000,13
0.39046,0.10946,5692.29248,0.18750,13806,1,0.39564,0.05658,1,0.41006,-0.01405,1,0.40285,0.02126,1,0.34303,0.67538,17.67555,1.16539,1,0.59011,0.66436,18.12993,1.18504,1,-0.04092,-0.03895,0.69337,0.00386,1,0.02548,-0.03877,0.73219,0.00370,1,0,0.00000,13
0.39467,0.07890,5692.29248,0.18750,13806,0,0.39113,0.04056,1,0.40966,-0.03246,1,0.40040,0.00405,1,0.34303,0.67534,17.83041,1.18504,1,0.59020,0.66438,18.16451,1.20468,1,-0.04091,-0.03889,0.69325,0.00388,1,0.02548,-0.03877,0.73219,0.00371,1,0,0.00000,13
0.39028,0.03939,5692.29248,0.18750,13806,0,0.36851,0.03130,1,0.40328,-0.03155,1,0.38589,-0.00012,1,0.34305,0.67538,17.75987,1.20468,1,0.59011,0.66442,17.91869,1.20468,1,-0.04091,-0.03889,0.69325,0.00389,1,0.02548,-0.03877,0.73219,0.00375,1,0,0.00000,13
0.38904,0.03047,5692.29248,0.18750,13806,0,0.37102,0.03949,1,0.40209,-0.01419,1,0.38655,0.01265,1,0.34308,0.67540,17.41398,1.20468,1,0.59021,0.66452,18.27003,1.20468,1,-0.04091,-0.03889,0.69325,0.00388,1,0.02548,-0.03877,0.73219,0.00372,1,0,0.00000,13
0.38845,0.02723,5692.48682,0.02002,13807,1,0.37102,0.03949,1,0.40237,-0.00452,1,0.38669,0.01748,1,0.34311,0.67541,17.44730,1.20468,1,0.59015,0.66449,17.98619,1.19420,1,-0.04092,-0.03895,0.69337,0.00387,1,0.02427,-0.03701,0.69904,0.00370,1,0,0.00000,13
0.38960,0.02620,5692.48682,0.02686,13807,1,0.37585,0.07194,1,0.41256,-0.02778,1,0.39420,0.02208,1,0.34304,0.67548,17.60631,1.19420,1,0.59009,0.66462,18.12200,1.18373,1,-0.04092,-0.03895,0.69337,0.00386,1,0.02427,-0.03701,0.69904,0.00373,1,0,0.00000,13
0.38937,0.02814,5692.48682,0.03369,13807,1,0.36817,0.06677,1,0.40823,0.00893,1,0.38820,0.03785,1,0.34304,0.67551,17.55026,1.18373,1,0.58999,0.66455,18.06721,1.17325,1,-0.04092,-0.03895,0.69337,0.00386,1,0.02427,-0.03701,0.69904,0.00371,1,0,0.00000,13
0.38940,0.03081,5692.48682,0.04053,13807,1,0.37077,0.07506,1,0.40846,0.01864,1,0.38962,0.04685,1,0.34298,0.67544,17.39233,1.17325,1,0.58995,0.66456,18.01361,1.16277,1,-0.04168,-0.03973,0.70624,0.00386,1,0.02427,-0.03701,0.69904,0.00369,1,0,0.00000,13
0.38890,0.03421,5692.48682,0.04688,13807,1,0.38478,0.10082,1,0.38598,0.01517,1,0.38538,0.05800,1,0.34311,0.67558,18.23174,1.16277,1,0.59006,0.66462,17.97319,1.16277,1,-0.04168,-0.03973,0.70624,0.00377,1,0.02427,-0.03701,0.69904,0.00364,1,0,0.00000,13
0.39162,0.03780,5692.48682,0.05371,13807,1,0.38589,0.10219,1,0.44095,0.03086,1,0.41342,0.06652,1,0.34295,0.67567,18.06782,1.16277,1,0.59001,0.66458,17.96124,1.16277,1,-0.04168,-0.03973,0.70624,0.00382,1,0.02427,-0.03701,0.69904,0.00369,1,0,0.00000,13
0.39380,0.04067,5692.48682,0.06006,13807,1,0.38589,0.10219,1,0.44095,0.03086,1,0.41342,0.06652,1,0.34295,0.67577,18.14222,1.16277,1,0.59003,0.66461,17.95535,1.16277,1,-0.04168,-0.03973,0.70624,0.00382,1,0.02427,-0.03701,0.69904,0.00369,1,0,0.00000,13
0.39531,0.04362,5692.48682,0.06689,13807,1,0.37777,0.11566,1,0.44302,0.03050,1,0.41040,0.07308,1,0.34306,0.67585,18.19600,1.16277,1,0.59005,0.66461,17.96515,1.16277,1,-0.04168,-0.03973,0.70624,0.00380,1,0.02427,-0.03701,0.69904,0.00370,1,0,0.00000,13
0.39627,0.04539,5692.48682,0.07373,13807,1,0.38370,0.10470,1,0.42984,0.02501,1,0.40677,0.06485,1,0.34308,0.67582,18.10394,1.16277,1,0.58991,0.66451,17.90967,1.16277,1,-0.04168,-0.03973,0.70624,0.00380,1,0.02427,-0.03701,0.69904,0.00368,1,0,0.00000,13
0.39708,0.04689,5692.48682,0.08008,13807,1,0.38370,0.10470,1,0.42984,0.02501,1,0.40677,0.06485,1,0.34313,0.67582,18.05662,1.16277,1,0.58995,0.66462,17.89215,1.16277,1,-0.04168,-0.03973,0.70624,0.00381,1,0.02427,-0.03701,0.69904,0.00369,1,0,0.00000,13
0.39754,0.04978,5692.48682,0.08691,13807,1,0.37666,0.11169,1,0.43060,0.06326,1,0.40363,0.08748,1,0.34323,0.67587,18.17393,1.16277,1,0.58999,0.66466,17.67195,1.16277,1,-0.04168,-0.03973,0.70624,0.00381,1,0.02427,-0.03701,0.69904,0.00368,1,0,0.00000,13
0.39848,0.05199,5692.48682,0.09375,13807,1,0.38571,0.13202,1,0.43759,0.03359,1,0.41165,0.08280,1,0.34317,0.67590,18.47332,1.16277,1,0.58992,0.66465,17.58067,1.16277,1,-0.04168,-0.03973,0.70624,0.00377,1,0.02427,-0.03701,0.69904,0.00370,1,0,0.00000,13
0.39931,0.05391,5692.48682,0.10010,13807,1,0.38571,0.13202,1,0.43759,0.03359,1,0.41165,0.08280,1,0.34317,0.67590,18.35111,1.16277,1,0.58995,0.66470,17.65980,1.16277,1,-0.04168,-0.03973,0.70624,0.00383,1,0.02427,-0.03712,0.69904,0.00371,1,0,0.00000,13
0.39998,0.05593,5692.48682,0.10889,13807,1,0.38415,0.11607,1,0.43745,0.06035,1,0.41080,0.08821,1,0.34318,0.67601,18.02955,1.16277,1,0.58984,0.66470,17.82719,1.16277,1,-0.04168,-0.03973,0.70624,0.00383,1,0.02427,-0.03712,0.69904,0.00366,1,0,0.00000,13
0.40050,0.05700,5692.48682,0.11523,13807,1,0.38870,0.11802,1,0.43002,0.03230,1,0.40936,0.07516,1,0.34312,0.67592,18.15213,1.16277,1,0.58974,0.66470,17.43005,1.16277,1,-0.04168,-0.03973,0.70624,0.00386,1,0.02427,-0.03712,0.69904,0.00369,1,0,0.00000,13
0.40103,0.05835,5692.48682,0.12207,13807,1,0.39082,0.12491,1,0.43007,0.04048,1,0.41044,0.08269,1,0.34313,0.67591,18.13253,1.15382,1,0.58994,0.66461,17.72918,1.15382,1,-0.03975,-0.03794,0.67446,0.00390,1,0.02427,-0.03712,0.69904,0.00370,1,0,0.00000,13
0.40097,0.05995,5692.48682,0.12744,13807,1,0.39582,0.13734,1,0.40410,0.04349,1,0.39996,0.09042,1,0.34321,0.67599,17.98288,1.14486,1,0.59009,0.66461,18.07937,1.14486,1,-0.03975,-0.03794,0.67446,0.00386,1,0.02427,-0.03712,0.69904,0.00371,1,0,0.00000,13
0.40115,0.06174,5692.48682,0.13330,13807,1,0.40135,0.14102,1,0.40782,0.05380,1,0.40459,0.09741,1,0.34320,0.67598,18.05674,1.13590,1,0.59006,0.66458,17.85040,1.13590,1,-0.03975,-0.03794,0.67446,0.00385,1,0.02427,-0.03712,0.69904,0.00367,1,0,0.00000,13
0.40135,0.06370,5692.48682,0.14014,13807,1,0.40343,0.14792,1,0.40803,0.06202,1,0.40573,0.10497,1,0.34325,0.67596,18.03390,1.12694,1,0.59009,0.66451,18.10804,1.12694,1,-0.04043,-0.03864,0.68594,0.00384,1,0.02427,-0.03701,0.69904,0.00362,1,0,0.00000,13
0.40083,0.06608,5692.48682,0.14697,13807,1,0.36764,0.15814,1,0.41112,0.07852,1,0.38938,0.11833,1,0.34321,0.67582,18.15108,1.12694,1,0.59005,0.66453,17.88388,1.12694,1,-0.04043,-0.03864,0.68594,0.00392,1,0.02427,-0.03701,0.69904,0.00364,1,0,0.00000,13
0.39953,0.06742,5692.48682,0.15381,13807,1,0.37033,0.12910,1,0.36879,0.06730,1,0.36956,0.09820,1,0.34330,0.67585,17.99718,1.12694,1,0.59019,0.66456,18.08004,1.12694,1,-0.04043,-0.03864,0.68594,0.00385,1,0.02427,-0.03701,0.69904,0.00365,1,0,0.00000,13
0.39834,0.06882,5692.48682,0.16162,13807,1,0.37033,0.12910,1,0.36930,0.07570,1,0.36981,0.10240,1,0.34328,0.67580,18.14095,1.12694,1,0.59023,0.66458,18.11005,1.11777,1,-0.03975,-0.03794,0.67446,0.00389,1,0.02319,-0.03534,0.66648,0.00365,1,0,0.00000,13
0.39752,0.07025,5692.48682,0.16699,13807,1,0.38402,0.14767,1,0.37003,0.06437,1,0.37703,0.10602,1,0.34333,0.67587,18.05696,1.11777,1,0.59030,0.66454,17.93558,1.10861,1,-0.03975,-0.03794,0.67446,0.00385,1,0.02319,-0.03534,0.66648,0.00365,1,0,0.00000,13
0.39597,0.09812,5692.48682,0.16699,13807,0,0.39870,0.16304,1,0.38784,0.09854,1,0.39327,0.13079,1,0.34330,0.67578,18.17926,1.10861,1,0.59022,0.66458,17.90635,1.09944,1,-0.03975,-0.03794,0.67446,0.00390,1,0.02319,-0.03534,0.66648,0.00365,1,0,0.00000,13
0.39526,0.11830,5692.48682,0.16699,13807,0,0.40091,0.17010,1,0.38822,0.10687,1,0.39456,0.13849,1,0.34352,0.67583,18.35635,1.09944,1,0.59020,0.66455,17.87751,1.09027,1,-0.03975,-0.03794,0.67446,0.00379,1,0.02375,-0.03614,0.68251,0.00364,1,0,0.00000,13
0.39679,0.12198,5692.48682,0.16699,13807,0,0.41013,0.16501,1,0.38957,0.09364,1,0.39985,0.12933,1,0.34344,0.67571,18.48350,1.09027,1,0.59038,0.66449,17.85019,1.09027,1,-0.03975,-0.03794,0.67446,0.00380,1,0.02375,-0.03614,0.68251,0.00369,1,0,0.00000,13
0.39968,0.12240,5692.66211,0.02002,13808,1,0.41613,0.15096,1,0.40057,0.09635,1,0.40835,0.12366,1,0.34350,0.67568,18.57583,1.09027,1,0.59038,0.66449,17.85019,1.09027,1,-0.03975,-0.03794,0.67446,0.00379,1,0.02375,-0.03614,0.68251,0.00369,1,0,0.00000,13
0.40142,0.12265,5692.66211,0.02539,13808,1,0.41613,0.15096,1,0.40057,0.09635,1,0.40835,0.12366,1,0.34354,0.67566,18.31078,1.09027,1,0.59035,0.66448,17.83289,1.09027,1,-0.03975,-0.03794,0.67446,0.00383,1,0.02385,-0.03614,0.68258,0.00369,1,0,0.00000,13
0.40469,0.12317,5692.66211,0.03223,13808,1,0.42710,0.14766,1,0.41500,0.10384,1,0.42105,0.12575,1,0.34366,0.67564,18.25503,1.09027,1,0.59051,0.66451,18.04391,1.09027,1,-0.03975,-0.03794,0.67446,0.00388,1,0.02385,-0.03614,0.68258,0.00364,1,0,0.00000,13
0.40503,0.12323,5692.66211,0.03906,13808,1,0.39772,0.15948,1,0.41649,0.08776,1,0.40711,0.12362,1,0.34370,0.67564,18.29667,1.09027,1,0.59054,0.66464,17.82597,1.09027,1,-0.03975,-0.03794,0.67446,0.00388,1,0.02385,-0.03614,0.68258,0.00371,1,0,0.00000,13
0.40528,0.12275,5692.66211,0.04541,13808,1,0.39772,0.15948,1,0.41634,0.07928,1,0.40703,0.11938,1,0.34376,0.67552,18.25382,1.09027,1,0.59051,0.66453,17.72400,1.09944,1,-0.04013,-0.03840,0.68269,0.00388,1,0.02473,-0.03739,0.70614,0.00371,1,0,0.00000,13
0.40651,0.11785,5692.66211,0.05225,13808,1,0.39492,0.11978,1,0.43768,0.03754,1,0.41630,0.07866,1,0.34391,0.67552,18.08452,1.09944,1,0.59064,0.66440,17.85003,1.10861,1,-0.04013,-0.03840,0.68269,0.00388,1,0.02473,-0.03739,0.70614,0.00369,1,0,0.00000,13
0.40551,0.11324,5692.66211,0.05908,13808,1,0.39401,0.09960,1,0.39915,0.04397,1,0.39658,0.07178,1,0.34410,0.67513,17.21718,1.10861,1,0.59105,0.66434,18.01460,1.11777,1,-0.04013,-0.03840,0.68269,0.00396,1,0.02473,-0.03739,0.70614,0.00371,1,0,0.00000,13
0.40460,0.10913,5692.66211,0.06543,13808,1,0.39177,0.09207,1,0.39915,0.04397,1,0.39546,0.06802,1,0.34460,0.67534,17.91129,1.11777,1,0.59162,0.66465,18.33873,1.11777,1,-0.04036,-0.03892,0.69190,0.00386,1,0.02427,-0.03641,0.68568,0.00368,1,0,0.00000,13
0.41199,0.10620,5692.66211,0.07178,13808,1,0.45737,0.06877,1,0.52904,0.07910,1,0.49321,0.07393,1,0.34604,0.67503,17.90931,1.11777,1,0.59304,0.66442,17.83527,1.10861,1,-0.04036,-0.03892,0.69190,0.00397,1,0.02427,-0.03641,0.68568,0.00368,1,0,0.00000,13
0.42199,0.10551,5692.66211,0.07910,13808,1,0.51276,0.11936,1,0.57137,0.07524,1,0.54207,0.09730,1,0.34684,0.67479,17.45317,1.10861,1,0.59378,0.66458,17.57318,1.09944,1,-0.04036,-0.03892,0.69190,0.00398,1,0.02427,-0.03641,0.68568,0.00366,1,0,0.00000,13
0.43056,0.10430,5692.66211,0.08545,13808,1,0.51133,0.11104,1,0.57251,0.06608,1,0.54192,0.08856,1,0.34825,0.67486,17.61525,1.11864,1,0.59488,0.66472,18.06462,1.10947,1,-0.04181,-0.04067,0.72596,0.00399,1,0.02438,-0.03596,0.67728,0.00372,1,0,0.00000,13
0.43940,0.10219,5692.66211,0.09229,13808,1,0.53991,0.08140,1,0.58653,0.06392,1,0.56322,0.07266,1,0.34888,0.67455,17.83764,1.12867,1,0.59551,0.66459,17.88554,1.12867,1,-0.04181,-0.04067,0.72596,0.00386,1,0.02438,-0.03596,0.67728,0.00377,1,0,0.00000,13
0.44762,0.09755,5692.66211,0.09863,13808,1,0.54594,0.05238,1,0.59586,0.00340,1,0.57090,0.02789,1,0.34880,0.67450,17.94910,1.14786,1,0.59545,0.66449,17.70680,1.14786,1,-0.04181,-0.04067,0.72596,0.00389,1,0.02438,-0.03596,0.67728,0.00380,1,0,0.00000,13
0.47715,0.08062,5692.66211,0.09863,13808,0,0.54495,0.04465,1,0.59701,-0.00497,1,0.57098,0.01984,1,0.34899,0.67435,17.96834,1.15682,1,0.59560,0.66478,18.41183,1.15682,1,-0.04072,-0.03961,0.70803,0.00384,1,0.02434,-0.03572,0.67356,0.00373,1,0,0.00000,13
0.52340,0.06700,5692.66211,0.09863,13808,0,0.54300,0.07227,1,0.59630,0.03450,1,0.56965,0.05339,1,0.34886,0.67435,17.93405,1.14658,1,0.59560,0.66477,18.49566,1.14658,1,-0.04072,-0.03961,0.70803,0.00382,1,0.02434,-0.03572,0.67356,0.00373,1,0,0.00000,13
0.54109,0.05834,5692.66211,0.09863,13808,0,0.55375,0.05626,1,0.59919,0.02575,1,0.57647,0.04100,1,0.34904,0.67441,17.97836,1.13635,1,0.59562,0.66483,18.43977,1.13635,1,-0.04072,-0.03961,0.70803,0.00385,1,0.02434,-0.03572,0.67356,0.00372,1,0,0.00000,13
0.57435,0.04678,5692.66211,0.09863,13808,0,0.55483,0.06518,1,0.59904,0.02674,1,0.57694,0.04596,1,0.34901,0.67436,17.93605,1.12611,1,0.59577,0.66456,18.19807,1.13528,1,-0.04072,-0.03961,0.70803,0.00387,1,0.02560,-0.03743,0.70688,0.00375,1,0,0.00000,13
0.58030,0.04807,5692.66211,0.09863,13808,0,0.55695,0.08673,1,0.61553,0.01199,1,0.58624,0.04936,1,0.34911,0.67423,17.91757,1.13528,1,0.59579,0.66445,18.28364,1.14444,1,-0.04072,-0.03961,0.70803,0.00384,1,0.02560,-0.03743,0.70688,0.00374,1,0,0.00000,13
0.57804,0.04542,5692.66211,0.09863,13808,0,0.56097,0.08586,1,0.58607,-0.00561,1,0.57352,0.04012,1,0.34913,0.67431,17.99258,1.14444,1,0.59583,0.66446,18.42101,1.15361,1,-0.04072,-0.03961,0.70803,0.00384,1,0.02560,-0.03743,0.70688,0.00372,1,0,0.00000,13
0.57693,0.04206,5692.78809,0.02002,13809,1,0.56007,0.07815,1,0.58717,-0.01421,1,0.57362,0.03197,1,0.34915,0.67439,18.23594,1.15361,1,0.59578,0.66441,18.03025,1.16278,1,-0.04072,-0.03961,0.70803,0.00382,1,0.02516,-0.03663,0.69185,0.00376,1,0,0.00000,13
0.57321,0.03846,5692.78809,0.02686,13809,1,0.56445,0.07283,1,0.55220,-0.02467,1,0.55833,0.02408,1,0.34923,0.67418,18.24142,1.16278,1,0.59579,0.66437,17.88882,1.16278,1,-0.04072,-0.03961,0.70803,0.00382,1,0.02516,-0.03663,0.69185,0.00376,1,0,0.00000,13
0.57113,0.03097,5692.78809,0.03320,13809,1,0.56774,0.05781,1,0.55367,-0.07085,1,0.56070,-0.00652,1,0.34927,0.67411,17.91986,1.16278,1,0.59589,0.66416,17.67110,1.16278,1,-0.04072,-0.03961,0.70803,0.00382,1,0.02516,-0.03663,0.69185,0.00368,1,0,0.00000,13
0.56964,0.02561,5692.78809,0.04053,13809,1,0.56774,0.05781,1,0.55367,-0.07085,1,0.56070,-0.00652,1,0.34927,0.67397,17.60731,1.16278,1,0.59593,0.66403,17.97613,1.16278,1,-0.04072,-0.03961,0.70803,0.00386,1,0.02516,-0.03663,0.69185,0.00366,1,0,0.00000,13
0.56918,0.02216,5692.78809,0.04688,13809,1,0.56355,0.03351,1,0.56836,-0.03749,1,0.56595,-0.00199,1,0.34926,0.67394,17.66133,1.16278,1,0.59596,0.66420,17.94279,1.16278,1,-0.04072,-0.03961,0.70803,0.00386,1,0.02516,-0.03663,0.69185,0.00367,1,0,0.00000,13
0.56805,0.01860,5692.78809,0.05371,13809,1,0.55770,0.05221,1,0.56039,-0.07194,1,0.55904,-0.00986,1,0.34926,0.67398,17.62313,1.16278,1,0.59596,0.66420,17.94279,1.16278,1,-0.04072,-0.03961,0.70803,0.00385,1,0.02516,-0.03663,0.69185,0.00367,1,0,0.00000,13
0.56715,0.01576,5692.78809,0.06006,13809,1,0.55770,0.05221,1,0.56039,-0.07194,1,0.55904,-0.00986,1,0.34928,0.67401,17.47773,1.16278,1,0.59595,0.66423,17.84774,1.16278,1,-0.04072,-0.03961,0.70803,0.00385,1,0.02516,-0.03663,0.69185,0.00372,1,0,0.00000,13
0.56748,0.01256,5692.78809,0.06689,13809,1,0.56972,0.01871,1,0.57192,-0.05748,1,0.57082,-0.01939,1,0.34927,0.67402,17.43945,1.16278,1,0.59615,0.66409,18.17070,1.16278,1,-0.04072,-0.03961,0.70803,0.00387,1,0.02516,-0.03663,0.69185,0.00380,1,0,0.00000,13
0.56839,0.01090,5692.78809,0.07520,13809,1,0.57280,0.03492,1,0.58398,-0.04958,1,0.57839,-0.00733,1,0.34927,0.67404,17.55018,1.16278,1,0.59614,0.66421,18.40850,1.16278,1,-0.04072,-0.03961,0.70803,0.00382,1,0.02516,-0.03663,0.69185,0.00380,1,0,0.00000,13
0.56916,0.00950,5692.78809,0.08105,13809,1,0.57280,0.03492,1,0.58398,-0.04958,1,0.57839,-0.00733,1,0.34928,0.67407,17.41140,1.16278,1,0.59602,0.66439,18.30814,1.16278,1,-0.04072,-0.03961,0.70803,0.00386,1,0.02516,-0.03663,0.69185,0.00371,1,0,0.00000,13
0.56916,0.00900,5692.78809,0.08789,13809,1,0.55926,0.03506,1,0.57902,-0.03015,1,0.56914,0.00245,1,0.34929,0.67429,17.95979,1.16278,1,0.59600,0.66443,18.46927,1.16278,1,-0.04072,-0.03961,0.70803,0.00383,1,0.02516,-0.03663,0.69185,0.00371,1,0,0.00000,12
0.56884,0.00922,5692.78809,0.09521,13809,1,0.55723,0.04318,1,0.57134,-0.01852,1,0.56429,0.01233,1,0.34931,0.67424,18.15356,1.16278,1,0.59606,0.66442,18.31521,1.16278,1,-0.04072,-0.03961,0.70803,0.00383,1,0.02516,-0.03663,0.69185,0.00371,1,0,0.00000,12
0.56852,0.00968,5692.78809,0.10059,13809,1,0.55723,0.04318,1,0.57036,-0.00987,1,0.56380,0.01665,1,0.34927,0.67421,18.28859,1.16278,1,0.59606,0.66442,18.10077,1.15361,1,-0.04072,-0.03961,0.70803,0.00380,1,0.02461,-0.03596,0.67818,0.00373,1,0,0.00000,12
0.56781,0.00996,5692.78809,0.10693,13809,1,0.54824,0.05945,1,0.56473,-0.03086,1,0.55648,0.01429,1,0.34924,0.67425,18.08965,1.15361,1,0.59603,0.66442,18.28227,1.14444,1,-0.04072,-0.03961,0.70803,0.00379,1,0.02461,-0.03596,0.67818,0.00368,1,0,0.00000,12
0.56737,0.01047,5692.78809,0.11377,13809,1,0.55503,0.03858,1,0.56466,-0.00019,1,0.55984,0.01920,1,0.34919,0.67401,17.33340,1.14444,1,0.59601,0.66447,18.23083,1.13528,1,-0.04072,-0.03961,0.70803,0.00383,1,0.02461,-0.03596,0.67818,0.00368,1,0,0.00000,12
0.56697,0.01180,5692.78809,0.12207,13809,1,0.55690,0.05454,1,0.56276,0.01705,1,0.55983,0.03579,1,0.34911,0.67409,18.20233,1.12632,1,0.59593,0.66443,18.00542,1.11715,1,-0.03859,-0.03759,0.67189,0.00377,1,0.02477,-0.03615,0.68263,0.00367,1,0,0.00000,12
0.56655,0.01410,5692.78809,0.12744,13809,1,0.55861,0.09997,1,0.55855,0.01557,1,0.55858,0.05777,1,0.34902,0.67437,18.02438,1.10819,1,0.59605,0.66427,17.91462,1.10819,1,-0.03859,-0.03759,0.67189,0.00378,1,0.02477,-0.03615,0.68263,0.00368,1,0,0.00000,12
0.56596,0.01629,5692.78809,0.13379,13809,1,0.55229,0.10407,1,0.55590,0.01600,1,0.55410,0.06003,1,0.34903,0.67434,18.07803,1.09923,1,0.59596,0.66426,17.90618,1.09923,1,-0.03859,-0.03759,0.67189,0.00372,1,0.02477,-0.03615,0.68263,0.00366,1,0,0.00000,12
0.56542,0.01828,5692.78809,0.14062,13809,1,0.55229,0.10407,1,0.55590,0.01600,1,0.55410,0.06003,1,0.34907,0.67425,17.78813,1.09923,1,0.59590,0.66430,18.01469,1.09923,1,-0.04072,-0.03961,0.70803,0.00375,1,0.02477,-0.03615,0.68263,0.00369,1,0,0.00000,12
0.56491,0.01999,5692.78809,0.14746,13809,1,0.57070,0.10213,1,0.53678,0.01317,1,0.55374,0.05765,1,0.34903,0.67412,17.80581,1.10819,1,0.59589,0.66416,17.67110,1.10819,1,-0.04072,-0.03961,0.70803,0.00376,1,0.02477,-0.03615,0.68263,0.00367,1,0,0.00000,12
0.56534,0.02110,5692.78809,0.15381,13809,1,0.57716,0.08585,1,0.57310,0.00765,1,0.57513,0.04675,1,0.34901,0.67426,17.84027,1.11715,1,0.59586,0.66413,17.65253,1.11715,1,-0.04072,-0.03961,0.70803,0.00374,1,0.02477,-0.03615,0.68263,0.00366,1,0,0.00000,12
0.56576,0.02163,5692.78809,0.16016,13809,1,0.57637,0.07810,1,0.57515,-0.00972,1,0.57576,0.03419,1,0.34893,0.67393,17.04925,1.12611,1,0.59584,0.66414,17.67941,1.13528,1,-0.04072,-0.03961,0.70803,0.00383,1,0.02560,-0.03743,0.70688,0.00364,1,0,0.00000,12
0.56653,0.02023,5692.78809,0.16699,13809,1,0.55901,0.03557,1,0.61254,-0.06509,1,0.58578,-0.01476,1,0.34884,0.67394,17.38659,1.13528,1,0.59580,0.66402,17.73787,1.14444,1,-0.04072,-0.03961,0.70803,0.00379,1,0.02560,-0.03743,0.70688,0.00366,1,0,0.00000,12
0.56673,0.01912,5692.78809,0.17432,13809,1,0.55835,0.03967,1,0.58562,-0.05895,1,0.57199,-0.00964,1,0.34886,0.67402,17.14358,1.14444,1,0.59579,0.66405,17.77974,1.15361,1,-0.04072,-0.03961,0.70803,0.00380,1,0.02560,-0.03743,0.70688,0.00363,1,0,0.00000,12
0.56690,0.01795,5692.78809,0.18164,13809,1,0.55743,0.03161,1,0.58562,-0.05895,1,0.57152,-0.01367,1,0.34872,0.67386,17.49551,1.15361,1,0.59564,0.66383,17.30466,1.15361,1,-0.04075,-0.03954,0.70676,0.00372,1,0.02473,-0.03623,0.68428,0.00370,1,0,0.00000,12
0.56722,0.01669,5692.78809,0.18848,13809,1,0.54828,0.07427,1,0.60396,-0.11139,1,0.57612,-0.01856,1,0.34878,0.67390,17.46832,1.15361,1,0.59551,0.66402,17.64693,1.14444,1,-0.04075,-0.03954,0.70676,0.00375,1,0.02473,-0.03623,0.68428,0.00366,1,0,0.00000,12
0.56697,0.01710,5692.78809,0.19434,13809,1,0.52830,0.10137,1,0.59117,-0.04344,1,0.55974,0.02897,1,0.34868,0.67385,17.46496,1.14444,1,0.59523,0.66374,17.05248,1.13528,1,-0.04075,-0.03954,0.70676,0.00369,1,0.02473,-0.03623,0.68428,0.00365,1,0,0.00000,12
0.56675,0.01760,5692.78809,0.20166,13809,1,0.52945,0.10890,1,0.59117,-0.04344,1,0.56031,0.03273,1,0.34872,0.67369,17.31430,1.13528,1,0.59537,0.66382,17.65227,1.13528,1,-0.04075,-0.03944,0.70676,0.00377,1,0.02525,-0.03697,0.70013,0.00369,1,0,0.00000,12
0.56713,0.01813,5692.78809,0.20752,13809,1,0.57397,0.07223,1,0.58395,-0.00314,1,0.57896,0.03455,1,0.34866,0.67362,17.59151,1.13528,1,0.59536,0.66378,17.70644,1.14444,1,-0.04075,-0.03944,0.70676,0.00372,1,0.02525,-0.03697,0.70013,0.00368,1,0,0.00000,12
0.56713,0.01823,5692.78809,0.21436,13809,1,0.55569,0.03738,1,0.57826,0.00519,1,0.56697,0.02128,1,0.34856,0.67365,17.57712,1.14444,1,0.59535,0.66372,17.77811,1.15361,1,-0.04075,-0.03944,0.70676,0.00368,1,0.02525,-0.03697,0.70013,0.00368,1,0,0.00000,12
0.56711,0.01844,5692.78809,0.22119,13809,1,0.55567,0.03719,1,0.57724,0.01352,1,0.56645,0.02536,1,0.34849,0.67359,17.96121,1.14465,1,0.59529,0.66360,17.62224,1.14465,1,0.00000,0.00000,0.00000,0.00375,0,0.02438,-0.03576,0.67728,0.00371,1,0,0.00000,12
0.56665,0.01901,5692.78809,0.22852,13809,1,0.54611,0.07852,1,0.55563,-0.00161,1,0.55087,0.03845,1,0.34831,0.67341,17.93542,1.13569,1,0.59521,0.66342,17.54164,1.12653,1,0.00000,0.00000,0.00000,0.00369,0,0.02438,-0.03576,0.67728,0.00371,1,0,0.00000,12
0.56666,0.02021,5692.78809,0.23486,13809,1,0.56260,0.10965,1,0.57196,0.01488,1,0.56728,0.06227,1,0.34845,0.67355,18.10377,1.11757,1,0.59525,0.66360,17.66897,1.10840,1,0.00000,0.00000,0.00000,0.00373,0,0.02438,-0.03576,0.67728,0.00370,1,0,0.00000,12
0.56666,0.02189,5692.78809,0.24121,13809,1,0.56441,0.12490,1,0.56899,0.04005,1,0.56670,0.08248,1,0.34872,0.67353,18.01033,1.09944,1,0.59550,0.66372,17.37967,1.08219,1,-0.03992,-0.03863,0.69328,0.00367,1,0.02359,-0.03459,0.65414,0.00386,1,0,0.00000,12
0.56839,0.02358,5692.78809,0.24805,13809,1,0.61780,0.13884,1,0.64669,0.03287,1,0.63224,0.08586,1,0.34949,0.67340,17.86887,1.08219,1,0.59615,0.66397,17.55155,1.07410,1,-0.03992,-0.03863,0.69328,0.00375,1,0.02359,-0.03459,0.65414,0.00372,1,0,0.00000,12
0.57010,0.02423,5692.78809,0.25537,13809,1,0.62212,0.06818,1,0.64801,0.02953,1,0.63507,0.04885,1,0.34969,0.67322,16.90830,1.07410,1,0.59669,0.66400,17.54430,1.06601,1,-0.03992,-0.03863,0.69328,0.00375,1,0.02359,-0.03459,0.65414,0.00367,1,0,0.00000,12
0.57173,0.02482,5692.78809,0.26172,13809,1,0.62208,0.06738,1,0.64817,0.02868,1,0.63512,0.04803,1,0.35025,0.67304,16.89018,1.07497,1,0.59695,0.66408,17.68818,1.06688,1,-0.04038,-0.03917,0.70390,0.00373,1,0.02392,-0.03478,0.65782,0.00369,1,0,0.00000,12
0.57334,0.02480,5692.78809,0.26855,13809,1,0.62259,0.07179,1,0.65301,-0.02350,1,0.63780,0.02415,1,0.35029,0.67327,17.68836,1.07584,1,0.59706,0.66400,17.83772,1.07584,1,-0.04038,-0.03917,0.70390,0.00369,1,0.02392,-0.03478,0.65782,0.00362,1,0,0.00000,12
0.59343,0.04378,5692.78809,0.26855,13809,0,0.60407,0.06597,1,0.64259,-0.02332,1,0.62333,0.02132,1,0.35017,0.67324,17.88915,1.08480,1,0.59702,0.66404,17.71261,1.08480,1,-0.04038,-0.03917,0.70390,0.00360,1,0.02392,-0.03478,0.65782,0.00363,1,0,0.00000,12
0.60913,0.02820,5692.78809,0.26855,13809,0,0.60407,0.06597,1,0.64561,-0.04071,1,0.62484,0.01263,1,0.35001,0.67342,17.52331,1.08480,1,0.59673,0.66404,17.35184,1.10205,1,-0.03909,-0.03803,0.68059,0.00365,1,0.02534,-0.03699,0.69962,0.00372,1,0,0.00000,12
0.62437,0.02222,5692.78809,0.26855,13809,0,0.65169,0.08191,1,0.65801,-0.06140,1,0.65485,0.01026,1,0.34969,0.67352,17.53919,1.09309,1,0.59673,0.66388,17.39424,1.11035,1,-0.03909,-0.03803,0.68059,0.00371,1,0.02534,-0.03699,0.69962,0.00381,1,0,0.00000,12
0.63601,0.01778,5693.06299,0.01904,13810,1,0.64768,0.07962,1,0.69419,-0.07067,1,0.67093,0.00447,1,0.34970,0.67342,17.57870,1.10139,1,0.59663,0.66409,17.58066,1.11865,1,-0.03909,-0.03803,0.68059,0.00365,1,0.02534,-0.03699,0.69962,0.00367,1,0,0.00000,12
0.64312,0.01275,5693.06299,0.02637,13810,1,0.64718,0.06412,1,0.69590,-0.07887,1,0.67154,-0.00737,1,0.34963,0.67349,17.30024,1.11865,1,0.59650,0.66423,17.59714,1.12673,1,-0.04075,-0.03954,0.70676,0.00369,1,0.02434,-0.03561,0.67356,0.00376,1,0,0.00000,12
0.64274,0.01043,5693.06299,0.03271,13810,1,0.61869,0.05737,1,0.66305,-0.05972,1,0.64087,-0.00117,1,0.34960,0.67358,17.50009,1.13569,1,0.59629,0.66399,17.22308,1.12653,1,-0.04075,-0.03954,0.70676,0.00372,1,0.02434,-0.03561,0.67356,0.00374,1,0,0.00000,12
0.64193,0.00953,5693.06299,0.03906,13810,1,0.61238,0.07780,1,0.66168,-0.06961,1,0.63703,0.00409,1,0.34954,0.67357,17.40203,1.13548,1,0.59630,0.66393,17.20348,1.12632,1,-0.04075,-0.03954,0.70676,0.00368,1,0.02434,-0.03561,0.67356,0.00363,1,0,0.00000,12
0.64124,0.00992,5693.06299,0.04688,13810,1,0.61290,0.08573,1,0.66000,-0.06036,1,0.63645,0.01268,1,0.34928,0.67372,17.77446,1.12632,1,0.59611,0.66405,17.57819,1.11715,1,0.00000,0.00000,0.00000,0.00367,0,0.02468,-0.03626,0.68574,0.00364,1,0,0.00000,12
0.64482,0.01123,5693.06299,0.05322,13810,1,0.64255,0.09668,1,0.70435,-0.05324,1,0.67345,0.02172,1,0.34907,0.67381,17.61963,1.10819,1,0.59594,0.66408,17.71539,1.10819,1,0.00000,0.00000,0.00000,0.00370,0,0.02468,-0.03626,0.68574,0.00370,1,0,0.00000,12
0.64676,0.01122,5693.06299,0.05957,13810,1,0.63670,0.09298,1,0.69182,-0.07076,1,0.66426,0.01111,1,0.34895,0.67367,17.43461,1.09923,1,0.59599,0.66409,17.51894,1.09923,1,0.00000,0.00000,0.00000,0.00366,0,0.02468,-0.03626,0.68574,0.00374,1,0,0.00000,12
0.64828,0.01199,5693.06299,0.06689,13810,1,0.63704,0.10092,1,0.68991,-0.06152,1,0.66348,0.01970,1,0.34884,0.67365,17.30748,1.09028,1,0.59583,0.66378,16.97218,1.09028,1,-0.03968,-0.03826,0.68374,0.00382,1,0.02472,-0.03642,0.68970,0.00381,1,0,0.00000,12
0.64778,0.01578,5693.06299,0.07275,13810,1,0.62130,0.09197,1,0.66326,0.02307,1,0.64228,0.05752,1,0.34867,0.67376,17.45389,1.09028,1,0.59531,0.66376,16.80475,1.09028,1,-0.03968,-0.03826,0.68374,0.00374,1,0.02472,-0.03642,0.68970,0.00382,1,0,0.00000,12
0.64905,0.01778,5693.06299,0.08057,13810,1,0.68095,0.08403,1,0.64742,-0.00070,1,0.66418,0.04166,1,0.34860,0.67380,17.43116,1.09028,1,0.59546,0.66383,17.64506,1.09028,1,-0.03968,-0.03826,0.68374,0.00377,1,0.02472,-0.03642,0.68970,0.00367,1,0,0.00000,12
0.65019,0.01916,5693.06299,0.08691,13810,1,0.68095,0.08403,1,0.64906,-0.00970,1,0.66500,0.03716,1,0.34833,0.67374,17.63712,1.09028,1,0.59532,0.66412,17.83722,1.09944,1,-0.03968,-0.03826,0.68374,0.00370,1,0.02492,-0.03695,0.69979,0.00374,1,0,0.00000,12
0.64986,0.01660,5693.06299,0.09473,13810,1,0.65487,-0.00634,1,0.63568,-0.03226,1,0.64527,-0.01930,1,0.34824,0.67383,17.77124,1.09944,1,0.59537,0.66408,17.73878,1.10861,1,-0.03968,-0.03826,0.68374,0.00370,1,0.02492,-0.03695,0.69979,0.00374,1,0,0.00000,12
0.65121,0.01638,5693.06299,0.10107,13810,1,0.64448,0.04846,1,0.69864,-0.02225,1,0.67156,0.01311,1,0.34824,0.67387,17.25527,1.10861,1,0.59519,0.66403,17.93836,1.11778,1,-0.03968,-0.03826,0.68374,0.00373,1,0.02492,-0.03695,0.69979,0.00370,1,0,0.00000,12
0.65245,0.01544,5693.06299,0.10645,13810,1,0.64391,0.03180,1,0.70057,-0.03095,1,0.67224,0.00042,1,0.34800,0.67381,17.37806,1.12673,1,0.59510,0.66398,17.93217,1.12673,1,-0.04116,-0.03953,0.70653,0.00369,1,0.02420,-0.03600,0.68084,0.00370,1,0,0.00000,12
0.65211,0.01340,5693.06299,0.11426,13810,1,0.61304,0.00905,1,0.67957,-0.05168,1,0.64631,-0.02131,1,0.34796,0.67385,17.31573,1.13569,1,0.59469,0.66368,17.08024,1.12653,1,-0.04116,-0.03953,0.70653,0.00378,1,0.02420,-0.03600,0.68084,0.00395,1,0,0.00000,12
0.65172,0.01137,5693.06299,0.12305,13810,1,0.61725,-0.00802,1,0.67218,-0.04224,1,0.64472,-0.02513,1,0.34786,0.67383,17.35150,1.13548,1,0.59450,0.66376,17.28898,1.12632,1,-0.04116,-0.03953,0.70653,0.00372,1,0.02420,-0.03600,0.68084,0.00391,1,0,0.00000,12
0.65134,0.00999,5693.06299,0.13135,13810,1,0.61774,0.00061,1,0.67041,-0.03322,1,0.64407,-0.01630,1,0.34767,0.67386,17.27052,1.12632,1,0.59479,0.66387,17.76760,1.11715,1,-0.04036,-0.03871,0.69190,0.00370,1,0.02427,-0.03620,0.68568,0.00370,1,0,0.00000,12
0.65133,0.00900,5693.06299,0.13477,13810,1,0.65952,-0.00596,1,0.64298,-0.01549,1,0.65125,-0.01072,1,0.34772,0.67389,17.15120,1.10819,1,0.59455,0.66403,17.73302,1.10819,1,-0.04036,-0.03871,0.69190,0.00368,1,0.02427,-0.03620,0.68568,0.00383,1,0,0.00000,12
0.65160,0.00811,5693.06299,0.14014,13810,1,0.66966,0.02862,1,0.64468,-0.04983,1,0.65717,-0.01060,1,0.34779,0.67392,17.46988,1.09923,1,0.59454,0.66416,17.82596,1.09923,1,-0.04036,-0.03871,0.69190,0.00375,1,0.02427,-0.03620,0.68568,0.00377,1,0,0.00000,12
0.65184,0.00748,5693.06299,0.14697,13810,1,0.66976,0.03714,1,0.64471,-0.05004,1,0.65723,-0.00645,1,0.34742,0.67389,16.94531,1.09028,1,0.59455,0.66408,17.93063,1.09944,1,-0.04036,-0.03871,0.69190,0.00371,1,0.02520,-0.03773,0.71363,0.00372,1,0,0.00000,12
0.65212,0.00743,5693.06299,0.15381,13810,1,0.64472,0.04108,1,0.67220,-0.02814,1,0.65846,0.00647,1,0.34742,0.67398,17.62758,1.09944,1,0.59444,0.66405,18.07341,1.10861,1,-0.04036,-0.03871,0.69190,0.00367,1,0.02520,-0.03773,0.71363,0.00376,1,0,0.00000,12
0.65225,0.00698,5693.06299,0.16016,13810,1,0.64374,0.03258,1,0.66696,-0.04018,1,0.65535,-0.00380,1,0.34736,0.67408,17.61745,1.10861,1,0.59441,0.66407,18.07260,1.11778,1,-0.04036,-0.03871,0.69190,0.00367,1,0.02520,-0.03773,0.71363,0.00374,1,0,0.00000,12
0.65242,0.00590,5693.06299,0.16699,13810,1,0.64317,0.01566,1,0.67040,-0.05812,1,0.65678,-0.02123,1,0.34727,0.67403,17.66283,1.12673,1,0.59426,0.66380,17.65781,1.13590,1,-0.04119,-0.03935,0.70329,0.00373,1,0.02520,-0.03773,0.71363,0.00372,1,0,0.00000,12
0.65237,0.00408,5693.06299,0.17383,13810,1,0.63954,-0.01615,1,0.66234,-0.07047,1,0.65094,-0.04331,1,0.34727,0.67404,17.95364,1.14486,1,0.59426,0.66378,17.63570,1.14486,1,-0.04119,-0.03935,0.70329,0.00370,1,0.02520,-0.03773,0.71363,0.00371,1,0,0.00000,12
0.65286,0.00162,5693.06299,0.18066,13810,1,0.62967,-0.02418,1,0.70241,-0.10504,1,0.66604,-0.06461,1,0.34725,0.67413,17.55704,1.15382,1,0.59420,0.66370,18.01083,1.15382,1,-0.04119,-0.03935,0.70329,0.00373,1,0.02520,-0.03773,0.71363,0.00371,1,0,0.00000,12
0.65334,-0.00096,5693.06299,0.18799,13810,1,0.62929,-0.03263,1,0.70430,-0.11409,1,0.66680,-0.07336,1,0.34724,0.67419,17.78193,1.16278,1,0.59407,0.66376,17.96632,1.16278,1,-0.04119,-0.03935,0.70329,0.00370,1,0.02520,-0.03773,0.71363,0.00381,1,0,0.00000,12
0.65373,-0.00121,5693.06299,0.19385,13810,1,0.63011,-0.01494,1,0.70004,-0.00215,1,0.66507,-0.00855,1,0.34725,0.67417,17.79667,1.16278,1,0.59398,0.66363,17.70897,1.16278,1,-0.04119,-0.03935,0.70329,0.00372,1,0.02520,-0.03773,0.71363,0.00388,1,0,0.00000,12
0.65431,-0.00271,5693.06299,0.20068,13810,1,0.63900,-0.03537,1,0.70473,-0.05975,1,0.67186,-0.04756,1,0.34723,0.67417,17.96064,1.16278,1,0.59418,0.66379,17.98145,1.16278,1,-0.04119,-0.03935,0.70329,0.00367,1,0.02520,-0.03773,0.71363,0.00376,1,0,0.00000,12
0.65486,-0.00411,5693.06299,0.20752,13810,1,0.63900,-0.03537,1,0.70473,-0.05975,1,0.67186,-0.04756,1,0.34723,0.67412,17.97284,1.16278,1,0.59415,0.66355,17.82121,1.16278,1,-0.04119,-0.03935,0.70329,0.00371,1,0.02483,-0.03713,0.70316,0.00375,1,0,0.00000,12
0.66196,-0.03121,5693.06299,0.20752,13810,0,0.62884,-0.04492,1,0.70314,-0.06311,1,0.66599,-0.05402,1,0.34719,0.67403,18.08372,1.16278,1,0.59426,0.66351,17.97983,1.16278,1,-0.04119,-0.03935,0.70329,0.00369,1,0.02483,-0.03713,0.70316,0.00383,1,0,0.00000,12
0.65984,-0.04282,5693.06299,0.20752,13810,0,0.63811,-0.04744,1,0.67732,-0.06141,1,0.65771,-0.05443,1,0.34713,0.67396,17.98173,1.16278,1,0.59411,0.66354,17.58625,1.16278,1,-0.04119,-0.03935,0.70329,0.00370,1,0.02483,-0.03713,0.70316,0.00380,1,0,0.00000,12
0.65913,-0.04669,5693.06299,0.20752,13810,0,0.63811,-0.04744,1,0.67732,-0.06141,1,0.65771,-0.05443,1,0.34719,0.67399,18.09198,1.16278,1,0.59426,0.66351,17.97983,1.16278,1,-0.04119,-0.03935,0.70329,0.00369,1,0.02483,-0.03713,0.70316,0.00383,1,0,0.00000,12
0.65582,-0.04388,5693.27637,0.02100,13811,1,0.64474,-0.05042,1,0.64703,-0.02053,1,0.64588,-0.03547,1,0.34730,0.67401,17.89750,1.16278,1,0.59434,0.66364,18.06925,1.16278,1,-0.04119,-0.03935,0.70329,0.00370,1,0.02483,-0.03713,0.70316,0.00379,1,0,0.00000,12
0.65510,-0.04088,5693.27637,0.02686,13811,1,0.64800,0.00186,1,0.65643,-0.05958,1,0.65221,-0.02886,1,0.34735,0.67407,18.15216,1.16278,1,0.59443,0.66366,18.26221,1.16278,1,-0.04119,-0.03935,0.70329,0.00366,1,0.02483,-0.03713,0.70316,0.00382,1,0,0.00000,12
0.65437,-0.03673,5693.27637,0.03418,13811,1,0.64824,0.01008,1,0.65327,-0.04200,1,0.65076,-0.01596,1,0.34736,0.67407,18.12189,1.15382,1,0.59452,0.66379,17.94067,1.14465,1,-0.04036,-0.03871,0.69190,0.00365,1,0.02427,-0.03620,0.68568,0.00384,1,0,0.00000,12
0.65544,-0.03871,5693.27637,0.04102,13811,1,0.66519,-0.06997,1,0.65853,-0.03132,1,0.66186,-0.05064,1,0.34752,0.67360,17.34285,1.13569,1,0.59462,0.66379,17.97743,1.12653,1,-0.04036,-0.03871,0.69190,0.00376,1,0.02427,-0.03620,0.68568,0.00376,1,0,0.00000,12
0.65493,-0.03570,5693.27637,0.04736,13811,1,0.65546,-0.01355,1,0.64723,-0.01572,1,0.65134,-0.01463,1,0.34749,0.67391,17.09578,1.11757,1,0.59448,0.66375,17.87404,1.10840,1,-0.04036,-0.03871,0.69190,0.00372,1,0.02427,-0.03620,0.68568,0.00378,1,0,0.00000,12
0.65447,-0.03190,5693.27637,0.05420,13811,1,0.65585,0.00404,1,0.64565,-0.00695,1,0.65075,-0.00145,1,0.34733,0.67443,17.47797,1.09944,1,0.59431,0.66412,17.89409,1.09944,1,-0.04036,-0.03892,0.69190,0.00375,1,0.02483,-0.03723,0.70316,0.00377,1,0,0.00000,12
0.64967,-0.01944,5693.27637,0.06104,13811,1,0.58468,0.14271,1,0.62829,0.04270,1,0.60649,0.09271,1,0.34650,0.67550,17.42431,1.09944,1,0.59342,0.66513,17.84901,1.10861,1,-0.04036,-0.03892,0.69190,0.00371,1,0.02483,-0.03723,0.70316,0.00362,1,0,0.00000,12
0.63990,-0.00373,5693.27637,0.06885,13811,1,0.51435,0.14171,1,0.56996,0.16496,1,0.54216,0.15334,1,0.34637,0.67601,17.80733,1.10861,1,0.59239,0.66552,17.42632,1.11778,1,-0.04036,-0.03892,0.69190,0.00371,1,0.02483,-0.03723,0.70316,0.00373,1,0,0.00000,12
0.63171,0.00743,5693.27637,0.07373,13811,1,0.51033,0.11875,1,0.57313,0.14173,1,0.54173,0.13024,1,0.34513,0.67723,16.84310,1.13697,1,0.59121,0.66635,17.41329,1.14614,1,-0.04303,-0.04156,0.73193,0.00385,1,0.02439,-0.03768,0.70554,0.00372,1,0,0.00000,12
0.62094,0.02115,5693.27637,0.08105,13811,1,0.46249,0.19431,1,0.52071,0.17713,1,0.49160,0.18572,1,0.34406,0.67819,17.37888,1.16534,1,0.59031,0.66669,17.90855,1.16534,1,-0.04303,-0.04156,0.73193,0.00376,1,0.02439,-0.03768,0.70554,0.00371,1,0,0.00000,12
0.61148,0.03021,5693.27637,0.08789,13811,1,0.45641,0.19756,1,0.52062,0.09856,1,0.48851,0.14806,1,0.34409,0.67816,17.39515,1.18453,1,0.59032,0.66703,17.63783,1.18453,1,-0.04303,-0.04156,0.73193,0.00376,1,0.02439,-0.03768,0.70554,0.00368,1,0,0.00000,12
0.58932,0.05926,5693.27637,0.08789,13811,0,0.45641,0.19756,1,0.52062,0.09856,1,0.48851,0.14806,1,0.34410,0.67814,17.75588,1.18453,1,0.59041,0.66714,17.80820,1.18453,1,-0.03975,-0.03834,0.67446,0.00377,1,0.02406,-0.03723,0.69616,0.00370,1,0,0.00000,12
0.54154,0.12098,5693.27637,0.08789,13811,0,0.47811,0.25664,1,0.50942,0.10878,1,0.49377,0.18271,1,0.34419,0.67813,17.48128,1.16534,1,0.59081,0.66677,17.74041,1.16534,1,-0.03975,-0.03834,0.67446,0.00378,1,0.02406,-0.03723,0.69616,0.00367,1,0,0.00000,12
0.51995,0.13888,5693.27637,0.08789,13811,0,0.44427,0.23148,1,0.50925,0.11786,1,0.47676,0.17467,1,0.34432,0.67791,17.57580,1.14614,1,0.59092,0.66678,17.47077,1.14614,1,-0.03975,-0.03834,0.67446,0.00369,1,0.02406,-0.03723,0.69616,0.00367,1,0,0.00000,12
0.48278,0.18358,5693.27637,0.08789,13811,0,0.44804,0.24487,1,0.50757,0.14183,1,0.47780,0.19335,1,0.34461,0.67787,17.84050,1.12694,1,0.59103,0.66686,17.83075,1.11778,1,-0.04017,-0.03890,0.68509,0.00367,1,0.02319,-0.03564,0.66648,0.00370,1,0,0.00000,12
0.47161,0.19437,5693.27637,0.08789,13811,0,0.44835,0.26266,1,0.47255,0.14766,1,0.46045,0.20516,1,0.34471,0.67809,18.14572,1.11778,1,0.59118,0.66701,17.73536,1.10861,1,-0.04017,-0.03890,0.68509,0.00373,1,0.02319,-0.03564,0.66648,0.00364,1,0,0.00000,12
0.47173,0.20228,5693.27637,0.08789,13811,0,0.45653,0.27885,1,0.48740,0.15739,1,0.47197,0.21812,1,0.34468,0.67797,18.00791,1.10861,1,0.59132,0.66709,17.84261,1.09944,1,-0.04017,-0.03890,0.68509,0.00370,1,0.02319,-0.03564,0.66648,0.00362,1,0,0.00000,12
0.47192,0.20885,5693.39111,0.02002,13812,1,0.45830,0.28511,1,0.48665,0.17200,1,0.47248,0.22855,1,0.34476,0.67794,17.62346,1.09944,1,0.59143,0.66703,17.52682,1.08219,1,-0.03998,-0.03877,0.68191,0.00381,1,0.02295,-0.03505,0.65540,0.00369,1,0,0.00000,12
0.47730,0.21185,5693.39111,0.02686,13812,1,0.48193,0.28030,1,0.51577,0.16733,1,0.49885,0.22382,1,0.34489,0.67791,17.95330,1.08219,1,0.59166,0.66679,17.55545,1.07410,1,-0.03998,-0.03877,0.68191,0.00376,1,0.02295,-0.03505,0.65540,0.00366,1,0,0.00000,12
0.48235,0.21680,5693.39111,0.03369,13812,1,0.50118,0.30620,1,0.51396,0.17690,1,0.50757,0.24155,1,0.34493,0.67791,17.96752,1.07410,1,0.59180,0.66690,17.87334,1.06601,1,-0.03998,-0.03877,0.68191,0.00368,1,0.02295,-0.03505,0.65540,0.00367,1,0,0.00000,12
0.48598,0.21974,5693.39111,0.04053,13812,1,0.50104,0.30560,1,0.51457,0.16926,1,0.50780,0.23743,1,0.34504,0.67781,17.76286,1.07497,1,0.59191,0.66703,17.75064,1.07497,1,-0.04119,-0.03988,0.70329,0.00373,1,0.02410,-0.03668,0.68682,0.00367,1,0,0.00000,12
0.48389,0.22126,5693.39111,0.04688,13812,1,0.46585,0.27955,1,0.47264,0.18417,1,0.46924,0.23186,1,0.34539,0.67786,17.82962,1.08393,1,0.59204,0.66713,17.93153,1.09202,1,-0.04119,-0.03988,0.70329,0.00368,1,0.02410,-0.03668,0.68682,0.00365,1,0,0.00000,12
0.48176,0.21859,5693.39111,0.05371,13812,1,0.44508,0.27619,1,0.48435,0.11825,1,0.46472,0.19722,1,0.34544,0.67791,17.67733,1.10098,1,0.59217,0.66700,17.99780,1.10906,1,-0.04119,-0.03988,0.70329,0.00374,1,0.02410,-0.03668,0.68682,0.00367,1,0,0.00000,12
0.47999,0.21582,5693.39111,0.06006,13812,1,0.44343,0.27063,1,0.48468,0.11117,1,0.46405,0.19090,1,0.34552,0.67808,18.05664,1.10906,1,0.59242,0.66670,17.44630,1.11715,1,-0.04036,-0.03928,0.69190,0.00373,1,0.02382,-0.03619,0.67583,0.00368,1,0,0.00000,12
0.48030,0.21574,5693.39111,0.06641,13812,1,0.45319,0.26210,1,0.51359,0.16788,1,0.48339,0.21499,1,0.34551,0.67794,17.67881,1.10819,1,0.59256,0.66669,17.66388,1.10819,1,-0.04036,-0.03928,0.69190,0.00379,1,0.02382,-0.03619,0.67583,0.00363,1,0,0.00000,12
0.48115,0.21617,5693.39111,0.07324,13812,1,0.46462,0.27782,1,0.51637,0.16379,1,0.49049,0.22081,1,0.34556,0.67808,18.10534,1.09924,1,0.59254,0.66693,17.55665,1.09924,1,-0.04036,-0.03928,0.69190,0.00376,1,0.02382,-0.03619,0.67583,0.00366,1,0,0.00000,12
0.48191,0.21705,5693.39111,0.07959,13812,1,0.46630,0.28401,1,0.51576,0.17130,1,0.49103,0.22766,1,0.34554,0.67798,17.73199,1.09028,1,0.59263,0.66692,17.49926,1.09028,1,-0.04036,-0.03928,0.69190,0.00374,1,0.02396,-0.03620,0.67696,0.00364,1,0,0.00000,12
0.48123,0.21794,5693.39111,0.08643,13812,1,0.47709,0.28585,1,0.46773,0.17314,1,0.47241,0.22949,1,0.34566,0.67784,17.83133,1.09028,1,0.59277,0.66702,17.63734,1.09028,1,-0.04036,-0.03928,0.69190,0.00374,1,0.02396,-0.03620,0.67696,0.00369,1,0,0.00000,12
0.48002,0.21935,5693.39111,0.09375,13812,1,0.44990,0.27541,1,0.47626,0.20269,1,0.46308,0.23905,1,0.34581,0.67799,17.61184,1.09028,1,0.59301,0.66699,18.06127,1.09028,1,-0.04036,-0.03928,0.69190,0.00369,1,0.02396,-0.03620,0.67696,0.00367,1,0,0.00000,12
0.47891,0.22015,5693.39111,0.10107,13812,1,0.44809,0.26918,1,0.47657,0.19540,1,0.46233,0.23229,1,0.34634,0.67790,17.89181,1.09924,1,0.59305,0.66697,17.77183,1.09924,1,-0.04086,-0.03986,0.70306,0.00371,1,0.02403,-0.03621,0.67622,0.00367,1,0,0.00000,12
0.47882,0.22062,5693.39111,0.10693,13812,1,0.45378,0.28402,1,0.50088,0.17213,1,0.47733,0.22808,1,0.34629,0.67805,18.09037,1.10819,1,0.59317,0.66684,17.77844,1.10819,1,-0.04086,-0.03986,0.70306,0.00375,1,0.02403,-0.03621,0.67622,0.00362,1,0,0.00000,12
0.47905,0.21971,5693.39111,0.11328,13812,1,0.44773,0.25181,1,0.51830,0.15648,1,0.48301,0.20415,1,0.34625,0.67793,17.96150,1.11715,1,0.59330,0.66689,17.74590,1.11715,1,-0.04086,-0.03986,0.70306,0.00371,1,0.02403,-0.03621,0.67622,0.00368,1,0,0.00000,12
0.47928,0.21869,5693.39111,0.12012,13812,1,0.44773,0.25181,1,0.51893,0.14886,1,0.48333,0.20034,1,0.34631,0.67798,17.70748,1.11715,1,0.59338,0.66692,17.40238,1.12632,1,-0.03968,-0.03882,0.68374,0.00382,1,0.02492,-0.03747,0.69979,0.00369,1,0,0.00000,12
0.47880,0.21827,5693.39111,0.12744,13812,1,0.47635,0.26231,1,0.46298,0.15859,1,0.46967,0.21045,1,0.34644,0.67795,18.16459,1.11736,1,0.59338,0.66694,17.45967,1.12653,1,-0.03968,-0.03882,0.68374,0.00375,1,0.02492,-0.03747,0.69979,0.00372,1,0,0.00000,12
0.47875,0.21819,5693.39111,0.13379,13812,1,0.48222,0.27715,1,0.47337,0.15572,1,0.47779,0.21643,1,0.34641,0.67807,17.98944,1.11757,1,0.59350,0.66693,17.64269,1.12674,1,-0.03968,-0.03882,0.68374,0.00372,1,0.02492,-0.03747,0.69979,0.00367,1,0,0.00000,12
0.47870,0.21827,5693.39111,0.14111,13812,1,0.48219,0.27701,1,0.47309,0.16314,1,0.47764,0.22007,1,0.34644,0.67794,17.84164,1.11778,1,0.59341,0.66695,17.65465,1.11778,1,-0.03968,-0.03877,0.68374,0.00374,1,0.02409,-0.03599,0.67211,0.00364,1,0,0.00000,12
0.47865,0.21802,5693.39111,0.14746,13812,1,0.46268,0.24437,1,0.49228,0.18035,1,0.47748,0.21236,1,0.34654,0.67781,17.95452,1.11778,1,0.59375,0.66706,17.64048,1.10861,1,-0.03968,-0.03877,0.68374,0.00376,1,0.02409,-0.03599,0.67211,0.00369,1,0,0.00000,12
0.47875,0.21784,5693.39111,0.15381,13812,1,0.47129,0.25436,1,0.49091,0.17347,1,0.48110,0.21392,1,0.34690,0.67791,17.64529,1.10861,1,0.59388,0.66699,17.55135,1.09944,1,-0.03968,-0.03877,0.68374,0.00376,1,0.02409,-0.03599,0.67211,0.00369,1,0,0.00000,12
0.47887,0.21797,5693.39111,0.16064,13812,1,0.47294,0.26084,1,0.49048,0.18110,1,0.48171,0.22097,1,0.34705,0.67813,18.00135,1.09944,1,0.59406,0.66701,17.73152,1.09028,1,0.00000,0.00000,0.00000,0.00379,0,0.02409,-0.03599,0.67211,0.00369,1,0,0.00000,12
0.47850,0.21849,5693.39111,0.16748,13812,1,0.45837,0.27353,1,0.48042,0.18942,1,0.46940,0.23148,1,0.34712,0.67791,17.87435,1.09028,1,0.59412,0.66695,17.35647,1.09028,1,0.00000,0.00000,0.00000,0.00384,0,0.02409,-0.03599,0.67211,0.00376,1,0,0.00000,12
0.47845,0.21878,5693.39111,0.17383,13812,1,0.46743,0.25588,1,0.48654,0.19654,1,0.47699,0.22621,1,0.34707,0.67790,17.84102,1.09028,1,0.59419,0.66694,17.36489,1.09028,1,0.00000,0.00000,0.00000,0.00379,0,0.02409,-0.03599,0.67211,0.00371,1,0,0.00000,12
0.47840,0.21904,5693.39111,0.18066,13812,1,0.46743,0.25588,1,0.48654,0.19654,1,0.47699,0.22621,1,0.34715,0.67788,17.89491,1.09028,1,0.59421,0.66698,17.52257,1.09028,1,0.00000,0.00000,0.00000,0.00376,0,0.02438,-0.03627,0.67728,0.00367,1,0,0.00000,12
0.47841,0.21971,5693.39111,0.18750,13812,1,0.47953,0.26192,1,0.47814,0.21521,1,0.47884,0.23856,1,0.34737,0.67774,17.88966,1.09028,1,0.59430,0.66706,17.70164,1.09028,1,0.00000,0.00000,0.00000,0.00380,0,0.02438,-0.03627,0.67728,0.00370,1,0,0.00000,12
0.47871,0.22008,5693.39111,0.19385,13812,1,0.49470,0.26055,1,0.48029,0.20083,1,0.48749,0.23069,1,0.34745,0.67766,17.79676,1.09028,1,0.59428,0.66713,17.39928,1.09028,1,0.00000,0.00000,0.00000,0.00374,0,0.02438,-0.03627,0.67728,0.00367,1,0,0.00000,12
0.47897,0.22031,5693.39111,0.20068,13812,1,0.49324,0.25414,1,0.48032,0.20012,1,0.48678,0.22713,1,0.34737,0.67779,18.00681,1.09924,1,0.59458,0.66717,17.66585,1.09115,1,-0.04075,-0.03997,0.70676,0.00375,1,0.02359,-0.03502,0.65396,0.00370,1,0,0.00000,12
0.47923,0.22032,5693.39111,0.20801,13812,1,0.47177,0.24351,1,0.50242,0.19791,1,0.48709,0.22071,1,0.34760,0.67774,18.08004,1.10011,1,0.59472,0.66697,17.93648,1.09202,1,-0.04075,-0.03997,0.70676,0.00381,1,0.02359,-0.03502,0.65396,0.00366,1,0,0.00000,12
0.47962,0.22016,5693.39111,0.21387,13812,1,0.47589,0.24549,1,0.50847,0.18458,1,0.49218,0.21504,1,0.34760,0.67777,17.99963,1.10098,1,0.59480,0.66714,17.55881,1.09289,1,-0.04075,-0.03997,0.70676,0.00379,1,0.02359,-0.03502,0.65396,0.00370,1,0,0.00000,12
0.48001,0.22009,5693.39111,0.22070,13812,1,0.47732,0.25131,1,0.50847,0.18458,1,0.49290,0.21795,1,0.34765,0.67784,18.11105,1.09289,1,0.59484,0.66707,17.59072,1.09289,1,-0.03857,-0.03803,0.67154,0.00380,1,0.02473,-0.03664,0.68428,0.00372,1,0,0.00000,12
0.48018,0.21972,5693.39111,0.22754,13812,1,0.45878,0.24328,1,0.51328,0.17098,1,0.48603,0.20713,1,0.34781,0.67789,18.32043,1.08393,1,0.59493,0.66698,17.65651,1.09202,1,-0.03857,-0.03803,0.67154,0.00381,1,0.02473,-0.03664,0.68428,0.00367,1,0,0.00000,12
0.48034,0.21962,5693.39111,0.23486,13812,1,0.45876,0.24645,1,0.51321,0.18586,1,0.48599,0.21615,1,0.34778,0.67777,18.09809,1.08306,1,0.59492,0.66703,17.72229,1.09115,1,-0.03857,-0.03803,0.67154,0.00381,1,0.02473,-0.03664,0.68428,0.00366,1,0,0.00000,12
0.48051,0.21945,5693.39111,0.24072,13812,1,0.45893,0.24708,1,0.51376,0.17901,1,0.48635,0.21305,1,0.34761,0.67743,17.13259,1.08219,1,0.59490,0.66695,17.35647,1.09944,1,-0.03859,-0.03800,0.67189,0.00395,1,0.02537,-0.03751,0.70055,0.00375,1,0,0.00000,12
0.48085,0.21934,5693.39111,0.24707,13812,1,0.45594,0.24304,1,0.53155,0.18794,1,0.49374,0.21549,1,0.34774,0.67768,17.72713,1.09944,1,0.59505,0.66709,17.48092,1.10861,1,-0.03859,-0.03800,0.67189,0.00386,1,0.02537,-0.03751,0.70055,0.00377,1,0,0.00000,12
0.48107,0.21903,5693.39111,0.25391,13812,1,0.44764,0.23467,1,0.53114,0.17997,1,0.48939,0.20732,1,0.34772,0.67747,17.21582,1.10861,1,0.59508,0.66702,17.41863,1.11778,1,-0.03859,-0.03800,0.67189,0.00394,1,0.02537,-0.03751,0.70055,0.00374,1,0,0.00000,12
0.48127,0.21857,5693.39111,0.26123,13812,1,0.44580,0.22808,1,0.53187,0.17255,1,0.48884,0.20032,1,0.34775,0.67740,17.23826,1.11778,1,0.59499,0.66698,17.47687,1.12694,1,-0.03909,-0.03864,0.68059,0.00392,1,0.02537,-0.03751,0.70055,0.00370,1,0,0.00000,12
0.48140,0.21811,5693.39111,0.26758,13812,1,0.44343,0.24317,1,0.52992,0.15611,1,0.48668,0.19964,1,0.34792,0.67778,18.12131,1.12694,1,0.59491,0.66700,17.43394,1.12694,1,-0.03909,-0.03864,0.68059,0.00382,1,0.02537,-0.03751,0.70055,0.00375,1,0,0.00000,12
0.48148,0.21765,5693.39111,0.27441,13812,1,0.44492,0.24181,1,0.52489,0.15624,1,0.48490,0.19903,1,0.34783,0.67785,18.05390,1.12694,1,0.59505,0.66705,17.48825,1.12694,1,-0.03909,-0.03864,0.68059,0.00383,1,0.02537,-0.03751,0.70055,0.00375,1,0,0.00000,12
0.48156,0.21722,5693.39111,0.28271,13812,1,0.44492,0.24181,1,0.52489,0.15624,1,0.48490,0.19903,1,0.34782,0.67785,18.08007,1.12694,1,0.59499,0.66706,17.41926,1.12694,1,-0.03859,-0.03820,0.67189,0.00384,1,0.02525,-0.03738,0.69709,0.00374,1,0,0.00000,12
0.48126,0.21641,5693.39111,0.28760,13812,1,0.43410,0.17185,1,0.50204,0.19152,1,0.46807,0.18169,1,0.34782,0.67783,17.99458,1.12694,1,0.59494,0.66698,17.21562,1.12694,1,-0.03859,-0.03820,0.67189,0.00384,1,0.02525,-0.03738,0.69709,0.00376,1,0,0.00000,12
0.48107,0.21595,5693.39111,0.29395,13812,1,0.42962,0.19234,1,0.51640,0.19877,1,0.47301,0.19555,1,0.34784,0.67800,18.21660,1.12694,1,0.59489,0.66713,17.29158,1.12694,1,-0.03859,-0.03820,0.67189,0.00382,1,0.02525,-0.03738,0.69709,0.00374,1,0,0.00000,12
0.48086,0.21526,5693.39111,0.30127,13812,1,0.42557,0.17816,1,0.51706,0.19088,1,0.47132,0.18452,1,0.34781,0.67791,18.36647,1.14614,1,0.59490,0.66720,17.26015,1.13697,1,0.00000,0.00000,0.00000,0.00381,0,0.02441,-0.03627,0.67551,0.00375,1,0,0.00000,12
0.48128,0.21474,5693.39111,0.30811,13812,1,0.48604,0.17657,1,0.51501,0.20487,1,0.50053,0.19072,1,0.34762,0.67818,18.03940,1.15617,1,0.59483,0.66723,17.35870,1.14700,1,0.00000,0.00000,0.00000,0.00388,0,0.02441,-0.03627,0.67551,0.00373,1,0,0.00000,12
0.48158,0.21405,5693.39111,0.31445,13812,1,0.49073,0.18206,1,0.50047,0.18102,1,0.49560,0.18154,1,0.34757,0.67814,18.00980,1.16620,1,0.59477,0.66717,17.31814,1.15703,1,0.00000,0.00000,0.00000,0.00386,0,0.02441,-0.03627,0.67551,0.00371,1,0,0.00000,12
0.48185,0.21415,5693.39111,0.32129,13812,1,0.49215,0.18878,1,0.50000,0.18820,1,0.49607,0.18849,1,0.34759,0.67819,17.91775,1.15703,1,0.59475,0.66734,17.71256,1.14787,1,0.00000,0.00000,0.00000,0.00387,0,0.02438,-0.03637,0.67728,0.00368,1,0,0.00000,12
0.48248,0.21382,5693.39111,0.32812,13812,1,0.48992,0.23218,1,0.49148,0.14598,1,0.49070,0.18908,1,0.34755,0.67814,17.64000,1.12867,1,0.59451,0.66726,17.35491,1.12867,1,0.00000,0.00000,0.00000,0.00390,0,0.02438,-0.03637,0.67728,0.00374,1,0,0.00000,12
0.48263,0.21347,5693.39111,0.33496,13812,1,0.48136,0.22499,1,0.47656,0.17823,1,0.47896,0.20161,1,0.34751,0.67805,18.04930,1.10947,1,0.59451,0.66726,17.35491,1.10947,1,0.00000,0.00000,0.00000,0.00388,0,0.02438,-0.03637,0.67728,0.00374,1,0,0.00000,12
0.48279,0.21322,5693.39111,0.34131,13812,1,0.48464,0.23905,1,0.47591,0.19399,1,0.48028,0.21652,1,0.34727,0.67797,17.75305,1.09028,1,0.59435,0.66724,17.55622,1.09028,1,0.00000,0.00000,0.00000,0.00383,0,0.02438,-0.03637,0.67728,0.00376,1,0,0.00000,12
0.48274,0.21280,5693.39111,0.34814,13812,1,0.47571,0.21953,1,0.51709,0.18714,1,0.49640,0.20334,1,0.34731,0.67784,17.92223,1.09028,1,0.59435,0.66724,17.55622,1.09028,1,0.00000,0.00000,0.00000,0.00387,0,0.02438,-0.03637,0.67728,0.00376,1,0,0.00000,12
0.48208,0.21265,5693.39111,0.35498,13812,1,0.47664,0.24563,1,0.47457,0.22364,1,0.47561,0.23464,1,0.34724,0.67791,17.79911,1.09028,1,0.59431,0.66723,17.41080,1.09028,1,0.00000,0.00000,0.00000,0.00385,0,0.02438,-0.03637,0.67728,0.00375,1,0,0.00000,12
